<?xml version="1.0" encoding="UTF-8" standalone="no"?>
<!-- Created with Inkscape (http://www.inkscape.org/) -->
<svg
   xmlns:dc="http://purl.org/dc/elements/1.1/"
   xmlns:cc="http://creativecommons.org/ns#"
   xmlns:rdf="http://www.w3.org/1999/02/22-rdf-syntax-ns#"
   xmlns:svg="http://www.w3.org/2000/svg"
   xmlns="http://www.w3.org/2000/svg"
   xmlns:sodipodi="http://sodipodi.sourceforge.net/DTD/sodipodi-0.dtd"
   xmlns:inkscape="http://www.inkscape.org/namespaces/inkscape"
   id="svg2"
   sodipodi:version="0.32"
   inkscape:version="0.46dev+devel"
   width="451.27469"
   height="499.79919"
   version="1.0"
   sodipodi:docname="Camellia_.svg"
   inkscape:output_extension="org.inkscape.output.svg.inkscape">
  <metadata
     id="metadata7">
    <rdf:RDF>
      <cc:Work
         rdf:about="">
        <dc:format>image/svg+xml</dc:format>
        <dc:type
           rdf:resource="http://purl.org/dc/dcmitype/StillImage" />
      </cc:Work>
    </rdf:RDF>
  </metadata>
  <defs
     id="defs5" />
  <sodipodi:namedview
     inkscape:window-height="744"
     inkscape:window-width="1280"
     inkscape:pageshadow="2"
     inkscape:pageopacity="0.0"
     guidetolerance="10.0"
     gridtolerance="10.0"
     objecttolerance="10.0"
     borderopacity="1.0"
     bordercolor="#666666"
     pagecolor="#ffffff"
     id="base"
     showgrid="false"
     height="500px"
     inkscape:zoom="0.63351725"
     inkscape:cx="238.01669"
     inkscape:cy="189.02978"
     inkscape:window-x="-4"
     inkscape:window-y="-4"
     inkscape:current-layer="svg2" />
  <path
     style="fill:#000000"
     d="M 237.55975,499.26358 C 235.89524,498.23485 235.87165,496.85531 237.4264,491.46446 C 238.46528,487.86234 240.31517,478.81765 241.53729,471.36515 C 242.75939,463.91265 246.40857,446.29766 249.64656,432.22072 C 257.16333,399.54198 258.62886,388.88399 258.03099,371.24573 C 257.52297,356.25793 253.73715,343.99892 249.06272,342.20517 C 247.81613,341.72681 240.12826,341.69721 231.97854,342.13938 C 207.97562,343.4417 191.97169,337.89932 177.39104,323.23495 L 170.48867,316.29297 L 151.82171,315.78903 C 135.7438,315.35498 131.77631,315.74414 123.21616,318.59486 C 117.74994,320.41524 111.68871,323.35201 109.7468,325.12102 C 104.73997,329.68203 98.669248,340.50472 96.644336,348.47965 C 95.694015,352.22238 94.164552,355.53527 93.245501,355.84162 C 87.794638,357.65857 82.58197,320.90041 86.134749,305.69874 C 89.176166,292.68512 97.027651,276.74672 104.57939,268.25637 C 108.1929,264.19374 110.94876,259.78999 110.70352,258.47026 C 110.45827,257.15054 107.88836,254.83817 104.99259,253.33167 C 100.65158,251.07328 97.547715,250.74452 87.306748,251.4585 C 75.469096,252.28379 74.885919,252.17807 74.885919,249.2066 C 74.885919,246.79523 77.433619,244.91163 86.129434,240.8939 C 101.49083,233.7965 116.49567,230.91761 135.06696,231.50455 C 151.0867,232.01086 153.13752,230.98837 147.84099,225.13578 C 146.56351,223.72419 145.11449,219.94458 144.62097,216.73668 C 143.24884,207.81806 142.1365,207.09836 133.9293,209.81893 C 128.94969,211.4696 120.97904,212.17256 107.25535,212.17142 C 89.497391,212.16993 86.636445,211.77815 76.391474,207.94493 C 70.181059,205.62126 60.357312,201.20586 54.560925,198.13296 C 48.764538,195.06005 41.230349,192.10935 37.818294,191.57585 C 30.636661,190.45294 20.054747,193.19608 13.463833,197.88923 C 6.3831477,202.93113 1.1644722,204.50766 0.16625896,201.90635 C -1.3282002,198.01185 7.5413411,182.9711 15.169371,176.46445 C 19.173726,173.04877 26.982167,166.13749 32.52145,161.10606 C 48.492439,146.59931 58.108931,141.94142 77.408416,139.36438 C 83.059517,138.60979 91.409386,137.35184 95.96369,136.56892 C 100.51799,135.786 108.98674,135.4596 114.78313,135.84356 C 125.19095,136.53301 125.39222,136.4749 130.96784,131.17071 C 134.07305,128.21666 136.63522,124.96197 136.66155,123.93804 C 136.78465,119.15213 147.4523,110.78469 153.43079,110.78469 C 157.28138,110.78469 157.61322,110.44057 156.23886,107.87256 C 154.27919,104.21088 154.21232,98.740251 156.12724,98.740251 C 158.51184,98.740251 163.39233,92.699421 164.45788,88.428974 C 165.00565,86.233649 166.3665,83.421227 167.482,82.179144 C 168.59751,80.937061 169.73035,77.888312 169.99942,75.404149 C 170.59988,69.860686 172.86147,67.932916 182.53311,64.720447 C 186.67339,63.34524 191.07714,61.433466 192.31922,60.472063 C 193.5613,59.510659 196.9488,57.537415 199.84699,56.087076 C 202.74519,54.636737 206.81019,52.471623 208.88032,51.275709 C 212.99076,48.901125 222.48505,48.318656 224.76393,50.30126 C 226.03223,51.404663 241.89715,54.384221 254.69924,55.923348 C 257.58965,56.270849 260.83989,58.277117 263.39003,61.287914 C 266.3911,64.831093 267.97669,65.692537 269.41224,64.559751 C 273.08739,61.65972 279.10918,61.181926 288.31564,63.059877 C 293.38445,64.093821 298.02555,65.433677 298.6292,66.037335 C 299.23287,66.640993 304.53628,62.559229 310.41458,56.966748 C 324.36495,43.694678 327.63554,41.055579 340.22965,32.908504 C 353.21779,24.506518 383.61404,9.9125017 388.12547,9.9125017 C 389.95279,9.9125017 397.62577,7.7896841 405.17655,5.1951293 C 416.73079,1.2249294 421.46871,0.4208997 435.08996,0.11879045 C 449.80356,-0.20754615 451.27468,0.0061147531 451.27468,2.4693911 C 451.27468,4.0313142 446.92161,8.5727112 440.99716,13.19156 C 421.58808,28.323336 415.70343,37.864072 408.51642,65.852304 C 400.50122,97.065741 397.32435,104.24078 384.27748,120.59653 C 376.49447,130.35342 372.7681,133.39511 359.99975,140.41348 C 351.65005,145.00304 350.57421,146.06306 352.23659,148.06245 C 353.29797,149.33903 354.61256,156.54814 355.1579,164.08269 C 355.70323,171.61726 356.62602,181.50814 357.20852,186.06244 C 358.09803,193.01701 357.65663,195.84525 354.45208,203.72428 C 350.87921,212.50893 344.2418,220.53439 340.45983,220.64265 C 339.54569,220.66882 336.91518,222.43491 334.6143,224.5673 C 329.52359,229.28523 324.71279,231.22911 318.12747,231.22911 C 313.52002,231.22911 313.07967,231.65925 312.22677,236.99296 C 311.23013,243.22572 303.38019,255.31799 300.33075,255.31799 C 299.29946,255.31799 296.81709,258.40676 294.81437,262.18191 C 292.20455,267.10148 290.01485,269.27747 287.08434,269.86357 C 284.72701,270.33503 282.29247,272.22453 281.33515,274.32563 C 280.28873,276.62226 277.9237,278.32013 274.93978,278.91692 L 270.20487,279.8639 L 271.15877,291.14853 C 273.49045,318.73235 273.97496,357.6106 272.20385,375.00962 C 270.64306,390.34256 261.39808,439.66016 253.42237,475.19972 C 249.75431,491.54454 242.60896,502.38416 237.55975,499.26358 z M 244.89388,489.2967 C 246.78922,486.08433 247.31316,484.14864 246.18556,484.52451 C 243.73501,485.34135 238.2388,494.70125 240.20968,494.70125 C 241.03216,494.70125 243.14006,492.26921 244.89388,489.2967 z M 251.67255,470.29069 C 252.24406,465.91332 253.68662,458.94432 254.87824,454.80404 C 263.92429,423.37362 274.44517,338.12352 269.27803,338.12352 C 267.28864,338.12352 266.30852,345.26619 268.05785,347.01553 C 269.07984,348.03751 269.03484,349.18819 267.92038,350.53104 C 267.00917,351.62897 266.79763,353.39128 267.45027,354.44729 C 269.2168,357.30557 265.86537,368.47005 263.51195,367.56694 C 261.08141,366.63426 260.78821,376.60414 263.2023,378.09613 C 264.09745,378.64936 264.42329,380.72185 263.9264,382.70164 C 263.33168,385.07122 263.67584,386.31765 264.93356,386.34916 C 266.02946,386.37664 265.57623,387.35554 263.87065,388.64485 C 261.34547,390.5537 261.18034,391.34622 262.77557,393.90057 C 264.33141,396.39188 264.26032,397.05961 262.36163,397.78819 C 259.6317,398.83577 259.2945,403.85878 261.89589,404.72592 C 263.1296,405.13715 262.59422,406.76628 260.2467,409.74443 C 257.30784,413.47276 257.14192,414.22926 259.17279,414.64083 C 262.26672,415.26785 262.20066,415.78648 258.56364,419.4235 C 255.46723,422.51991 254.37206,426.353 257.05809,424.69294 C 257.88614,424.18117 258.56364,424.74621 258.56364,425.94856 C 258.56364,427.15092 257.54739,428.52464 256.30531,429.00128 C 253.00366,430.26824 253.37339,434.62655 256.6817,433.43794 C 258.90144,432.64042 258.81816,433.06283 256.1529,436.11991 C 251.00463,442.02501 250.64626,443.32563 254.42129,442.40444 C 257.66352,441.61326 257.63088,441.77021 253.67059,446.01472 C 248.93822,451.08672 248.20556,454.46233 252.16503,452.95129 C 254.05145,452.23138 253.62386,453.3466 250.65948,456.87794 C 245.90611,462.54043 245.14872,466.52711 249.11553,465.0049 C 251.22189,464.19661 251.07983,464.8121 248.36275,468.26629 C 244.40162,473.30206 244.07748,475.39377 247.45933,474.09603 C 249.57585,473.28386 249.53277,473.72568 247.13922,477.37868 C 244.39318,481.56968 244.39578,481.58787 247.50343,479.92471 C 249.80526,478.69281 250.90836,476.14375 251.67255,470.29069 z M 263.01423,340.00547 L 262.94813,326.83186 L 260.77855,332.85408 C 259.5853,336.1663 258.59878,340.3688 258.58632,342.19296 C 258.56518,345.28584 261.42677,353.17907 262.5692,353.17907 C 262.8503,353.17907 263.05057,347.25095 263.01423,340.00547 z M 270.60807,330.59575 C 270.60807,325.76939 268.51416,324.52844 267.00526,328.46055 C 265.45698,332.49529 265.98595,335.11241 268.34974,335.11241 C 269.85529,335.11241 270.60807,333.60686 270.60807,330.59575 z M 96.873286,329.49794 C 96.373005,328.99766 96.017167,329.88689 96.082539,331.47398 C 96.15479,333.22788 96.511546,333.58462 96.99215,332.38359 C 97.427059,331.29676 97.373582,329.99824 96.873286,329.49794 z M 244.26087,329.09019 C 243.7245,328.22231 237.15063,327.69953 228.74007,327.85588 L 214.14977,328.12712 L 225.44143,329.09019 C 244.09055,330.6808 245.24392,330.6808 244.26087,329.09019 z M 239.40413,321.65237 C 240.04884,319.18703 239.7556,318.98879 237.52485,320.38191 C 235.04927,321.92795 226.87392,321.33122 201.35255,317.74171 C 196.50156,317.05944 196.382,317.13066 199.84699,318.6387 C 205.52187,321.10855 222.19523,324.19964 230.91167,324.39781 C 237.37792,324.54483 238.76501,324.09642 239.40413,321.65237 z M 246.89886,318.17492 C 246.43719,314.65568 245.13296,309.40506 244.00057,306.50687 C 242.84343,303.54536 242.28505,302.88595 242.72568,305.00131 C 243.15689,307.07145 243.90458,311.4752 244.3872,314.78742 C 245.4125,321.82402 246.16948,324.57353 247.08147,324.57353 C 247.44268,324.57353 247.36051,321.69415 246.89886,318.17492 z M 251.94548,320.46461 C 251.44518,319.96433 251.08936,320.85356 251.15473,322.44065 C 251.22697,324.19455 251.58372,324.55129 252.06433,323.35026 C 252.49924,322.26343 252.44576,320.96491 251.94548,320.46461 z M 110.07857,312.52909 C 110.73451,308.91167 110.62097,308.20366 109.71642,310.27075 C 108.9917,311.92686 107.96877,315.65311 107.44324,318.55131 C 106.78729,322.16872 106.90082,322.87674 107.80539,320.80964 C 108.5301,319.15353 109.55302,315.42728 110.07857,312.52909 z M 269.07946,316.5805 C 269.06192,312.92491 268.70747,312.31625 267.59696,314.03464 C 265.66732,317.02055 265.66732,323.50777 267.59696,322.31519 C 268.42501,321.80343 269.09214,319.22281 269.07946,316.5805 z M 260.07355,298.26677 C 259.04257,288.6957 257.43421,280.3674 256.49941,279.75945 C 255.56459,279.1515 252.14073,277.9766 248.89083,277.14854 C 244.47231,276.02273 242.24586,274.31388 240.06376,270.37354 C 236.55752,264.04214 234.59655,262.61328 232.32533,264.73492 C 231.08577,265.89285 232.73738,268.43978 238.39946,274.10187 C 246.20322,281.90563 257.54125,302.52406 259.54897,312.56268 C 261.5558,322.59679 261.84509,314.71285 260.07355,298.26677 z M 188.24877,313.87864 C 187.05795,312.68782 185.79962,312.67484 183.80738,313.83285 C 181.37045,315.24932 181.57541,315.45427 185.46894,315.49441 C 188.70789,315.52781 189.46049,315.09035 188.24877,313.87864 z M 239.90104,311.43128 C 239.40074,310.931 239.04492,311.82023 239.11029,313.40732 C 239.18253,315.16122 239.53928,315.51796 240.01989,314.31693 C 240.4548,313.2301 240.40132,311.93158 239.90104,311.43128 z M 105.57146,310.19255 C 106.08561,308.85273 105.8332,308.2484 104.97976,308.77586 C 104.16119,309.28175 103.49146,310.3332 103.49146,311.11239 C 103.49146,313.27802 104.57058,312.80081 105.57146,310.19255 z M 105.68423,301.9902 C 106.564,301.9902 108.12725,300.63963 109.15813,298.98894 C 110.69539,296.52738 109.72483,296.79226 103.76089,300.46191 C 99.761545,302.92274 95.185438,306.44309 93.591793,308.2849 C 91.542537,310.65327 92.654359,310.22203 97.389451,306.81194 C 101.07181,304.15998 104.80447,301.9902 105.68423,301.9902 z M 227.62449,309.67043 C 225.88077,308.02081 204.36366,306.71695 204.36366,308.26091 C 204.36366,309.23505 208.36916,309.72642 224.61338,310.74503 C 227.28938,310.91283 228.48625,310.4857 227.62449,309.67043 z M 268.76411,304.33104 C 268.5388,301.60884 267.97812,301.04912 266.61213,302.18279 C 265.59612,303.02601 265.1358,304.68263 265.58919,305.86416 C 266.93031,309.35905 269.09377,308.31434 268.76411,304.33104 z M 109.51368,304.91245 C 109.51368,304.03553 108.83618,303.73676 108.00813,304.24853 C 107.18007,304.7603 106.50257,305.47779 106.50257,305.84295 C 106.50257,306.2081 107.18007,306.50687 108.00813,306.50687 C 108.83618,306.50687 109.51368,305.78938 109.51368,304.91245 z M 232.21643,301.9902 C 231.65118,300.20928 230.84997,299.09092 230.43594,299.50495 C 230.02192,299.91898 230.14563,301.71483 230.71087,303.49576 C 231.27612,305.27668 232.07733,306.39503 232.49136,305.98101 C 232.90539,305.56698 232.78167,303.77112 232.21643,301.9902 z M 113.09924,301.15922 C 113.61339,299.8194 113.36098,299.21507 112.50754,299.74253 C 111.68897,300.24842 111.01924,301.29987 111.01924,302.07906 C 111.01924,304.24469 112.09836,303.76748 113.09924,301.15922 z M 125.96314,289.51641 C 126.02455,288.86623 124.71979,289.05944 123.06368,289.94576 C 120.84294,291.13426 120.08188,293.0253 120.16422,297.15011 L 120.27589,302.74298 L 123.06368,296.72076 C 124.59697,293.40854 125.90173,290.16658 125.96314,289.51641 z M 165.71138,294.08604 C 170.54261,286.40477 176.6222,272.23152 175.54118,271.16995 C 175.24646,270.88054 171.49712,277.6967 167.2093,286.31697 C 162.92148,294.93725 159.71177,301.9902 160.07661,301.9902 C 160.44145,301.9902 162.97711,298.43333 165.71138,294.08604 z M 100.48035,296.35206 C 100.48035,295.93803 99.464106,296.4427 98.222023,297.47354 C 96.97994,298.50437 95.96369,299.68654 95.96369,300.10056 C 95.96369,300.51459 96.97994,300.00993 98.222023,298.97909 C 99.464106,297.94825 100.48035,296.76609 100.48035,296.35206 z M 155.4169,283.75419 C 161.04074,272.8869 161.38721,271.8791 159.49946,271.8791 C 158.83775,271.8791 157.46941,274.16593 156.45873,276.96095 C 155.44804,279.75597 151.84576,286.36159 148.45365,291.64011 C 143.56663,299.24491 143.10057,300.48282 146.20873,297.60271 C 148.36611,295.60362 152.5098,289.3718 155.4169,283.75419 z M 204.36366,298.89023 C 204.36366,298.01331 203.68616,297.71454 202.8581,298.22631 C 202.03005,298.73808 201.35255,299.45557 201.35255,299.82073 C 201.35255,300.18588 202.03005,300.48465 202.8581,300.48465 C 203.68616,300.48465 204.36366,299.76716 204.36366,298.89023 z M 160.73296,287.49425 C 164.85652,281.1776 168.20879,275.24948 168.18246,274.32064 C 168.1273,272.37525 163.71367,277.79585 163.71367,279.80899 C 163.71367,280.54167 160.62533,285.15468 156.85067,290.06012 C 153.07604,294.96555 150.71846,298.97909 151.61163,298.97909 C 152.5048,298.97909 156.60939,293.81091 160.73296,287.49425 z M 267.59696,293.53195 C 267.59696,291.40606 266.94176,290.17299 266.0914,290.69854 C 265.26335,291.21031 264.58586,293.32277 264.58586,295.3929 C 264.58586,297.51879 265.24105,298.75186 266.0914,298.22631 C 266.91946,297.71454 267.59696,295.60209 267.59696,293.53195 z M 146.53982,287.87933 C 148.51676,283.63351 150.14088,278.83853 150.14897,277.22382 C 150.17013,272.99914 147.86461,276.03499 145.63267,283.17076 C 144.59667,286.48298 143.26501,289.87048 142.6734,290.69854 C 142.08181,291.52659 141.16161,293.4249 140.62852,294.91701 C 138.56138,300.70292 143.06597,295.34 146.53982,287.87933 z M 186.08521,280.34465 C 187.85781,276.30614 189.27837,271.22489 189.24203,269.05299 C 189.18117,265.41686 189.01787,265.52146 187.1801,270.37354 C 183.40045,280.35263 179.92338,287.69721 177.09145,291.68373 C 172.82604,297.68812 173.67725,298.23922 178.55744,292.63287 C 180.92513,289.91288 184.31263,284.38319 186.08521,280.34465 z M 227.77212,291.59123 C 224.46491,285.19581 223.3921,285.69218 226.48839,292.18518 C 227.86549,295.07299 229.25949,297.16843 229.58616,296.84176 C 229.91284,296.51508 229.09653,294.15234 227.77212,291.59123 z M 111.89302,290.31769 C 111.20429,289.62896 101.98591,294.19931 101.98591,295.22951 C 101.98591,295.60888 104.34865,294.79255 107.23644,293.41546 C 110.12423,292.03836 112.21969,290.64437 111.89302,290.31769 z M 208.12755,294.46243 C 208.63932,293.63437 208.38053,292.95687 207.55247,292.95687 C 206.72441,292.95687 205.6282,293.63437 205.11644,294.46243 C 204.60467,295.29048 204.86346,295.96798 205.69151,295.96798 C 206.51957,295.96798 207.61578,295.29048 208.12755,294.46243 z M 125.83891,280.33875 C 136.93817,278.11342 141.20496,276.39576 135.63362,276.39576 C 129.95185,276.39576 111.2763,282.01353 105.88858,285.34332 C 98.28217,290.04434 99.16569,290.46765 107.63174,286.17848 C 111.565,284.18578 119.75823,281.55789 125.83891,280.33875 z M 120.05257,288.4402 C 122.05997,287.14291 122.05997,286.98076 120.05257,286.98076 C 118.81049,286.98076 116.77799,287.6375 115.5359,288.4402 C 113.52849,289.7375 113.52849,289.89964 115.5359,289.89964 C 116.77799,289.89964 118.81049,289.24291 120.05257,288.4402 z M 230.14492,285.02761 C 228.658,283.55177 228.48508,283.7247 229.30211,285.87042 C 229.86749,287.35523 230.70934,288.19081 231.17288,287.72726 C 231.63643,287.26372 231.17385,286.04889 230.14492,285.02761 z M 266.0914,286.55826 C 266.0914,284.79512 263.8982,285.23376 263.2685,287.12284 C 262.95798,288.05441 263.46611,288.56253 264.39767,288.25201 C 265.32922,287.94149 266.0914,287.1793 266.0914,286.55826 z M 134.51218,282.82573 C 134.01188,282.32545 133.65606,283.21468 133.72143,284.80177 C 133.79367,286.55567 134.15042,286.91241 134.63103,285.71139 C 135.06593,284.62456 135.01246,283.32603 134.51218,282.82573 z M 216.01593,281.38675 C 218.66154,275.68933 217.12315,275.16255 214.22212,280.77252 C 212.89772,283.33363 212.33964,285.42381 212.98194,285.41735 C 213.62424,285.41089 214.98954,283.59712 216.01593,281.38675 z M 271.19727,276.97137 C 280.51464,273.79662 283.02577,268.5569 277.7556,263.28673 C 274.35616,259.88731 274.05445,259.8483 269.34214,262.19912 C 265.40436,264.16354 264.79572,265.04844 266.2101,266.75268 C 269.26839,270.4377 265.49633,268.9822 261.74756,265.03075 C 257.70393,260.76852 255.1878,261.29481 259.07472,265.58981 C 261.90969,268.72242 262.41077,271.06794 259.91559,269.52583 C 259.00304,268.96184 257.3002,266.21186 256.13149,263.41475 C 253.6259,257.41803 250.33392,256.2868 252.57995,262.19434 C 253.38821,264.32022 254.76469,267.53834 255.63882,269.34573 C 257.13222,272.43361 257.0413,272.41744 254.13198,269.07759 C 252.42912,267.12272 251.03587,264.44659 251.03587,263.13065 C 251.03587,261.26969 250.63438,261.13948 249.2292,262.54466 C 248.23553,263.53832 246.15739,264.35132 244.61108,264.35132 C 242.40106,264.35132 242.01488,265.07598 242.80589,267.73882 C 244.08969,272.0607 247.68957,274.89021 251.9043,274.89021 C 253.72152,274.89021 257.1489,275.90229 259.52071,277.13927 C 261.89251,278.37625 263.88177,279.3925 263.94127,279.3976 C 264.00077,279.4027 267.26598,278.31089 271.19727,276.97137 z M 249.4613,270.24459 C 248.53702,268.51757 248.06438,266.82096 248.41099,266.47435 C 248.7576,266.12774 249.81421,267.54077 250.75903,269.6144 C 252.83379,274.16801 251.82359,274.65858 249.4613,270.24459 z M 275.12473,266.60966 C 274.06068,265.32756 273.52884,263.93981 273.94287,263.52578 C 274.3569,263.11175 275.56624,263.822 276.63029,265.1041 C 277.69434,266.3862 278.22618,267.77395 277.81215,268.18797 C 277.39812,268.602 276.18878,267.89176 275.12473,266.60966 z M 123.26967,274.8581 C 126.28116,274.02161 133.73365,272.70505 139.83078,271.93238 L 150.91645,270.52753 L 137.74387,271.28177 C 130.49895,271.6966 122.03021,272.96921 118.92443,274.1098 C 112.30443,276.54097 115.3332,277.06256 123.26967,274.8581 z M 220.10769,271.77506 C 218.81708,269.6868 217.91365,270.07618 217.91365,272.72073 C 217.91365,274.01169 218.60221,274.64236 219.44377,274.12226 C 220.28533,273.60215 220.5841,272.54591 220.10769,271.77506 z M 129.11493,267.963 C 134.33433,266.25582 140.45745,265.7067 150.09996,266.08106 C 157.58834,266.37179 163.71485,266.03187 163.71442,265.32567 C 163.71305,263.0007 127.32002,265.0541 121.55812,267.70425 C 114.53539,270.93433 119.50986,271.10466 129.11493,267.963 z M 225.2403,264.00819 C 231.80821,262.5285 231.81145,262.52444 228.81122,259.52421 C 226.2887,257.00167 225.2748,256.80679 222.47351,258.30598 C 218.9687,260.1817 211.89143,259.243 211.89143,256.90241 C 211.89143,256.14927 210.70581,254.3431 209.25671,252.8887 C 206.74528,250.36807 206.5739,250.48634 205.59448,255.41588 C 204.62883,260.2761 204.58591,260.20224 204.88149,254.18883 C 205.25526,246.58484 203.55402,245.84737 201.40836,252.68327 C 200.19195,256.55869 199.97593,256.75234 200.36968,253.61435 C 200.86473,249.669 200.84545,249.66131 195.77397,251.7803 C 192.9729,252.95066 190.03344,253.50794 189.24183,253.01871 C 188.45023,252.52946 187.74906,253.35478 187.68369,254.85275 C 187.59122,256.97189 187.37406,257.07514 186.70517,255.31799 C 185.54746,252.27671 183.19214,250.85209 179.27581,250.82438 C 176.4561,250.80443 176.16664,251.35752 177.12112,254.9416 C 178.07521,258.52427 179.16038,259.1912 185.17848,259.89354 C 189.00358,260.33997 193.3607,261.78797 194.86094,263.11133 C 196.5395,264.592 199.44192,265.30122 202.40695,264.95525 C 205.05701,264.64604 208.78326,265.0188 210.6875,265.78359 C 212.59174,266.54839 215.16602,266.79503 216.4081,266.33169 C 217.65018,265.86832 221.62467,264.82276 225.2403,264.00819 z M 209.97813,261.93616 C 209.37433,261.33237 208.90092,259.42691 208.92611,257.70178 C 208.96838,254.80571 209.09199,254.77158 210.53821,257.25667 C 212.22234,260.15051 211.79156,263.7496 209.97813,261.93616 z M 181.78033,255.40685 C 181.78033,254.52992 182.45783,253.81244 183.28589,253.81244 C 184.11394,253.81244 184.79144,254.1112 184.79144,254.47636 C 184.79144,254.84151 184.11394,255.559 183.28589,256.07077 C 182.45783,256.58254 181.78033,256.28378 181.78033,255.40685 z M 292.13452,260.58929 C 293.48138,257.76491 296.48063,254.47294 298.79951,253.2738 C 307.50014,248.77452 313.14739,230.27959 307.15784,225.89991 C 304.90433,224.25211 304.11871,224.72517 301.18261,229.49783 C 299.32329,232.52017 297.78088,237.1224 297.75505,239.72497 C 297.72604,242.64593 296.78396,244.81155 295.29353,245.3835 C 293.96552,245.8931 293.22617,247.21481 293.65051,248.32064 C 294.19217,249.73216 293.40494,250.13679 291.00843,249.67867 C 287.46253,249.00082 284.76077,252.63911 286.60006,255.61516 C 287.19385,256.57593 286.35456,256.76792 284.3466,256.13062 C 282.44827,255.52809 281.14695,255.76865 281.14695,256.72209 C 281.14695,257.60595 281.75198,258.3291 282.49143,258.3291 C 283.2309,258.3291 284.28476,259.49878 284.83335,260.9284 C 285.58247,262.88055 284.91242,262.66494 282.14216,260.0624 C 280.04767,258.09473 278.05778,257.23739 277.53785,258.07864 C 276.30605,260.07175 285.22632,267.43574 287.71543,266.48057 C 288.79909,266.06474 290.78769,263.41366 292.13452,260.58929 z M 249.0485,257.42622 C 252.29882,253.91908 252.50025,252.98011 250.98633,248.39289 C 248.7596,241.64587 247.69638,241.88755 248.67014,248.91938 L 249.45199,254.56522 L 247.60921,249.04261 C 245.25402,241.98438 242.96952,239.62491 244.21299,245.53497 L 245.16267,250.04855 L 242.9025,245.1555 C 240.65357,240.28677 237.85609,238.14333 239.56589,242.59897 C 240.08002,243.9388 239.82763,244.54313 238.97419,244.01567 C 238.15562,243.50977 237.48587,242.11957 237.48587,240.92636 C 237.48587,237.68588 232.80499,238.30686 231.92712,241.66381 C 231.4436,243.51286 230.33585,244.25183 228.88322,243.6944 C 227.08772,243.0054 226.83207,243.55077 227.68731,246.24546 C 228.43012,248.58581 228.24648,249.34612 227.10828,248.64268 C 226.19151,248.07609 225.44143,246.63624 225.44143,245.44303 C 225.44143,244.24981 224.78087,243.27355 223.97351,243.27355 C 223.16616,243.27355 222.83465,245.47543 223.23682,248.16661 C 223.89361,252.56161 223.75861,252.44667 221.91048,247.03744 L 219.85293,241.01522 L 219.13638,247.03744 L 218.41984,253.05966 L 218.16674,245.81942 C 218.02755,241.83728 217.31864,238.94692 216.5914,239.39637 C 215.86417,239.84582 214.86486,238.19206 214.37071,235.72134 C 213.05336,229.13455 210.71834,230.24251 209.554,238.00685 C 208.52066,244.89765 209.88286,248.57767 215.57328,254.26809 C 217.49279,256.1876 218.84976,256.34058 222.5414,255.05368 C 226.40768,253.70587 227.64242,253.92514 230.42388,256.45347 C 237.05884,262.48457 244.02347,262.84833 249.0485,257.42622 z M 156.93867,258.38705 L 165.972,257.26624 L 156.93867,257.13166 C 151.97034,257.05765 145.19534,257.55763 141.88312,258.24273 L 135.8609,259.48838 L 141.88312,259.49812 C 145.19534,259.50347 151.97034,259.00349 156.93867,258.38705 z M 275.5334,255.78076 C 279.03489,253.5511 282.57723,250.94521 283.40529,249.98989 C 284.23334,249.03457 287.03283,247.1565 289.62638,245.81639 C 293.17989,243.98026 294.60181,241.99442 295.39661,237.75774 C 295.9767,234.6656 297.41159,230.76469 298.58524,229.08906 C 301.54489,224.86356 301.25039,220.13212 297.83537,217.04156 C 295.12034,214.58448 294.72387,214.58095 291.06037,216.98137 C 286.47511,219.98575 286.40069,220.35675 289.66085,223.95918 C 291.03127,225.47348 291.40368,226.71245 290.48844,226.71245 C 289.57318,226.71245 288.15539,225.52682 287.33775,224.07772 C 286.10841,221.89895 285.50925,221.78621 283.87544,223.4263 C 282.24431,225.0637 282.35926,225.7491 284.53445,227.35616 C 285.98355,228.42678 287.16917,229.81913 287.16917,230.45027 C 287.16917,231.08142 286.12111,230.72799 284.84014,229.66487 C 282.90317,228.05734 281.01504,228.447 273.62427,231.97946 C 265.93576,235.65422 264.93736,236.60056 266.22017,238.99749 C 267.0994,240.64035 267.13412,241.768 266.30545,241.768 C 265.53686,241.768 264.51805,240.75175 264.04141,239.50966 C 262.93475,236.62576 258.99184,236.60805 256.12577,239.47412 C 254.39452,241.20537 254.27343,242.38908 255.57817,244.82703 C 256.49953,246.5486 256.95422,248.76646 256.58858,249.75563 C 256.22294,250.74479 255.42805,249.69098 254.82217,247.41383 C 254.21628,245.13668 253.1165,243.27355 252.3782,243.27355 C 250.68741,243.27355 250.68881,243.29636 252.75461,249.4475 C 253.69993,252.26224 255.49868,255.75084 256.75184,257.19994 C 260.11707,261.09131 268.1464,260.48459 275.5334,255.78076 z M 257.99686,245.47368 C 256.54403,241.68768 256.97262,240.71078 258.74743,243.76286 C 259.6262,245.27406 260.02805,246.82766 259.64042,247.21529 C 259.25278,247.60293 258.51318,246.81919 257.99686,245.47368 z M 278.5546,241.39161 C 276.2975,238.47318 274.87767,235.74578 275.6155,235.74578 C 275.98317,235.74578 277.39377,237.43953 278.75017,239.50966 C 281.2883,243.38332 281.14694,244.7435 278.5546,241.39161 z M 281.81346,235.11609 C 280.20741,233.94172 279.29166,232.58256 279.77846,232.09575 C 280.26527,231.60895 281.89357,232.56981 283.39693,234.23099 C 286.59539,237.76524 285.93852,238.13241 281.81346,235.11609 z M 123.06368,249.68031 C 123.06368,249.37518 121.03118,250.32616 118.54701,251.79359 C 116.06285,253.26103 114.03035,255.01336 114.03035,255.68767 C 114.03035,256.36199 116.06285,255.41101 118.54701,253.57438 C 121.03118,251.73775 123.06368,249.98542 123.06368,249.68031 z M 198.79259,246.83347 C 204.38892,243.97356 206.16129,241.50602 207.83801,234.24022 C 210.7406,221.66229 210.81535,219.18467 208.29227,219.18467 C 206.95958,219.18467 205.85414,219.6928 205.83573,220.31384 C 205.81732,220.93488 204.42155,223.13675 202.734,225.20689 L 199.66574,228.97078 L 202.05337,224.07772 C 204.05549,219.97468 204.09647,219.18467 202.30721,219.18467 C 201.13363,219.18467 199.79066,220.70905 199.32282,222.57217 C 198.85498,224.43529 197.4297,227.31467 196.15554,228.97078 C 194.08937,231.6563 194.09184,231.3538 196.17835,226.17332 C 199.57325,217.74434 197.74105,217.74912 192.44579,226.18309 C 189.92347,230.20049 187.84689,232.68056 187.83116,231.69436 C 187.81543,230.70816 188.48005,229.48255 189.30811,228.97078 C 192.69086,226.88012 190.54083,224.44812 185.20279,224.3271 C 181.29968,224.23862 178.76403,225.1518 176.84166,227.33821 L 174.08253,230.47633 L 175.67311,227.18781 C 177.72255,222.95055 177.67634,222.19578 175.3675,222.19578 C 174.3246,222.19578 172.58391,223.61675 171.49929,225.3535 C 170.41467,227.09025 169.13891,228.12287 168.66425,227.64821 C 168.1896,227.17357 168.65825,225.75259 169.70569,224.4905 C 171.27404,222.60074 171.19413,222.19578 169.25283,222.19578 C 167.95631,222.19578 165.84086,223.70153 164.55181,225.54189 C 163.26279,227.38224 162.20812,228.14269 162.20812,227.23179 C 162.20812,226.32088 163.18409,224.7656 164.37696,223.7756 C 165.56983,222.78561 166.17959,221.02133 165.73202,219.85494 C 165.0902,218.18239 164.23422,218.09287 161.68123,219.43131 C 158.46106,221.11955 158.45931,221.11139 161.34448,217.86261 C 164.60592,214.19016 163.47274,212.18875 157.69145,211.41068 C 155.62131,211.13207 153.47108,210.27019 152.91315,209.49537 C 151.52551,207.56833 147.15256,211.3806 147.15256,214.51736 C 147.15256,215.88784 148.32584,218.68421 149.75984,220.73152 C 151.19384,222.77885 152.71821,227.4391 153.14734,231.08765 C 153.84169,236.99117 154.7394,238.28005 161.30305,242.79694 C 167.63235,247.15255 169.66119,247.78623 175.60583,247.26416 C 179.41583,246.92955 183.88811,247.20218 185.54422,247.86997 C 190.23609,249.76186 193.57312,249.5008 198.79259,246.83347 z M 175.75811,240.44014 C 175.75811,239.61209 176.43561,238.51588 177.26367,238.00411 C 178.09172,237.49234 178.76922,237.75113 178.76922,238.57919 C 178.76922,239.40724 178.09172,240.50345 177.26367,241.01522 C 176.43561,241.52699 175.75811,241.2682 175.75811,240.44014 z M 154.68034,217.85682 C 154.68034,217.02876 155.35784,215.93255 156.1859,215.42078 C 157.01395,214.90901 157.69145,215.1678 157.69145,215.99586 C 157.69145,216.82391 157.01395,217.92012 156.1859,218.43189 C 155.35784,218.94366 154.68034,218.68487 154.68034,217.85682 z M 97.751537,243.75065 C 96.664707,243.31574 95.366165,243.36921 94.865884,243.8695 C 94.365604,244.36979 95.254814,244.72561 96.841925,244.66024 C 98.595807,244.58801 98.952563,244.23125 97.751537,243.75065 z M 138.87201,241.768 C 139.38378,240.93994 139.12499,240.26244 138.29693,240.26244 C 137.46888,240.26244 136.37267,240.93994 135.8609,241.768 C 135.34913,242.59605 135.60792,243.27355 136.43597,243.27355 C 137.26403,243.27355 138.36024,242.59605 138.87201,241.768 z M 144.14145,239.42081 C 144.14145,239.05565 143.46395,238.75689 142.6359,238.75689 C 141.80784,238.75689 141.13034,239.47437 141.13034,240.3513 C 141.13034,241.22823 141.80784,241.52699 142.6359,241.01522 C 143.46395,240.50345 144.14145,239.78596 144.14145,239.42081 z M 150.16368,237.20973 C 150.16368,236.45653 149.15131,236.22876 147.91398,236.70357 C 146.67666,237.17837 146.04598,238.18441 146.51246,238.93921 C 147.48815,240.5179 150.16368,239.25059 150.16368,237.20973 z M 231.46365,238.00411 C 233.87406,235.09974 237.44254,235.15042 245.05705,238.19714 C 251.00314,240.57629 251.28906,240.54946 254.76218,237.28664 C 256.73039,235.43759 258.92757,234.28742 259.64478,234.7307 C 263.92631,237.37682 289.18148,218.32441 295.31867,207.81845 C 297.79011,203.58771 297.81792,202.78978 295.67287,197.65594 C 293.66135,192.8417 292.66972,192.07979 288.37517,192.04874 C 285.64173,192.02899 280.93347,191.43836 277.91236,190.73623 C 269.29712,188.73398 267.91975,190.93535 274.20767,196.65723 C 277.19623,199.37676 279.6414,202.27828 279.6414,203.10506 C 279.6414,203.93185 276.87925,201.79047 273.50328,198.34648 C 270.12733,194.90248 266.99864,192.08466 266.55066,192.08466 C 266.10266,192.08466 263.42126,194.11716 260.59196,196.60133 C 257.76264,199.0855 254.15631,201.11799 252.57789,201.11799 C 248.19317,201.11799 247.57977,203.63062 250.8399,208.23715 C 252.46405,210.53203 254.23642,214.10342 254.77853,216.17356 C 255.32062,218.2437 253.62607,216.30305 251.01283,211.86102 C 247.66407,206.16868 245.79012,204.25598 244.6646,205.3815 C 243.53908,206.50702 244.02155,209.19572 246.299,214.48981 C 248.07622,218.62108 249.46226,223.56936 249.37908,225.48599 C 249.28086,227.74931 248.74967,226.93545 247.86363,223.16411 C 246.31824,216.58628 242.02357,208.64578 240.01129,208.64578 C 239.27318,208.64578 239.16515,209.83141 239.77123,211.28051 C 242.02239,216.66296 246.51505,231.55674 246.39678,233.24519 C 246.32947,234.20648 244.69177,230.00732 242.75747,223.91374 C 239.30741,213.04508 233.05639,204.12912 228.88638,204.12912 C 227.77873,204.12912 226.16456,205.99101 225.29938,208.26664 C 224.43418,210.54227 222.66606,213.57569 221.37023,215.00758 C 219.68849,216.86587 219.27537,219.23661 219.92681,223.29089 C 220.55232,227.18394 220.38647,228.26034 219.39959,226.71245 C 218.60769,225.47036 217.94938,222.87328 217.9367,220.94116 C 217.9078,216.53492 214.34093,217.36861 213.66847,221.93875 C 213.04913,226.14809 219.15801,238.43074 222.2882,239.26974 C 227.1087,240.56181 229.62952,240.2141 231.46365,238.00411 z M 227.88796,226.52425 C 227.35892,223.87908 227.20505,221.43585 227.54603,221.09487 C 227.88702,220.7539 228.63369,222.6043 229.20532,225.20689 C 229.77695,227.80948 229.9308,230.2527 229.54724,230.63627 C 229.16367,231.01984 228.41699,229.16942 227.88796,226.52425 z M 223.93588,226.71245 C 223.04558,225.04893 222.94329,223.70134 223.7073,223.70134 C 224.46792,223.70134 225.44458,225.05634 225.87766,226.71245 C 226.31075,228.36856 226.4136,229.72356 226.10622,229.72356 C 225.79886,229.72356 224.8222,228.36856 223.93588,226.71245 z M 230.18369,211.6569 C 229.31771,209.17273 228.89528,207.14023 229.24497,207.14023 C 229.59465,207.14023 230.93181,209.17273 232.21643,211.6569 C 233.50104,214.14106 233.92347,216.17356 233.15516,216.17356 C 232.38684,216.17356 231.04968,214.14106 230.18369,211.6569 z M 267.71894,211.88482 C 265.2596,207.28951 265.76885,206.00974 268.5033,209.9137 C 269.82985,211.80762 270.56224,213.71014 270.13084,214.14153 C 269.69944,214.57293 268.61408,213.55742 267.71894,211.88482 z M 259.61366,207.238 C 255.94371,201.02525 256.50371,199.42021 260.28237,205.3214 C 262.02783,208.0473 263.16643,210.56707 262.81259,210.92092 C 262.45875,211.27476 261.01923,209.61744 259.61366,207.238 z M 269.9885,203.36677 C 267.5776,201.29336 265.93323,199.26875 266.33437,198.86763 C 266.73549,198.46649 269.00419,200.16373 271.37589,202.63927 C 276.62815,208.12146 275.93799,208.48335 269.9885,203.36677 z M 280.55369,196.83026 L 277.70209,192.83744 L 281.22283,196.18312 C 283.15923,198.02324 284.44245,199.82001 284.07442,200.17594 C 283.7064,200.53187 282.12207,199.02631 280.55369,196.83026 z M 327.89393,225.92101 C 330.33698,224.65766 332.33583,223.0668 332.33583,222.38577 C 332.33583,221.70474 335.03092,219.93222 338.32492,218.44683 C 346.47016,214.77385 352.51647,205.11143 354.46791,192.64925 C 355.13341,188.39931 354.82691,187.94439 351.29801,187.94439 C 346.9828,187.94439 346.4329,189.01131 349.27332,191.87276 C 350.78226,193.39286 350.63306,193.5698 348.52054,192.76557 C 345.39229,191.57461 344.89571,194.98241 347.76777,197.93159 C 349.28412,199.48868 349.09511,199.76653 346.79479,199.36187 C 345.22458,199.08566 343.64375,199.70654 343.28183,200.74161 C 342.91991,201.77667 343.35774,202.62356 344.25481,202.62356 C 345.15186,202.62356 345.88582,203.37354 345.88582,204.2902 C 345.88582,205.20684 344.80843,205.54339 343.49163,205.03808 C 339.93718,203.67413 337.88773,205.51221 340.05341,208.12172 C 341.61242,210.00021 341.33263,210.19953 338.22983,209.42078 C 335.70764,208.78776 333.5629,209.4342 331.35219,211.49378 C 329.58531,213.13988 327.71617,214.06316 327.19854,213.54552 C 326.12613,212.47312 315.69726,208.70277 313.70844,208.66846 C 312.986,208.65599 313.2049,209.62176 314.1949,210.81463 C 315.18489,212.00749 316.96159,212.6125 318.14312,212.1591 C 319.32467,211.70571 320.29139,212.12472 320.29139,213.09023 C 320.29139,214.05574 319.5092,214.3623 318.55321,213.77146 C 317.50067,213.12096 317.22275,213.35691 317.84865,214.36963 C 318.41714,215.28947 319.87682,215.66041 321.09239,215.19396 C 322.30794,214.72749 323.3025,214.95167 323.3025,215.6921 C 323.3025,218.83187 317.09375,217.13934 313.66541,213.06498 C 311.62023,210.63443 308.754,208.64578 307.29602,208.64578 C 305.20214,208.64578 305.65623,209.68895 309.45716,213.61052 C 312.10376,216.34111 314.26917,219.36364 314.26917,220.32721 C 314.26917,221.29079 311.72592,219.35269 308.61751,216.02031 C 304.50549,211.61201 302.23236,210.24291 300.27333,210.99466 C 296.5279,212.43192 297.23396,213.45688 307.38093,221.31234 C 316.90547,228.68594 320.83841,229.56955 327.89393,225.92101 z M 195.52382,217.77412 C 198.77261,215.37218 201.03312,214.95036 206.91979,215.64753 C 213.3857,216.41334 214.84092,216.03101 219.09948,212.44769 C 221.75949,210.20942 223.93588,207.50725 223.93588,206.44286 C 223.93588,205.37846 221.71234,202.08003 218.99466,199.11303 C 214.52015,194.228 213.8825,193.96128 212.24337,196.28908 C 210.81282,198.32067 210.79527,197.99022 212.15971,194.71302 C 214.4617,189.18388 212.35462,187.42973 208.75073,191.87506 C 205.04842,196.4418 204.95977,193.66253 208.65586,188.9002 C 210.18852,186.92541 212.33193,183.61592 213.41902,181.54578 C 215.15834,178.23356 215.12348,178.00616 213.12856,179.65077 C 211.88174,180.67865 210.3072,181.0174 209.62959,180.40354 C 208.95197,179.7897 208.86503,180.10213 209.43637,181.09786 C 210.01517,182.10658 208.04813,186.10681 204.99441,190.13119 C 197.88982,199.4941 197.02087,200.18509 201.30669,193.06368 L 204.79483,187.2677 L 199.6862,189.85229 C 196.87644,191.27382 192.8838,193.86717 190.81366,195.6153 C 188.19668,197.82521 187.81531,197.93992 189.56208,195.99176 C 191.93339,193.34707 191.8282,192.98265 187.68771,189.49866 L 183.30102,185.80751 L 177.64763,189.18703 C 174.53825,191.04577 172.79754,191.68867 173.77938,190.61572 C 175.16328,189.10341 175.08344,188.1838 173.42423,186.52459 C 171.57419,184.67455 170.777,184.7533 167.54611,187.10531 C 165.49032,188.60186 163.78701,190.59529 163.76098,191.53512 C 163.73496,192.47495 161.85055,194.44297 159.5734,195.90846 C 155.47402,198.54667 155.45915,198.5435 158.06784,195.58668 C 161.56829,191.61909 161.40474,190.09738 157.69145,192.08466 C 155.4989,193.25808 154.68034,195.23703 154.68034,199.36429 C 154.68034,205.51134 156.78806,208.64578 160.92151,208.64578 C 162.36683,208.64578 164.43321,210.44641 165.51346,212.64719 C 167.74781,217.19914 169.55121,218.30735 178.01644,220.33041 C 185.77454,222.18447 190.4897,221.496 195.52382,217.77412 z M 193.82477,211.27281 C 193.82477,210.85879 194.84102,209.67662 196.08311,208.64578 C 197.32519,207.61495 198.34144,207.11028 198.34144,207.52431 C 198.34144,207.93834 197.32519,209.1205 196.08311,210.15134 C 194.84102,211.18218 193.82477,211.68684 193.82477,211.27281 z M 170.48867,202.62356 C 171.98743,200.96744 173.55244,199.61244 173.96647,199.61244 C 174.3805,199.61244 173.49299,200.96744 171.99422,202.62356 C 170.49546,204.27968 168.93045,205.63467 168.51642,205.63467 C 168.10239,205.63467 168.9899,204.27968 170.48867,202.62356 z M 193.82477,204.56439 C 193.82477,203.69972 195.0104,202.06241 196.45949,200.92595 C 198.89663,199.01463 198.92858,199.08548 196.88552,201.87077 C 195.67073,203.5269 194.48511,205.16419 194.2508,205.50922 C 194.01649,205.85423 193.82477,205.42906 193.82477,204.56439 z M 165.36811,198.48327 C 166.51265,196.62015 167.96363,195.09577 168.5925,195.09577 C 170.40778,195.09577 169.96117,195.93426 166.51152,199.0027 C 163.29859,201.86058 163.29453,201.85874 165.36811,198.48327 z M 180.27478,195.56247 C 180.27478,194.73441 181.62978,192.83065 183.28589,191.33189 C 184.942,189.83312 186.297,189.28436 186.297,190.11242 C 186.297,190.94047 184.942,192.84423 183.28589,194.343 C 181.62978,195.84176 180.27478,196.39052 180.27478,195.56247 z M 304.80079,205.83746 C 306.28215,204.29286 310.21412,201.33625 313.53849,199.2672 C 316.86286,197.19816 320.47393,194.43157 321.56308,193.11922 C 322.65223,191.80687 325.74122,190.00778 328.4275,189.12122 C 332.38354,187.81562 333.89846,186.01294 336.39989,179.63449 C 341.74625,166.00175 343.05311,159.62767 341.39561,155.26814 C 340.42292,152.70975 340.38201,149.05993 341.28117,145.05799 C 342.86106,138.02646 341.56361,134.38379 336.51733,131.68309 C 333.7297,130.19119 332.92015,130.41098 331.09876,133.15414 C 329.92104,134.92788 328.02383,136.37913 326.88275,136.37913 C 322.61647,136.37913 326.49092,146.11255 331.39019,147.70277 C 334.17294,148.60602 334.24778,148.83524 331.95944,149.44633 C 329.09536,150.21116 328.35693,153.87226 330.89603,154.71864 C 331.77534,155.01174 331.21861,156.58274 329.63191,158.28587 C 327.05646,161.0503 324.58219,170.54973 324.62225,177.51931 C 324.63442,179.63277 324.17653,179.8848 322.64055,178.61005 C 319.9567,176.38266 318.32566,180.39331 320.78542,183.17166 C 322.24743,184.82301 322.10158,184.82558 319.93416,183.18668 C 318.49562,182.0989 316.2434,181.62151 314.92925,182.12579 C 312.75675,182.95946 312.7615,183.26431 314.98177,185.48457 C 316.32481,186.82761 316.99433,188.35393 316.46959,188.8764 C 315.94486,189.39886 314.2019,188.20598 312.59637,186.22556 C 309.23944,182.08478 306.69141,183.22589 309.44586,187.63647 C 311.56796,191.03449 310.89454,191.31784 306.78943,188.75415 C 302.34642,185.97946 300.99181,188.88339 305.23584,192.08466 C 307.28124,193.62751 308.52859,195.31598 308.00774,195.83682 C 307.4869,196.35767 305.33162,195.05469 303.21824,192.94131 C 298.59637,188.31944 296.94787,190.04781 298.55722,197.82819 C 299.18841,200.87967 299.55172,204.56197 299.36459,206.01106 C 298.92071,209.44823 301.41419,209.3686 304.80079,205.83746 z M 301.36204,198.89199 C 299.76638,197.6848 299.13834,196.68593 299.96639,196.67227 C 302.20356,196.63537 306.02735,199.32277 305.08233,200.26779 C 304.63184,200.7183 302.9577,200.09919 301.36204,198.89199 z M 331.23802,139.98619 C 331.73832,139.4859 333.03684,139.43243 334.12367,139.86734 C 335.3247,140.34794 334.96796,140.7047 333.21406,140.77693 C 331.62697,140.8423 330.73774,140.48648 331.23802,139.98619 z M 334.39112,205.5254 C 336.57293,203.80919 338.35805,201.43792 338.35805,200.25594 C 338.35805,199.07396 338.96199,198.10688 339.70013,198.10688 C 341.76154,198.10688 345.88582,186.62582 345.88582,180.88735 C 345.88582,178.07457 347.24082,172.61212 348.89693,168.74856 C 352.50596,160.32904 352.67771,155.78465 349.61105,149.85436 C 347.17208,145.13791 345.13628,144.20474 344.02636,147.29441 C 343.06328,149.97532 345.68829,158.96245 347.43442,158.96245 C 348.23881,158.96245 347.47563,160.38376 345.73847,162.12091 C 343.5896,164.26979 342.81556,166.5115 343.31689,169.13409 C 343.79385,171.62915 343.05588,174.05992 341.22464,176.02551 C 339.66863,177.69571 337.97175,181.32109 337.45383,184.08192 C 336.76955,187.72938 335.51865,189.35095 332.87795,190.01373 C 329.9063,190.75956 329.57355,191.3232 331.05273,193.10549 C 332.58563,194.95252 332.18976,195.12852 328.45847,194.25891 C 324.1743,193.26044 324.13668,193.30136 327.06638,195.77237 C 330.00946,198.25464 329.98394,198.29205 325.93722,197.428 C 323.55079,196.91844 321.79694,197.19387 321.79694,198.0782 C 321.79694,198.92204 322.7732,199.61244 323.96642,199.61244 C 325.15963,199.61244 326.51479,200.22549 326.97787,200.97477 C 327.45461,201.74616 325.28451,201.99706 321.97518,201.55318 C 318.76063,201.12201 314.86485,201.50462 313.31791,202.40341 C 310.6166,203.97289 310.62444,204.04148 313.51639,204.13669 C 315.1725,204.19121 318.22125,205.20406 320.29139,206.38745 C 325.5743,209.40743 329.78304,209.15012 334.39112,205.5254 z M 344.38027,166.57909 C 344.38027,165.70216 345.05777,164.98467 345.88582,164.98467 C 346.71388,164.98467 347.39138,165.28343 347.39138,165.64859 C 347.39138,166.01375 346.71388,166.73124 345.88582,167.243 C 345.05777,167.75477 344.38027,167.45601 344.38027,166.57909 z M 118.54701,200.88992 C 118.54701,200.24316 116.17577,201.11306 113.27757,202.82305 C 110.37938,204.53303 108.00813,206.19296 108.00813,206.51181 C 108.00813,206.83064 110.37938,205.96075 113.27757,204.57869 C 116.17577,203.19664 118.54701,201.53669 118.54701,200.88992 z M 151.42533,202.77266 C 151.84327,199.82898 151.43977,199.37759 149.16699,200.24629 C 146.98971,201.0785 147.13918,200.61368 149.8681,198.06593 C 154.782,193.4783 153.28633,191.27964 145.4848,191.62246 C 139.04498,191.90544 138.98124,191.86371 143.04783,190.02699 C 148.22956,187.68662 146.87572,185.97553 140.57621,186.90319 L 135.8609,187.59755 L 140.06402,185.93081 C 143.64808,184.50955 143.98069,183.91894 142.32235,181.92075 C 141.25271,180.63192 140.71631,179.18008 141.13034,178.69445 C 141.54437,178.20881 139.85062,177.44005 137.36645,176.98613 C 133.56654,176.29175 133.33706,176.02628 135.92041,175.3132 C 140.18481,174.13611 139.97861,165.51806 135.70181,166.17662 C 133.37526,166.53487 133.25784,166.34192 135.06452,165.12931 C 137.46153,163.5205 137.35987,163.31345 132.84979,160.61816 C 129.97708,158.90139 129.99438,158.86125 133.22618,159.7448 C 135.64589,160.40634 136.61368,160.02531 136.61368,158.41113 C 136.61368,157.10166 134.87255,155.88758 132.4734,155.52414 C 128.61984,154.94038 128.67198,154.88133 133.22618,154.67136 C 135.91736,154.54729 138.11923,153.80827 138.11923,153.02909 C 138.11923,147.64433 125.44054,149.8993 122.37392,155.82947 C 120.2926,159.8543 120.45195,160.5556 125.26304,168.5452 C 129.0392,174.81614 130.53911,179.30041 131.0676,185.89914 C 131.94608,196.8678 133.22487,199.24004 140.58783,203.55979 C 147.67631,207.7185 150.75485,207.49491 151.42533,202.77266 z M 143.86738,194.76762 C 144.67026,193.96474 146.58476,193.5744 148.12181,193.9002 C 150.19168,194.33895 149.81309,194.71753 146.66202,195.36 C 143.91465,195.92014 142.92469,195.71031 143.86738,194.76762 z M 135.51587,182.14172 C 136.01617,181.64144 137.31471,181.58796 138.40152,182.02287 C 139.60255,182.50348 139.24581,182.86023 137.49191,182.93247 C 135.90481,182.99784 135.01559,182.64202 135.51587,182.14172 z M 245.33764,201.33946 C 248.05764,198.9771 251.0924,197.32729 252.08157,197.67321 C 254.61779,198.56016 260.0692,195.37956 260.0692,193.01285 C 260.0692,191.92551 262.7796,189.97118 266.09232,188.66991 C 269.40504,187.36863 272.52685,185.23184 273.02968,183.9215 C 275.73621,176.86839 266.54691,167.99578 256.53557,167.99578 C 248.92175,167.99578 243.50809,164.24657 243.50809,158.97364 C 243.50809,153.33699 239.96418,150.50813 235.46874,152.55639 C 232.2559,154.02026 231.80704,153.54629 228.48479,145.18213 C 226.53205,140.26586 224.25582,135.82409 223.42649,135.31153 C 222.48241,134.72806 222.34974,135.45708 223.07169,137.26133 C 225.47205,143.26024 225.55233,144.52084 223.28588,140.62444 C 221.99491,138.40505 221.35952,135.49242 221.87393,134.15192 C 223.5108,129.8863 227.30722,132.39619 229.26638,139.03918 C 232.76976,150.91828 233.09466,151.23652 235.33034,144.97888 C 236.78439,140.90899 236.94155,138.1546 235.87919,135.36035 C 234.16231,130.84464 235.03066,129.20007 237.88228,131.56672 C 239.41766,132.84097 240.46199,131.80921 242.57606,126.92942 C 244.65757,122.12482 245.17385,117.7595 244.77798,108.31159 C 244.19062,94.293397 242.03838,90.711576 231.2902,85.864818 C 226.2399,83.587455 224.46192,83.433994 220.35067,84.920654 C 217.65065,85.896992 213.87475,86.695809 211.95977,86.695809 C 209.76232,86.695809 205.67825,89.540059 200.88802,94.406434 L 193.29807,102.11706 L 195.04296,108.64106 C 196.00266,112.22926 196.39179,117.14545 195.90769,119.56594 C 194.67362,125.73632 197.4044,129.90103 205.03673,133.48865 C 208.64737,135.18584 212.74665,137.83982 214.14626,139.38637 C 215.54587,140.93292 217.47423,141.92659 218.43151,141.59451 C 219.38877,141.26244 221.52699,143.84876 223.1831,147.34188 C 224.83921,150.835 227.88796,154.5299 229.9581,155.55276 C 232.02823,156.57562 233.04448,157.44309 232.21643,157.48049 C 231.38837,157.51787 231.91017,158.24668 233.37598,159.10004 C 234.84179,159.95342 237.38241,160.22591 239.02181,159.70559 C 240.66121,159.18526 242.00254,159.4102 242.00254,160.20547 C 242.00254,161.89734 238.39035,163.47912 234.52681,163.47912 C 231.44315,163.47912 221.7465,173.57382 220.22482,178.36824 C 219.67013,180.11588 218.31818,181.54578 217.2205,181.54578 C 213.48613,181.54578 213.48026,186.05142 217.20744,191.54375 C 219.25197,194.55653 220.92477,197.60448 220.92477,198.31698 C 220.92477,199.02949 222.12096,199.61244 223.58297,199.61244 C 225.04499,199.61244 228.60186,200.92855 231.48714,202.53716 C 238.49095,206.44188 239.57025,206.34855 245.33764,201.33946 z M 231.0883,192.8015 C 230.68879,190.71161 230.87268,188.68602 231.49694,188.30021 C 232.1212,187.9144 232.92925,189.62432 233.29261,192.10002 C 234.0919,197.54593 232.11548,198.17489 231.0883,192.8015 z M 226.52389,191.04625 C 226.09814,188.81902 226.31495,185.6009 227.00573,183.89487 C 227.94649,181.57143 228.28562,182.58768 228.3571,187.94439 C 228.46335,195.90534 227.69976,197.19736 226.52389,191.04625 z M 237.48587,192.83744 C 237.48587,191.59536 237.75214,190.57911 238.07757,190.57911 C 238.40301,190.57911 239.05924,191.59536 239.53588,192.83744 C 240.01251,194.07952 239.74624,195.09577 238.94418,195.09577 C 238.14211,195.09577 237.48587,194.07952 237.48587,192.83744 z M 220.94782,187.44254 C 220.96049,185.4414 221.62134,182.78786 222.41633,181.54578 C 223.45333,179.92564 223.68473,180.7159 223.23522,184.34226 C 222.48155,190.42235 220.91549,192.54494 220.94782,187.44254 z M 252.57162,186.85161 C 251.38412,185.42075 251.26989,184.55689 252.26822,184.55689 C 254.08776,184.55689 256.20915,187.41323 255.16506,188.45733 C 254.78611,188.83628 253.61907,188.1137 252.57162,186.85161 z M 243.67537,176.86183 C 242.74785,174.20112 242.23957,171.77357 242.54588,171.46726 C 242.85218,171.16096 243.96268,172.98629 245.01365,175.52356 C 246.06461,178.06082 246.57289,180.48838 246.14314,180.91813 C 245.7134,181.34787 244.6029,179.52254 243.67537,176.86183 z M 255.55253,180.04022 C 254.19559,179.1633 254.0099,178.57157 255.08729,178.55772 C 256.07348,178.54504 257.2991,179.21217 257.81086,180.04022 C 258.96608,181.90941 258.44488,181.90941 255.55253,180.04022 z M 237.60473,177.52864 C 237.53936,176.56129 237.09596,174.52879 236.61941,173.01198 C 235.7958,170.39047 235.83828,170.38719 237.47875,172.94557 C 238.42793,174.42586 238.87133,176.45836 238.46406,177.46223 C 237.92962,178.77958 237.69052,178.79806 237.60473,177.52864 z M 211.97529,129.01572 C 210.33163,125.7939 207.10098,121.78413 204.79605,120.1051 C 202.49112,118.42608 201.04442,116.6132 201.58114,116.07648 C 203.11299,114.54461 212.45325,124.74542 214.39538,130.07134 C 216.78702,136.62994 215.59439,136.10974 211.97529,129.01572 z M 201.57706,126.43672 C 200.45846,125.17164 199.84156,123.83826 200.20619,123.47363 C 200.57082,123.109 202.09917,124.16983 203.60253,125.83102 C 205.10588,127.4922 205.72277,128.82558 204.97339,128.79408 C 204.224,128.76259 202.69565,127.70177 201.57706,126.43672 z M 205.96885,110.38116 C 201.68109,105.09677 201.51202,104.65188 204.97793,107.77358 C 208.57973,111.01769 212.85556,116.86116 211.56801,116.77977 C 211.33186,116.76485 208.81224,113.88548 205.96885,110.38116 z M 224.84973,112.91989 C 223.54442,109.51831 223.71727,95.726836 225.06504,95.741033 C 225.68608,95.747583 226.27594,100.15133 226.37584,105.52715 C 226.56631,115.77602 226.34923,116.82754 224.84973,112.91989 z M 232.96921,105.26432 C 232.96921,94.956865 233.73812,95.200916 234.94565,105.89164 C 235.46861,110.52146 235.24414,113.79581 234.40383,113.79581 C 233.61479,113.79581 232.96921,109.95664 232.96921,105.26432 z M 218.8782,104.4458 C 218.37032,102.54984 218.01358,99.643584 218.08545,97.987474 C 218.15731,96.331362 218.83623,97.619245 219.59413,100.84943 C 221.06195,107.10531 220.43469,110.25628 218.8782,104.4458 z M 208.68828,103.63331 C 206.81556,101.24541 206.86881,101.19216 209.25671,103.06487 C 211.76459,105.03168 212.56213,106.26803 211.323,106.26803 C 211.01037,106.26803 209.82474,105.08241 208.68828,103.63331 z M 101.58273,198.85959 C 106.44801,195.96136 112.72696,191.21886 115.53598,188.3207 C 121.8133,181.84415 120.78418,181.41278 113.85798,187.61735 C 111.05459,190.12865 104.86528,194.62869 100.10396,197.61744 C 92.211651,202.57158 90.29523,204.12912 92.091899,204.12912 C 92.446578,204.12912 96.717446,201.75783 101.58273,198.85959 z M 113.67606,197.18308 L 119.29979,191.74262 L 112.52479,196.7207 C 108.79854,199.45866 105.4675,201.90688 105.12247,202.16118 C 104.77745,202.4155 105.29552,202.62356 106.27376,202.62356 C 107.25198,202.62356 110.58302,200.17534 113.67606,197.18308 z M 104.94014,184.57919 C 107.80706,182.08276 109.48243,180.04022 108.66316,180.04022 C 107.84391,180.04022 104.93767,182.08246 102.20481,184.57852 C 99.47198,187.0746 95.255989,190.14074 92.83596,191.39218 C 90.41593,192.64363 88.435915,194.00267 88.435915,194.41225 C 88.435915,195.83658 99.760455,189.08953 104.94014,184.57919 z M 87.381514,189.61626 C 90.031562,188.25863 92.538552,186.7109 92.95258,186.17685 C 93.366607,185.64282 95.591171,183.75885 97.89607,181.99029 C 100.20096,180.22173 101.48507,178.40284 100.74963,177.94831 C 100.0142,177.4938 97.840906,178.79478 95.920089,180.8394 C 93.999272,182.88402 91.529544,184.55689 90.431799,184.55689 C 89.334069,184.55689 88.435915,185.21275 88.435915,186.01436 C 88.435915,186.81597 86.57279,188.48259 84.295638,189.71798 C 78.643528,192.7843 81.373175,192.69432 87.381514,189.61626 z M 83.528784,185.17694 C 87.185777,183.03379 89.929169,181.03163 89.625213,180.72767 C 88.955994,180.05846 73.380364,187.39486 73.380364,188.3793 C 73.380364,190.04658 77.36474,188.78929 83.528784,185.17694 z M 165.44096,185.10899 C 167.89001,182.89265 167.92396,182.30932 165.83857,178.27663 C 164.58454,175.85162 163.96165,172.59736 164.45437,171.04494 C 165.12346,168.93684 164.47618,168.05504 161.89722,167.56132 C 158.92851,166.99299 159.03959,166.87152 162.68922,166.69525 C 166.18438,166.52645 166.84923,165.89186 166.4531,163.10273 C 166.06365,160.36054 165.11159,159.77616 161.45534,160.03505 L 156.93867,160.35489 L 161.83173,158.86284 C 167.30603,157.19356 168.0062,155.3741 164.09006,152.99436 C 161.9138,151.67191 162.1334,151.54567 165.35209,152.26886 C 168.85711,153.0564 169.50828,152.46503 171.82992,146.38592 C 173.24953,142.66875 175.4573,138.7591 176.73609,137.69779 C 178.80978,135.97677 178.76054,135.64693 176.28046,134.64689 C 174.7043,134.01131 176.58429,133.77086 180.6205,134.09179 C 184.5369,134.40318 188.40136,135.06596 189.2082,135.56461 C 190.01504,136.06327 192.36541,136.04704 194.43123,135.52855 C 197.66109,134.7179 197.94167,134.19258 196.43414,131.77865 C 195.23754,129.86259 194.34258,129.51908 193.61487,130.69655 C 192.86159,131.91537 191.96275,131.95708 190.55203,130.83864 C 189.45385,129.96801 186.52283,128.54068 184.03867,127.66682 C 179.71686,126.14651 179.68439,126.07185 183.28589,125.93604 C 186.37733,125.81948 186.64632,125.50595 184.79144,124.18103 C 183.01281,122.91057 183.33261,122.73814 186.297,123.36921 C 189.974,124.15198 189.95663,124.08566 185.54422,120.49617 C 180.2989,116.22911 177.72663,115.95977 171.78994,119.05597 C 169.41813,120.29295 166.17507,121.3092 164.58316,121.31431 C 161.57249,121.32396 145.64701,136.52403 145.64701,139.38791 C 145.64701,140.2865 147.00201,142.47612 148.65812,144.25374 C 152.27567,148.13672 152.48535,149.92913 149.32204,149.92913 C 148.03108,149.92913 147.36463,149.29844 147.84104,148.52761 C 149.35826,146.07271 145.44585,144.96838 143.19736,147.21687 C 141.29904,149.11519 140.53977,157.0287 141.16238,168.4266 C 141.38683,172.53544 148.44513,185.77803 151.35078,187.54182 C 154.62149,189.52719 161.95878,188.26033 165.44096,185.10899 z M 157.31506,173.0209 C 158.35013,172.60325 160.04388,172.60325 161.07895,173.0209 C 162.11402,173.43856 161.26714,173.78029 159.19701,173.78029 C 157.12687,173.78029 156.27999,173.43856 157.31506,173.0209 z M 147.56031,162.56951 C 148.06061,162.06923 149.35915,162.01575 150.44597,162.45066 C 151.64699,162.93126 151.29025,163.28802 149.53635,163.36025 C 147.94926,163.42562 147.06003,163.0698 147.56031,162.56951 z M 155.80951,153.44869 C 156.84458,153.03103 158.53833,153.03103 159.5734,153.44869 C 160.60846,153.86634 159.76159,154.20807 157.69145,154.20807 C 155.62131,154.20807 154.77444,153.86634 155.80951,153.44869 z M 161.71547,147.29441 C 163.13101,146.25934 164.76471,145.41246 165.3459,145.41246 C 165.92711,145.41246 166.7276,146.25934 167.12479,147.29441 C 167.5999,148.53251 166.35789,149.17635 163.49436,149.17635 C 159.64334,149.17635 159.43835,148.95947 161.71547,147.29441 z M 153.58254,142.9973 C 154.08283,142.49701 155.38137,142.44354 156.46819,142.87845 C 157.66921,143.35905 157.31247,143.71581 155.55858,143.78804 C 153.97148,143.85341 153.08225,143.49759 153.58254,142.9973 z M 166.31974,139.90824 C 167.33905,139.49584 169.37155,139.47074 170.83641,139.85246 C 172.30127,140.23418 171.46728,140.57161 168.98311,140.60229 C 166.49895,140.63297 165.30044,140.32066 166.31974,139.90824 z M 184.79144,131.86247 C 182.84523,130.60473 182.88497,130.39983 185.07897,130.37996 C 186.4792,130.36728 188.04356,131.03441 188.55533,131.86247 C 189.73295,133.7679 187.73988,133.7679 184.79144,131.86247 z M 177.67142,129.4473 C 178.17171,128.94702 179.47024,128.89354 180.55707,129.32845 C 181.7581,129.80905 181.40135,130.16581 179.64746,130.23805 C 178.06036,130.30342 177.17114,129.9476 177.67142,129.4473 z M 199.06903,187.30554 C 201.34467,186.26867 204.14645,182.83137 205.844,178.99382 C 208.36092,173.30389 210.00159,171.88344 218.41877,168.10691 C 228.22145,163.70873 232.1648,160.46801 227.71385,160.46801 C 226.38177,160.46801 223.12367,159.31078 220.47361,157.8964 C 217.82355,156.482 215.1472,155.29638 214.52616,155.26168 C 213.90511,155.22696 213.39699,154.69044 213.39699,154.0694 C 213.39699,153.44836 213.39699,152.19026 213.39699,151.2736 C 213.39699,150.35696 214.45398,150.01258 215.74587,150.50833 C 217.03775,151.00406 215.53238,148.28262 212.40057,144.46068 L 206.70639,137.51169 L 197.47806,138.37343 C 192.40248,138.8474 187.64099,138.64147 186.89698,137.91581 C 184.43052,135.51019 176.2426,140.26601 175.11486,144.75928 C 174.53794,147.05796 172.7529,150.60792 171.14812,152.64806 C 166.94959,157.98562 167.30683,161.02622 171.99422,159.84977 C 176.49818,158.71933 177.10074,161.34453 172.66076,162.75371 C 169.90242,163.62918 166.72478,168.87763 166.72478,172.55807 C 166.72478,173.30341 168.87438,176.36149 171.50167,179.3538 C 175.63098,184.05683 176.92341,184.67339 181.03552,183.90196 C 184.64998,183.22387 186.45151,183.73776 188.53642,186.04155 C 191.69589,189.53272 193.66284,189.76876 199.06903,187.30554 z M 193.072,174.018 C 194.57076,172.36189 196.13577,171.00689 196.5498,171.00689 C 196.96383,171.00689 196.07632,172.36189 194.57755,174.018 C 193.07879,175.67411 191.51378,177.02911 191.09975,177.02911 C 190.68572,177.02911 191.57323,175.67411 193.072,174.018 z M 198.34144,176.64503 C 198.34144,176.231 199.35769,175.04884 200.59977,174.018 C 201.84185,172.98716 202.8581,172.4825 202.8581,172.89653 C 202.8581,173.31056 201.84185,174.49272 200.59977,175.52356 C 199.35769,176.5544 198.34144,177.05906 198.34144,176.64503 z M 182.59457,173.91856 C 184.38457,171.02229 195.72847,163.47764 198.19094,163.54566 C 199.5158,163.58225 198.22781,164.86691 195.32875,166.40044 C 192.4297,167.93398 188.76781,170.61403 187.19125,172.35613 C 184.24011,175.6171 180.82802,176.77689 182.59457,173.91856 z M 178.76922,167.91764 C 182.69279,165.24626 189.30811,161.87004 189.30811,162.53896 C 189.30811,163.3741 178.91756,169.50841 177.554,169.47829 C 176.98029,169.46561 177.52714,168.76331 178.76922,167.91764 z M 184.03867,152.94023 L 179.522,151.79094 L 184.3262,151.6128 C 186.96851,151.51484 189.54912,152.11218 190.06089,152.94023 C 191.09063,154.60637 190.58651,154.60637 184.03867,152.94023 z M 192.80366,149.4382 C 187.46752,147.46723 184.82502,145.41246 187.62639,145.41246 C 189.75517,145.41246 198.34144,149.666 198.34144,150.72057 C 198.34144,151.11334 198.17206,151.38313 197.96505,151.32014 C 197.75804,151.25715 195.43542,150.41027 192.80366,149.4382 z M 199.09422,147.58373 C 196.2875,145.2 195.7644,144.31673 197.71248,145.25068 C 200.51093,146.59231 205.58679,151.44608 204.17161,151.4272 C 203.86321,151.42309 201.57838,149.69352 199.09422,147.58373 z M 205.67717,145.91875 C 203.78709,143.62754 203.93187,143.58074 207.37477,145.3699 C 212.42207,147.99283 212.80201,148.42357 210.06837,148.42357 C 208.78967,148.42357 206.81363,147.29641 205.67717,145.91875 z M 298.42628,186.94441 C 301.71951,185.79831 305.35902,183.43727 306.51408,181.69763 C 307.86282,179.66635 310.21285,178.53467 313.08231,178.53467 C 318.95796,178.53467 323.18759,173.39845 323.25241,166.18467 C 323.27996,163.11843 324.07168,158.92152 325.0118,156.8582 C 326.37442,153.86755 326.14541,151.22332 323.88263,143.82041 C 320.26152,131.97365 316.63093,129.17269 308.17871,131.70503 C 304.90401,132.68616 302.22472,133.77037 302.22472,134.11437 C 302.22472,134.45839 303.95766,137.29349 306.07571,140.41459 C 308.43827,143.89604 309.61001,147.2678 309.10737,149.13839 C 308.65676,150.81539 308.2788,153.39566 308.2675,154.87236 C 308.25619,156.34906 305.8757,159.92852 302.9775,162.82671 C 300.07931,165.72491 297.70806,169.22532 297.70806,170.60541 C 297.70806,172.44366 297.26127,172.66788 296.0373,171.44391 C 294.85613,170.26274 293.06913,170.22543 289.93902,171.3166 C 285.74355,172.77914 285.64363,173.00604 288.03258,175.64579 C 290.45506,178.32261 290.35538,178.37469 285.48386,176.97756 C 277.53919,174.69906 275.28962,175.07612 276.19405,178.53467 C 276.99828,181.61002 279.6414,182.76436 279.6414,180.04022 C 279.6414,177.89156 281.62024,178.17811 284.99947,180.8161 C 287.77432,182.98226 287.71193,183.04986 283.76466,182.15416 C 280.16532,181.33741 279.7485,181.58689 280.65905,184.01301 C 281.55835,186.40919 281.36813,186.53696 279.34632,184.89486 C 277.40688,183.31962 276.83,183.37042 276.13659,185.17743 C 274.63558,189.08897 288.99353,190.22717 298.42628,186.94441 z M 290.93306,175.52356 C 290.42129,174.6955 290.68008,174.018 291.50814,174.018 C 292.33619,174.018 293.4324,174.6955 293.94417,175.52356 C 294.45594,176.35161 294.19715,177.02911 293.3691,177.02911 C 292.54104,177.02911 291.44483,176.35161 290.93306,175.52356 z M 301.12692,167.08617 C 301.62722,166.58589 302.92574,166.53241 304.01257,166.96732 C 305.2136,167.44793 304.85686,167.80468 303.10296,167.87692 C 301.51586,167.94229 300.62664,167.58647 301.12692,167.08617 z M 310.41494,163.33294 C 309.03659,161.10275 312.36163,157.94351 314.14329,159.79051 C 314.98537,160.66346 314.72306,161.94827 313.47011,163.08773 C 312.04058,164.38779 311.11289,164.46226 310.41494,163.33294 z M 313.51639,145.41246 C 310.64325,144.17783 310.6605,144.11369 313.89278,144.01273 C 315.7559,143.95453 317.28028,144.58441 317.28028,145.41246 C 317.28028,146.24052 317.1109,146.8704 316.90389,146.81219 C 316.69687,146.754 315.1725,146.12412 313.51639,145.41246 z M 308.24695,140.68702 C 308.24695,139.97379 309.94069,139.39024 312.01083,139.39024 C 314.08097,139.39024 315.77472,139.65001 315.77472,139.9675 C 315.77472,140.28501 314.08097,140.86855 312.01083,141.26428 C 309.94069,141.66002 308.24695,141.40025 308.24695,140.68702 z M 308.99972,134.87358 C 309.51149,134.04552 311.07585,133.37839 312.47608,133.39107 C 314.67008,133.41094 314.70983,133.61584 312.76361,134.87358 C 309.81518,136.77901 307.82211,136.77901 308.99972,134.87358 z M 352.5889,179.81918 C 351.83816,172.27279 350.40249,170.19513 350.40249,176.65506 C 350.40249,179.2095 349.99126,182.37117 349.48863,183.68097 C 348.89922,185.21697 349.39757,186.06244 350.8924,186.06244 C 352.70611,186.06244 353.07497,184.705 352.5889,179.81918 z M 85.424804,176.13546 C 85.424804,175.83442 83.731055,176.35983 81.660917,177.30305 C 79.590778,178.24628 77.897029,179.60236 77.897029,180.3166 C 77.897029,181.03082 79.590778,180.50541 81.660917,179.14899 C 83.731055,177.79259 85.424804,176.4365 85.424804,176.13546 z M 213.10622,174.73094 C 212.64268,174.2674 211.80083,175.10298 211.23545,176.58779 C 210.41841,178.73351 210.59134,178.90643 212.07826,177.4306 C 213.10719,176.40932 213.56977,175.19449 213.10622,174.73094 z M 48.538705,175.52356 C 50.52414,174.67039 50.780551,174.20145 49.291482,174.14688 C 48.049399,174.10135 46.0169,174.72086 44.774817,175.52356 C 42.022707,177.3021 44.399798,177.3021 48.538705,175.52356 z M 70.369253,173.17637 C 70.369253,172.81121 69.691754,172.51245 68.863698,172.51245 C 68.035643,172.51245 67.358143,173.22994 67.358143,174.10686 C 67.358143,174.98379 68.035643,175.28255 68.863698,174.77078 C 69.691754,174.25901 70.369253,173.54152 70.369253,173.17637 z M 60.112659,172.98954 C 59.025829,172.55463 57.727288,172.60811 57.227007,173.10839 C 56.726726,173.60869 57.615937,173.96451 59.203048,173.89914 C 60.95693,173.8269 61.313686,173.47015 60.112659,172.98954 z M 44.774817,171.00689 C 44.774817,170.17884 43.71858,169.50134 42.427626,169.50134 C 41.136673,169.50134 40.499161,170.17884 41.010929,171.00689 C 41.522697,171.83495 42.57892,172.51245 43.358105,172.51245 C 44.137305,172.51245 44.774817,171.83495 44.774817,171.00689 z M 286.49432,169.96112 C 287.89755,168.55788 290.39967,167.31003 292.05459,167.18811 C 293.7095,167.06619 295.69221,165.84303 296.4606,164.47 C 297.22899,163.09696 298.5962,161.97356 299.49884,161.97356 C 302.4858,161.97356 305.13937,156.78971 305.18796,150.85961 C 305.24538,143.85034 300.33125,135.22396 295.1611,133.25828 C 290.74776,131.58034 285.22365,131.41685 286.15049,132.99163 C 286.516,133.61267 284.47399,135.24509 281.61268,136.61922 C 276.51459,139.06757 276.46245,139.06003 279.01196,136.24283 C 281.51356,133.47862 281.45178,133.36802 277.40633,133.36802 C 274.22081,133.36802 270.85721,135.74468 263.55632,143.15413 C 258.21428,148.5756 252.60038,152.94023 250.96917,152.94023 C 249.17745,152.94023 248.01574,153.97169 248.00171,155.57495 C 247.982,157.82659 247.76645,157.88131 246.5192,155.95134 C 244.86804,153.39637 244.5576,154.51664 245.9275,158.08653 C 246.43012,159.39635 248.29324,160.48472 250.06778,160.50515 C 251.8423,160.52558 258.0367,163.19815 263.83309,166.4442 C 275.26686,172.84725 282.48756,173.96787 286.49432,169.96112 z M 272.64408,168.00585 C 270.86568,167.28832 268.97746,166.00035 268.44802,165.14369 C 267.62005,163.80402 277.77486,167.25665 279.51594,168.90679 C 280.62778,169.96056 275.97777,169.35092 272.64408,168.00585 z M 272.8664,160.46801 C 270.96844,159.65242 270.69015,159.17409 272.11362,159.17409 C 273.35571,159.17409 275.72696,159.75635 277.38307,160.46801 C 279.28103,161.2836 279.55932,161.76193 278.13584,161.76193 C 276.89376,161.76193 274.52251,161.17967 272.8664,160.46801 z M 278.54359,155.04173 C 279.04389,154.54145 280.34242,154.48797 281.42925,154.92288 C 282.63027,155.40349 282.27353,155.76024 280.51963,155.83248 C 278.93254,155.89785 278.04331,155.54203 278.54359,155.04173 z M 267.25696,146.91239 C 273.59199,143.04993 275.11103,143.05284 270.19725,146.91802 C 268.09185,148.57413 265.45985,149.9266 264.34839,149.9235 C 263.23692,149.92041 264.54578,148.56541 267.25696,146.91239 z M 278.13584,144.22562 C 278.13584,142.53074 283.89696,137.88469 285.99862,137.88469 C 286.64243,137.88469 287.16917,138.56219 287.16917,139.39024 C 287.16917,140.2183 286.37564,140.8958 285.40578,140.8958 C 284.43591,140.8958 282.40341,142.01704 280.88911,143.38748 C 279.37481,144.75789 278.13584,145.13506 278.13584,144.22562 z M 101.28478,168.05286 C 94.483293,160.53729 67.358143,144.80413 67.358143,148.37469 C 67.358143,149.19807 69.221268,150.30145 71.49842,150.82663 C 76.037578,151.87352 83.740179,156.6408 94.969723,165.35346 C 102.98708,171.5739 105.40764,172.60858 101.28478,168.05286 z M 56.819258,167.99578 C 55.577175,167.19308 53.883425,166.53634 53.05537,166.53634 C 52.227315,166.53634 52.566065,167.19308 53.808147,167.99578 C 55.05023,168.79848 56.74398,169.45522 57.572035,169.45522 C 58.400091,169.45522 58.061341,168.79848 56.819258,167.99578 z M 49.573774,165.46177 C 48.486944,165.02686 47.188402,165.08034 46.688122,165.58062 C 46.187841,166.08091 47.077052,166.43673 48.664163,166.37136 C 50.418044,166.29913 50.7748,165.94237 49.573774,165.46177 z M 65.852588,163.60613 C 64.610505,162.89829 61.223006,161.92924 58.324813,161.4527 C 53.107327,160.5948 53.114734,160.6068 59.07759,162.66976 C 65.964933,165.05257 69.167399,165.49518 65.852588,163.60613 z M 112.16116,160.4217 C 110.07274,157.05169 99.309304,149.09278 98.259677,150.14239 C 97.73222,150.66985 112.21879,163.14281 113.66671,163.40787 C 113.88074,163.44706 113.20324,162.10328 112.16116,160.4217 z M 99.738615,158.98031 C 98.307162,156.66419 85.643893,149.60509 83.940417,150.17367 C 83.102952,150.4532 86.312465,152.82098 91.072668,155.43542 C 101.22324,161.01038 100.91544,160.88447 99.738615,158.98031 z M 71.197806,155.06722 C 67.927273,153.8696 64.539774,153.15224 63.67003,153.47311 C 62.800301,153.79399 64.45995,154.76049 67.358143,155.62092 C 75.244151,157.96215 78.013017,157.56286 71.197806,155.06722 z M 222.43032,156.88846 C 222.43032,156.57583 221.2447,155.39021 219.7956,154.25374 C 217.4077,152.38102 217.35445,152.43427 219.22716,154.82218 C 221.19397,157.33005 222.43032,158.12759 222.43032,156.88846 z M 111.01924,150.29129 C 111.01924,149.66242 109.49486,148.21144 107.63174,147.0669 C 104.25627,144.99332 104.25442,144.99738 107.11231,148.21031 C 110.18075,151.65996 111.01924,152.10657 111.01924,150.29129 z M 141.50673,145.72914 C 142.95583,144.47024 144.14145,142.91612 144.14145,142.27555 C 144.14145,141.63498 142.95583,139.91476 141.50673,138.45285 C 139.09387,136.01866 139.08738,135.87635 141.42966,136.76293 C 144.24571,137.82885 146.63869,133.17951 144.80287,130.20908 C 144.11229,129.09172 144.75611,128.84353 146.72458,129.4683 C 148.89175,130.15613 150.77686,129.09018 153.76127,125.48932 L 157.83778,120.5708 L 154.37711,117.70296 L 150.91645,114.83514 L 154.30395,115.68007 C 156.16708,116.14479 157.69145,115.91094 157.69145,115.16041 C 157.69145,112.45652 150.96156,113.87671 145.35154,117.76445 C 141.55146,120.39792 139.62479,122.88919 139.62479,125.16943 C 139.62479,127.45093 137.91077,129.66509 134.5246,131.75786 C 127.76289,135.93683 126.53879,137.59642 125.29031,144.2773 L 124.23637,149.91714 L 131.5542,148.9676 C 135.57898,148.44536 140.05763,146.98804 141.50673,145.72914 z M 135.51587,139.98619 C 136.01617,139.4859 137.31471,139.43243 138.40152,139.86734 C 139.60255,140.34794 139.24581,140.7047 137.49191,140.77693 C 135.90481,140.8423 135.01559,140.48648 135.51587,139.98619 z M 146.77617,124.84315 C 147.81124,124.42549 149.50499,124.42549 150.54006,124.84315 C 151.57513,125.2608 150.72826,125.60253 148.65812,125.60253 C 146.58798,125.60253 145.7411,125.2608 146.77617,124.84315 z M 150.16368,121.32358 C 148.21746,120.06584 148.2572,119.86095 150.45121,119.84108 C 151.85143,119.8284 153.4158,120.49553 153.92756,121.32358 C 155.10518,123.22901 153.11211,123.22901 150.16368,121.32358 z M 248.89322,139.70319 C 247.97117,136.73863 250.33961,132.1699 251.959,133.78929 C 252.55676,134.38706 252.27685,137.38174 251.33698,140.44413 C 250.39711,143.50652 249.90586,146.28985 250.24531,146.62931 C 250.99224,147.37623 258.67596,142.11364 266.73879,135.33289 C 270.80668,131.91185 274.20162,130.35691 277.60298,130.35691 C 284.18462,130.35691 292.91127,126.05483 294.18724,122.18117 C 296.78293,114.30108 291.49617,95.72914 286.6573,95.72914 C 285.58137,95.72914 283.26114,94.073074 281.50124,92.049006 C 275.979,85.697882 262.43497,85.22026 262.29515,91.371732 C 262.23253,94.126913 255.40926,105.12105 254.39279,104.10459 C 253.96024,103.67203 255.40884,100.59436 257.61191,97.265303 C 261.81758,90.910099 261.72032,90.222873 256.97469,92.762669 C 251.92094,95.467354 249.53031,102.36382 249.53031,114.23812 C 249.53031,120.83926 248.44256,128.68133 246.85735,133.50872 C 245.38722,137.98563 244.43247,143.68107 244.73568,146.16524 L 245.28698,150.6819 L 247.48997,146.47818 C 248.70161,144.16615 249.33308,141.1174 248.89322,139.70319 z M 256.4021,131.42114 C 256.96748,129.93633 257.80933,129.10075 258.27287,129.5643 C 258.73642,130.02784 258.27384,131.24267 257.24491,132.26395 C 255.758,133.73979 255.58507,133.56686 256.4021,131.42114 z M 273.49536,123.7875 C 275.50031,121.31872 281.14695,117.58581 281.14695,118.72915 C 281.14695,119.01659 278.94508,120.86368 276.2539,122.83379 C 273.22608,125.05034 272.17452,125.4139 273.49536,123.7875 z M 271.57075,116.84785 C 274.17038,114.14211 277.00573,112.17914 277.87156,112.48569 C 278.7374,112.79222 276.61043,115.006 273.14499,117.40519 L 266.84418,121.76736 L 271.57075,116.84785 z M 281.4875,100.88007 C 282.91688,99.387715 284.41044,98.490781 284.80652,98.886862 C 285.2026,99.282944 284.03312,100.50395 282.20765,101.60022 C 279.03648,103.50463 279.0044,103.47255 281.4875,100.88007 z M 263.08031,100.81625 C 263.08031,100.02592 265.16168,97.033628 267.70558,94.16672 L 272.33089,88.954142 L 268.14287,94.976362 C 265.83948,98.288585 263.75811,101.28088 263.5176,101.62591 C 263.27708,101.97092 263.08031,101.60658 263.08031,100.81625 z M 275.96378,95.099456 C 277.56983,93.925078 279.20408,93.284419 279.59543,93.675773 C 280.42403,94.504355 276.54166,97.177785 274.46059,97.211645 C 273.68128,97.224321 274.35771,96.273834 275.96378,95.099456 z M 350.77252,140.51941 C 356.53758,136.09302 356.36397,121.18165 350.44386,112.29025 C 349.06551,110.22011 347.14356,105.75858 346.17289,102.37573 C 345.02106,98.361649 343.14108,95.647855 340.76082,94.563343 C 338.75488,93.649381 336.63187,91.335915 336.043,89.422309 C 335.45415,87.508703 331.83851,82.894282 328.00826,79.168034 C 321.17203,72.517431 320.86056,72.393039 311.04434,72.393039 C 303.63525,72.393039 300.28906,71.710444 298.12858,69.758317 C 296.5248,68.309221 293.01957,67.123596 290.33915,67.123596 C 287.65874,67.123596 284.12961,66.408561 282.49667,65.534633 C 278.69294,63.498945 273.65403,65.078213 273.50031,68.354219 C 273.42772,69.901443 273.08745,70.159643 272.62608,69.017569 C 272.07677,67.657732 271.08247,67.56951 268.98106,68.69415 C 264.76983,70.947939 265.4379,72.346552 270.90996,72.73227 C 273.66955,72.926791 276.87952,72.024437 278.43474,70.616985 C 280.82961,68.449663 281.14695,68.435163 281.14695,70.493064 C 281.14695,73.565222 284.80755,74.880499 287.15493,72.651776 C 288.61142,71.268914 288.79139,71.621446 287.98735,74.282399 C 286.57957,78.941523 290.80364,80.404892 295.01182,76.715906 C 296.77943,75.166387 297.77086,74.680108 297.21499,75.635294 C 295.91396,77.870953 310.70394,79.060432 313.06094,76.909701 C 314.19688,75.873191 314.38809,75.977202 313.67468,77.243573 C 313.10477,78.255246 313.77498,80.81752 315.16405,82.937507 C 317.55371,86.584594 317.84067,86.65534 320.49607,84.252248 C 322.15581,82.750201 323.3025,82.422968 323.3025,83.451353 C 323.3025,84.407757 322.69747,85.190254 321.95802,85.190254 C 320.07692,85.190254 318.7137,89.272657 319.71953,91.893813 C 320.36645,93.579674 321.37953,93.148513 324.14136,90.011869 C 326.11182,87.774012 327.74542,86.70695 327.77159,87.640635 C 327.79775,88.574305 326.80291,90.181636 325.56083,91.212474 C 324.31875,92.243313 323.3025,94.138114 323.3025,95.423151 C 323.3025,97.215424 324.26426,96.90951 327.43201,94.109644 C 331.07629,90.888569 331.22878,90.854408 328.72977,93.818952 C 326.46529,96.505283 326.26331,97.618342 327.72145,99.375294 C 328.72433,100.5837 330.37802,101.25266 331.39632,100.86191 C 332.70335,100.36036 333.07147,101.66148 332.64824,105.28674 C 332.07835,110.16832 332.26037,110.39443 336.33256,109.86336 C 340.13197,109.36785 340.04924,109.48194 335.60101,110.8722 C 331.54532,112.13978 330.91945,112.84195 332.33014,114.54172 C 333.63203,116.11043 335.05293,116.27175 337.9307,115.17763 C 343.40717,113.09548 343.89518,114.51337 338.47482,116.75854 C 334.54478,118.38642 334.09055,119.18194 334.86894,123.07389 C 335.35876,125.52297 337.69919,129.46642 340.06989,131.83713 C 342.4406,134.20784 344.38027,137.55462 344.38027,139.27443 C 344.38027,142.79704 347.1129,143.32926 350.77252,140.51941 z M 340.27135,121.91952 C 340.77165,121.41924 342.07017,121.36577 343.157,121.80068 C 344.35803,122.28128 344.00129,122.63804 342.24739,122.71027 C 340.6603,122.77564 339.77107,122.41982 340.27135,121.91952 z M 291.14139,75.404149 C 291.61803,74.162066 292.59175,73.145816 293.30521,73.145816 C 294.0187,73.145816 294.21248,74.162066 293.73585,75.404149 C 293.2592,76.646229 292.28549,77.662478 291.57202,77.662478 C 290.85854,77.662478 290.66476,76.646229 291.14139,75.404149 z M 329.16713,130.14768 C 332.64867,125.74612 332.68901,125.41139 330.33333,120.47148 C 328.99128,117.65718 328.2884,114.32483 328.77135,113.06626 C 330.23907,109.24144 328.10693,103.91974 324.2879,101.87586 C 322.30102,100.81251 319.13557,97.131368 317.25357,93.695541 C 312.11314,84.31107 308.2623,80.673589 303.46785,80.673589 C 298.85168,80.673589 298.76654,80.767791 300.14221,84.352774 C 300.83263,86.151957 301.5746,86.35456 303.03488,85.142633 C 304.57916,83.860999 304.81164,84.228852 304.12261,86.863709 C 303.41179,89.581883 303.73712,90.026458 305.84506,89.217554 C 307.96315,88.404765 308.25426,88.817648 307.41887,91.449705 C 306.56102,94.152522 306.85184,94.504657 309.20237,93.609363 C 311.45498,92.751362 311.63836,92.914866 310.12889,94.435506 C 307.30393,97.281367 307.86167,99.192189 311.25806,98.304017 C 314.2,97.534677 315.64366,99.503252 312.86611,100.49674 C 312.08641,100.77561 311.93062,103.26159 312.51543,106.09205 C 313.45257,110.62759 313.79135,110.91618 315.6084,108.72677 C 316.73072,107.37446 318.2955,106.26803 319.08569,106.26803 C 319.87588,106.26803 318.43612,108.02354 315.88619,110.16915 C 313.29712,112.34772 311.71053,114.81546 312.293,115.75792 C 312.86667,116.68612 313.18944,119.62215 313.01028,122.28241 C 312.62822,127.95564 314.52013,129.62873 318.75471,127.36245 C 320.80696,126.26412 321.79694,126.24146 321.79694,127.29284 C 321.79694,128.15002 321.00091,128.85136 320.02796,128.85136 C 319.05502,128.85136 319.56315,130.1661 321.15713,131.77299 C 324.88673,135.53281 324.9116,135.52776 329.16713,130.14768 z M 316.00325,122.00865 C 317.37102,120.61159 319.31098,119.74215 320.31429,120.07659 C 321.31759,120.41102 320.19849,121.55408 317.82742,122.61672 C 313.79181,124.42536 313.67527,124.3865 316.00325,122.00865 z M 316.43887,116.00626 C 318.04623,114.79051 320.03884,113.79581 320.8669,113.79581 C 321.69495,113.79581 321.05734,114.79051 319.44998,116.00626 C 317.84262,117.222 315.85,118.2167 315.02194,118.2167 C 314.19389,118.2167 314.83151,117.222 316.43887,116.00626 z M 306.365,127.66877 C 316.58996,121.82969 303.61134,84.376321 290.35397,81.464517 C 287.946,80.935631 284.77674,79.177925 283.31117,77.55849 C 281.08696,75.100761 279.3813,74.761087 272.99257,75.503577 C 261.95676,76.78614 257.22828,78.988466 254.60063,84.06976 C 250.93959,91.149452 254.5765,93.038833 258.63255,86.164348 C 262.01195,80.436705 264.38206,78.439209 261.57475,83.684699 C 259.24155,88.044335 261.64628,87.379135 265.65675,82.555533 C 267.61218,80.203645 268.70509,79.55332 268.18695,81.049977 C 267.10645,84.171008 270.47675,84.645047 273.53893,81.802755 C 275.00701,80.440092 275.28423,80.422402 274.5436,81.738633 C 273.26504,84.010862 282.03666,88.9103 283.4087,86.690284 C 283.91859,85.86527 285.05625,85.190254 285.93682,85.190254 C 286.96784,85.190254 286.89004,85.970839 285.71835,87.382643 C 282.56549,91.181595 285.48241,93.180957 289.94331,90.278563 C 293.40697,88.025003 293.67408,88.005175 291.93261,90.130808 C 289.42418,93.192626 291.1057,96.23204 294.77691,95.271993 C 297.10364,94.663553 297.2646,94.974555 295.82005,97.287615 C 294.53891,99.339071 294.55975,101.00549 295.90347,103.95462 C 297.46782,107.388 298.12531,107.6777 301.08901,106.2395 L 304.48306,104.59245 L 301.09556,107.55352 C 296.77442,111.33068 296.0269,123.37975 300.21336,121.77326 C 301.89791,121.12683 302.36205,121.38894 301.63008,122.57328 C 301.03133,123.54206 299.29893,124.33469 297.78028,124.33469 C 295.27633,124.33469 292.57687,127.73499 293.9727,129.1308 C 295.25622,130.41433 303.19792,129.47738 306.365,127.66877 z M 298.10236,100.71181 C 299.50218,99.312001 301.15211,98.671342 301.76889,99.288123 C 302.38567,99.904888 301.89367,101.03982 300.67557,101.81017 C 297.01019,104.12823 295.38125,103.43293 298.10236,100.71181 z M 191.56644,127.3458 C 191.05467,126.51775 189.82906,125.85062 188.84286,125.8633 C 187.76547,125.87715 187.95117,126.46888 189.30811,127.3458 C 192.20046,129.21499 192.72165,129.21499 191.56644,127.3458 z M 174.31907,114.92497 C 179.82834,111.77916 180.25242,111.05834 180.26318,104.82187 C 180.26955,101.12829 181.79915,94.118677 183.66228,89.244955 C 188.3274,77.041512 195.44854,71.450263 208.29582,69.903597 C 213.53714,69.272603 219.5378,67.634384 221.63063,66.263112 C 223.89221,64.781264 227.26908,64.038968 229.95527,64.433214 C 233.70232,64.983166 234.50462,64.562138 234.64941,61.969789 C 234.81857,58.941175 234.84692,58.937545 235.55248,61.854152 C 236.46851,65.64071 241.90975,71.640261 244.42793,71.640261 C 245.4732,71.640261 246.60168,69.438387 246.93564,66.747207 C 247.46818,62.45594 247.5725,62.632393 247.78381,68.181921 C 247.91633,71.662194 248.79328,76.196411 249.73258,78.257956 L 251.44041,82.006231 L 255.5075,77.939139 C 257.74439,75.702241 260.43139,72.271107 261.47859,70.314396 C 263.12459,67.238816 262.97605,66.350197 260.38238,63.75653 C 257.39983,60.773982 254.70373,59.977441 235.98032,56.547126 C 230.59796,55.561023 224.72391,54.064282 222.92687,53.221031 C 218.29102,51.045678 209.58202,53.067073 204.90155,57.404777 C 202.70777,59.437906 199.9681,61.101374 198.8134,61.101374 C 197.65871,61.101374 194.74066,62.56029 192.32887,64.343408 C 188.70182,67.025003 188.21292,68.088338 189.5007,70.494576 C 190.35701,72.094597 190.66398,73.797348 190.18287,74.278465 C 189.70175,74.759582 189.30811,74.492297 189.30811,73.684498 C 189.30811,72.8767 188.42346,71.005953 187.34223,69.527282 C 185.52337,67.039836 184.96446,67.010898 179.86805,69.140314 C 175.9563,70.774743 174.06739,72.670645 173.35115,75.681325 C 172.79644,78.013047 171.51326,80.937061 170.49966,82.179144 C 169.48605,83.421227 167.86619,86.7895 166.89997,89.664207 C 165.93376,92.538898 163.35101,96.761604 161.16052,99.047972 C 157.30037,103.07711 157.26131,103.29731 159.89152,106.20365 C 161.38407,107.8529 163.87088,109.60396 165.41778,110.09494 C 166.96469,110.5859 168.23034,111.64328 168.23034,112.44467 C 168.23034,113.34876 167.12514,113.31026 165.3182,112.34322 C 161.44856,110.27225 160.70256,110.37326 160.70256,112.96822 C 160.70256,115.02876 164.5381,118.16654 167.17928,118.26669 C 167.84329,118.29187 171.05619,116.7881 174.31907,114.92497 z M 166.72478,107.02081 C 165.67928,105.76105 165.51624,104.76247 166.35609,104.76247 C 167.18414,104.76247 168.70505,105.77872 169.73589,107.02081 C 170.78139,108.28057 170.94443,109.27914 170.10459,109.27914 C 169.27653,109.27914 167.75562,108.26289 166.72478,107.02081 z M 168.23034,101.79861 C 168.23034,100.99655 169.24659,100.73028 170.48867,101.20691 C 171.73075,101.68355 172.747,102.33978 172.747,102.66522 C 172.747,102.99065 171.73075,103.25692 170.48867,103.25692 C 169.24659,103.25692 168.23034,102.60068 168.23034,101.79861 z M 172.747,98.740251 C 171.55289,98.002243 170.91462,97.059674 171.32865,96.645646 C 171.74268,96.231619 173.05844,96.496687 174.25256,97.234695 C 175.44667,97.972704 176.08494,98.915272 175.67091,99.3293 C 175.25688,99.743327 173.94112,99.478259 172.747,98.740251 z M 175.00533,91.212474 C 174.49357,90.384419 174.79233,89.706919 175.66925,89.706919 C 176.54618,89.706919 177.26367,90.384419 177.26367,91.212474 C 177.26367,92.04053 176.96491,92.718029 176.59975,92.718029 C 176.23459,92.718029 175.5171,92.04053 175.00533,91.212474 z M 181.27849,79.66988 C 180.72644,79.117853 180.31772,77.254729 180.37021,75.529611 C 180.45796,72.645584 180.58178,72.683386 181.90811,75.99912 C 183.38251,79.685056 183.07668,81.468085 181.27849,79.66988 z M 184.79144,74.651371 C 183.82921,72.853421 183.38068,71.04362 183.79471,70.629593 C 184.20873,70.215565 185.33477,71.347866 186.297,73.145816 C 187.25923,74.943767 187.70776,76.75356 187.29374,77.167587 C 186.87971,77.581615 185.75367,76.449317 184.79144,74.651371 z M 251.05892,71.514799 C 251.07159,69.513665 251.74816,66.860124 252.56238,65.618039 C 253.60391,64.029189 253.75612,64.921833 253.07583,68.629151 C 251.88435,75.122288 251.02831,76.34706 251.05892,71.514799 z M 193.32293,70.636557 C 192.77088,70.084521 192.31922,68.932772 192.31922,68.077114 C 192.31922,67.133727 193.02046,67.222618 194.10079,68.302947 C 195.08066,69.282813 195.53233,70.434563 195.1045,70.862391 C 194.67666,71.29022 193.87495,71.188595 193.32293,70.636557 z M 241.43286,64.488873 C 242.85087,58.578085 243.50809,58.379416 243.50809,63.861558 C 243.50809,66.483733 242.81769,68.629151 241.97386,68.629151 C 241.06305,68.629151 240.84323,66.946752 241.43286,64.488873 z M 211.82242,62.477984 C 210.89814,60.750953 210.42551,59.05434 210.77211,58.707734 C 211.11872,58.361127 212.17534,59.774152 213.12015,61.847789 C 215.19491,66.401395 214.18471,66.891963 211.82242,62.477984 z M 206.56008,62.506763 C 206.01427,61.623616 205.89059,60.578147 206.28524,60.183499 C 206.67988,59.788849 207.40396,60.511424 207.89431,61.78922 C 208.91233,64.442169 208.04464,64.908817 206.56008,62.506763 z M 216.52696,63.106453 C 216.46159,62.139109 216.01819,60.10661 215.54164,58.589787 C 214.71802,55.968286 214.76051,55.965003 216.40098,58.523376 C 217.35016,60.003671 217.79356,62.03617 217.38629,63.040041 C 216.85185,64.357397 216.61275,64.375877 216.52696,63.106453 z M 220.52009,59.716503 C 219.86522,57.212245 220.06115,56.624428 221.17838,57.741653 C 222.05325,58.616534 222.47284,60.221029 222.11078,61.307198 C 221.73492,62.434778 221.05247,61.75232 220.52009,59.716503 z M 193.82477,116.17728 C 193.82477,112.81503 192.11532,109.22745 190.87771,109.99234 C 190.25841,110.37508 188.46628,109.65862 186.89519,108.40018 C 184.14975,106.20109 184.17039,106.14837 187.42616,107.04431 C 191.49312,108.16348 191.73711,106.78748 188.17894,102.79899 C 185.62498,99.936159 185.65959,99.880965 189.30811,100.99858 L 193.072,102.15154 L 190.06089,98.740251 L 187.04978,95.328963 L 190.5665,96.4243 C 193.74079,97.412983 193.92403,97.222214 192.44844,94.46503 C 189.97409,89.841681 190.47768,88.93618 193.834,91.973608 C 195.49519,93.476965 197.35726,94.204072 197.97192,93.589415 C 198.58657,92.974742 197.90492,91.605665 196.45713,90.547019 C 193.23137,88.188281 193.01,86.477654 196.08311,87.656925 C 197.41566,88.168272 198.34144,87.674977 198.34144,86.453595 C 198.34144,85.31514 200.05961,81.855163 202.1596,78.764756 C 205.61133,73.685085 205.71164,73.145816 203.20488,73.145816 C 198.463,73.145816 190.40542,80.335185 186.76071,87.81811 C 182.09022,97.407096 181.87178,107.58116 186.20572,113.66761 C 189.64645,118.49969 193.82477,119.87599 193.82477,116.17728 z M 359.81221,108.28204 C 358.77714,107.86438 357.08339,107.86438 356.04832,108.28204 C 355.01325,108.6997 355.86013,109.04143 357.93026,109.04143 C 360.0004,109.04143 360.84728,108.6997 359.81221,108.28204 z M 377.92723,102.71194 C 382.2532,100.88094 389.85672,94.223584 387.62196,94.223584 C 386.48849,94.223584 371.48026,103.53176 371.48026,104.23475 C 371.48026,105.16273 372.96605,104.81178 377.92723,102.71194 z M 250.40274,87.469228 C 249.08682,80.383182 245.5897,75.846108 238.17299,71.602696 C 228.90184,66.298284 227.8834,66.217021 219.77473,70.134706 C 216.34697,71.790817 212.5504,73.145816 211.3379,73.145816 C 207.93761,73.145816 199.64817,84.425854 200.81463,87.465599 C 201.71336,89.807641 201.92249,89.81973 203.1639,87.601461 C 203.91341,86.262179 204.02116,84.324906 203.40336,83.296386 C 202.5748,81.916997 202.91325,81.939309 204.69339,83.38142 C 207.401,85.574878 209.71731,83.480681 208.10475,80.2972 C 207.58044,79.262131 208.12329,79.600881 209.31105,81.049977 C 212.45399,84.884446 213.85581,84.279995 212.80263,79.544422 L 211.88184,75.404149 L 214.16439,79.489726 C 216.74796,84.114098 220.38647,83.716105 222.46087,78.582222 C 223.50078,76.008593 223.76316,75.905252 223.84044,78.038867 C 223.94962,81.053154 227.81893,81.621983 228.961,78.791645 C 229.44053,77.603235 229.76418,77.821284 229.83923,79.383343 C 230.00543,82.84219 234.12814,84.11717 234.95857,80.96654 C 235.39207,79.321886 235.70128,79.752791 235.82872,82.179144 C 235.98667,85.186084 236.31994,85.488866 237.48587,83.684699 C 238.72196,81.771981 238.94885,81.845076 238.96838,84.162351 C 238.98105,85.667139 241.1933,89.525018 243.88448,92.735419 L 248.77753,98.572517 L 249.87164,94.536755 C 250.47339,92.317085 250.71238,89.13669 250.40274,87.469228 z M 219.71272,75.404149 C 219.68203,72.919983 219.99435,71.721465 220.40676,72.740774 C 220.81917,73.760084 220.84426,75.792584 220.46254,77.257439 C 220.08083,78.722299 219.7434,77.888312 219.71272,75.404149 z M 373.77843,96.019907 C 373.31488,95.556362 372.10005,96.018959 371.07877,97.04787 C 369.60294,98.534788 369.77587,98.707716 371.92158,97.890682 C 373.40639,97.325299 374.24197,96.483453 373.77843,96.019907 z M 371.86488,87.121339 C 383.84773,82.50055 384.61033,80.816692 372.82799,84.994758 C 368.36049,86.578963 361.31776,88.930956 357.17749,90.221428 C 349.9221,92.482847 349.86762,92.540163 355.67193,91.805543 C 358.98415,91.386321 366.27098,89.278438 371.86488,87.121339 z M 371.57601,79.133029 C 375.96061,77.530411 380.14983,75.617351 380.88539,74.881792 C 381.62096,74.146235 378.28133,74.910983 373.46401,76.581234 C 368.6467,78.251482 361.31776,80.526631 357.17749,81.637114 L 349.64971,83.656184 L 356.62686,82.85154 C 360.46429,82.408997 367.19141,80.735663 371.57601,79.133029 z M 371.48026,72.694735 C 379.68213,69.684407 391.65215,62.704753 390.53274,61.585338 C 390.21322,61.265815 385.34017,63.408125 379.70375,66.346026 C 374.06734,69.283929 366.87528,72.100294 363.72141,72.604619 C 360.56754,73.108942 357.17851,74.495878 356.19022,75.686698 C 354.67182,77.516259 355.07576,77.687697 358.79651,76.792885 C 361.21828,76.210461 366.92595,74.3663 371.48026,72.694735 z M 348.42581,65.976875 C 348.04899,64.537432 347.75434,66.069706 347.77105,69.381929 C 347.78776,72.69415 348.09608,73.871875 348.4562,71.999097 C 348.81631,70.126317 348.80264,67.416318 348.42581,65.976875 z M 374.3338,64.81844 C 378.80143,62.738728 382.12953,60.709909 381.72958,60.309953 C 381.32962,59.909998 379.02928,60.500807 376.61771,61.622861 C 374.20614,62.744916 369.86179,64.764926 366.96359,66.111773 C 364.0654,67.458623 362.7104,68.569395 363.95248,68.580162 C 365.19457,68.590928 369.86615,66.898153 374.3338,64.81844 z M 336.38994,52.422814 C 337.72463,47.235577 338.42081,42.59563 337.937,42.111817 C 336.53977,40.714586 332.3179,56.579682 332.51047,62.5038 C 332.60653,65.458715 332.97269,66.521372 333.32416,64.865262 C 333.67564,63.209151 335.05524,57.610049 336.38994,52.422814 z M 349.88449,56.179666 C 349.47207,55.160357 349.15976,56.358875 349.19044,58.843041 C 349.22112,61.327207 349.55855,62.161188 349.94027,60.696332 C 350.32199,59.231476 350.29689,57.198977 349.88449,56.179666 z M 360.43292,56.20832 C 360.01526,55.173251 359.67353,56.020126 359.67353,58.090264 C 359.67353,60.160402 360.01526,61.007277 360.43292,59.972208 C 360.85057,58.937139 360.85057,57.243389 360.43292,56.20832 z M 384.54459,54.353566 L 388.79414,51.911741 L 384.47823,52.815437 C 382.10446,53.312471 378.18478,54.114638 375.76781,54.598032 C 373.35084,55.081427 370.71032,56.715749 369.9,58.229862 C 368.50692,60.83284 368.7499,60.868748 374.36085,58.889092 C 377.62464,57.737556 382.20732,55.69657 384.54459,54.353566 z M 355.48883,53.19721 C 356.07846,50.739332 355.85863,49.056933 354.94783,49.056933 C 354.104,49.056933 353.4136,51.202349 353.4136,53.824525 C 353.4136,59.306667 354.07082,59.107998 355.48883,53.19721 z M 371.95784,43.78749 C 374.90731,32.04274 373.91312,31.088872 370.61228,42.4965 C 369.20881,47.346821 367.71399,52.331516 367.29046,53.573599 C 366.7645,55.116114 367.02264,55.35472 368.10486,54.326376 C 368.9763,53.498321 370.71014,48.755822 371.95784,43.78749 z M 364.53197,44.633767 C 367.45602,35.694013 367.56485,33.409026 364.82328,38.518048 C 362.6509,42.56635 360.25126,52.068043 361.40123,52.068043 C 361.78573,52.068043 363.19457,48.722619 364.53197,44.633767 z M 382.20287,47.797807 C 380.23378,47.519316 377.5752,48.338982 376.29489,49.619288 C 374.19482,51.719357 374.5451,51.7689 379.87504,50.125637 C 384.85019,48.591757 385.21774,48.224206 382.20287,47.797807 z M 391.05248,46.045823 C 392.99869,44.788084 392.95894,44.58319 390.76494,44.563323 C 389.36472,44.550643 387.80036,45.217768 387.28859,46.045823 C 386.11097,47.951249 388.10404,47.951249 391.05248,46.045823 z M 399.33303,43.034713 C 399.8448,42.206658 399.58601,41.529158 398.75795,41.529158 C 397.9299,41.529158 396.83369,42.206658 396.32192,43.034713 C 395.81015,43.862768 396.06894,44.540268 396.89699,44.540268 C 397.72505,44.540268 398.82126,43.862768 399.33303,43.034713 z M 396.54421,37.770625 C 401.30159,36.531489 405.87918,34.832446 406.71666,33.994975 C 408.14336,32.568272 396.24271,35.614615 389.03606,38.520877 C 384.00232,40.550856 387.03279,40.248037 396.54421,37.770625 z M 379.91765,34.409138 C 379.41736,33.908855 379.06153,34.798074 379.1269,36.385179 C 379.19913,38.139063 379.55589,38.495815 380.03649,37.294784 C 380.4714,36.207963 380.41793,34.909422 379.91765,34.409138 z M 391.92401,22.333332 C 393.01626,19.642152 393.37425,17.440278 392.71952,17.440278 C 392.06478,17.440278 390.74436,20.059506 389.78523,23.260784 C 388.04597,29.0659 387.53455,33.770099 389.10858,29.484719 C 389.56479,28.242636 390.83175,25.024512 391.92401,22.333332 z M 396.47875,22.364697 C 395.97847,21.864415 395.62263,22.753633 395.688,24.340738 C 395.76024,26.094624 396.117,26.451376 396.5976,25.250345 C 397.03251,24.163522 396.97903,22.864981 396.47875,22.364697 z M 409.31118,20.827777 C 411.2225,18.390652 411.15165,18.358701 408.36636,20.401753 C 406.71025,21.616537 405.07296,22.802162 404.72793,23.036474 C 404.38292,23.270788 404.80808,23.462498 405.67276,23.462498 C 406.53743,23.462498 408.17472,22.276874 409.31118,20.827777 z M 427.97841,8.6977114 C 427.51487,8.2341706 426.30003,8.6967569 425.27876,9.7256804 C 423.80292,11.212591 423.97585,11.385525 426.12157,10.568483 C 427.60637,10.0031 428.44196,9.1612523 427.97841,8.6977114 z"
     id="path2313" />
</svg>
