<svg
    xmlns="http://www.w3.org/2000/svg" 
    height="60"
    width="60"
    viewbox="0 0 60 60"
>
    <rect
        x="0.5"
        y="0.5"
        width="59"
        height="59"
        rx="5"
        ry="5"
        style="fill:#ffff00;stroke:#000000;stroke-width:0.5px"
    />
    <path
        d="m 29.3,3.9 c -2.4,1.9 -3.9,4.6 -4.6,7.3 -0.7,2.9 -0.4,5.7 0.5,7.3 1.3,0.0 2.6,0.1 3.9,0.2 -1.0,-4.4 -0.2,-9.8 0.2,-14.7 z m 7.7,0.5 c -2.7,1.6 -4.5,4.0 -5.5,6.6 a 13.9,13.6 0 0 0 -0.8,2.7 c 0.0,1.8 0.2,3.6 0.5,5.0 1.2,0.2 2.4,0.4 3.6,0.7 -0.5,-4.6 1.0,-10.1 2.1,-15.0 z M 21.7,18.7 c -3.6,1.5 -6.5,3.0 -8.9,4.8 3.2,-0.9 6.4,-1.7 11.5,-1.9 -0.8,-1.4 -1.7,-2.4 -2.6,-2.9 z m 4.3,1.7 c 1.2,2.0 2.1,4.6 2.9,7.5 1.1,4.1 1.7,8.8 2.0,13.4 l 0.1,0.6 c 0.8,-1.7 1.7,-3.0 2.9,-4.1 1.7,-1.6 4.1,-2.4 8.0,-2.6 l 9.5,-0.6 c 0.2,-0.3 0.4,-0.6 0.7,-0.8 0.5,-0.4 1.0,-0.6 1.5,-0.9 0.9,-0.4 1.7,-0.6 2.4,-0.9 l 0.2,-1.5 -13.7,-2.9 -3.4,-4.4 c -4.3,-2.2 -8.7,-2.6 -13.1,-2.8 z m -0.7,3.2 c -7.5,0.1 -10.7,1.5 -15.7,2.9 a 20.1,19.5 0 0 0 -1.9,2.6 c 5.2,-1.4 9.9,-2.9 16.0,-2.9 0.9,0.0 1.8,0.0 2.6,0.0 -0.3,-1.0 -0.7,-1.9 -1.0,-2.7 z m 12.0,0.3 3.1,4.2 -6.5,-1.8 c -1.2,-0.9 0.3,-1.7 3.4,-2.4 z M 23.7,28.2 C 17.3,28.2 12.5,30.0 6.5,31.5 6.1,32.3 5.8,33.2 5.5,34.1 11.6,32.3 17.2,30.9 22.8,30.9 c 1.6,0.0 3.2,0.1 4.8,0.3 C 27.4,30.2 27.2,29.2 27.0,28.3 25.8,28.2 24.7,28.2 23.7,28.2 Z m -0.8,4.7 c -5.7,0.0 -11.5,1.5 -17.9,3.5 A 41.0,39.9 0 0 0 4.4,38.5 c -0.2,1.3 -0.6,3.5 -0.7,5.3 -0.1,0.9 0.0,1.7 0.0,2.2 0.0,0.2 0.1,0.4 0.1,0.4 0.5,0.1 0.8,0.3 1.2,0.4 0.2,-1.2 0.2,-2.5 0.3,-3.5 0.1,-1.2 0.2,-2.3 0.3,-3.3 0.0,-0.5 0.1,-0.9 0.2,-1.2 0.1,-0.2 0.1,-0.3 0.2,-0.5 0.1,-0.2 0.3,-0.5 0.7,-0.6 6.9,-2.2 13.8,0.4 18.0,5.9 l 0.2,0.3 -1.5,11.4 4.2,0.8 1.2,-11.0 C 29.0,41.3 28.6,37.1 28.0,33.2 26.2,32.9 24.5,32.8 22.8,32.8 Z m 11.1,8.0 c -0.7,1.1 -1.4,2.6 -2.3,4.4 l -0.1,0.2 2.4,10.6 3.6,-0.5 z"
        style="fill:#000000;stroke:none"
    />
</svg>