<svg
    xmlns="http://www.w3.org/2000/svg" 
    height="60"
    width="60"
    viewbox="0 0 60 60"
>
    <rect
        x="0.5"
        y="0.5"
        width="59"
        height="59"
        rx="5"
        ry="5"
        style="fill:#5694c8;stroke:#000000;stroke-width:0.5px"
    />
    <path
        d="m 20.7,2.1 c -3.2,0.0 -6.3,0.7 -7.7,1.1 0,0 13.3,2.3 14.4,11.4 C 17.3,0.1 6.3,17.8 6.3,17.8 c 2.3,-0.6 8.9,-2.4 13.3,-1.6 3.0,0.5 5.9,3.2 5.8,3.2 -7.2,1.8 -18.6,33.7 -16.6,36.2 1.7,2.0 3.4,1.3 5.2,0.3 0.9,-6.8 7.5,-36.4 15.7,-34.0 0.0,0.0 0.0,0.0 0.0,0 0.7,0.2 1.3,0.6 1.4,1.3 0.1,1.2 -0.7,3.2 -0.5,4.5 0.4,3.2 1.0,4.3 1.9,5.4 2.1,-1.2 4.2,-5.6 4.6,-7.8 1.9,0.8 5.0,2.8 7.5,10.0 1.3,-6.8 -0.6,-12.2 -6.8,-14.5 2.7,-1.2 14.5,4.7 15.9,8.0 1.4,-5.9 -8.5,-13.2 -16.7,-12.8 1.6,-0.4 3.3,0.1 5.0,-1.1 2.2,-1.6 4.8,-3.0 7.2,-4.5 C 41.0,6.7 33.5,8.4 33.0,12.1 32.5,4.0 26.3,2.1 20.7,2.1 Z"
        style="fill:#000000;stroke:none"
    />
    <path
        d="m 48.0,39.0 c -0.9,0.9 -1.1,2.4 -0.2,3.4 0.2,-0.2 0.4,-0.4 0.6,-0.6 -0.6,-0.7 -0.4,-1.7 0.2,-2.4 l -0.6,-0.6 z m 3.7,0 -0.6,0.6 c 0.6,0.6 0.7,1.7 0.2,2.4 0.2,0.2 0.4,0.4 0.6,0.6 0.7,-1.1 0.7,-2.4 -0.2,-3.4 z m -1.9,3.0 c -1.1,0 -1.9,0.9 -1.9,2.0 0.0,0.0 0.0,0.0 0.0,0.2 v 0 c 0.6,0.2 1.1,0.4 1.9,0.4 0.7,0 1.5,-0.2 2.0,-0.4 v 0 c 0,-0.2 0.2,-0.2 0,-0.2 0,-1.1 -0.9,-2.0 -1.9,-2.0 z m -5.0,0.6 c -1.7,0.9 -3.0,3.0 -3.0,6.1 v 0.4 h 3.0 c 0,-0.2 0.2,-0.6 0.4,-0.7 h -2.6 c 0,-2.8 1.1,-4.1 2.6,-5.0 l -0.4,-0.6 z m 10.1,0 -0.4,0.6 c 1.5,0.9 2.4,2.2 2.6,5.0 h -2.6 c 0.2,0.2 0.2,0.6 0.4,0.7 h 3.0 v -0.4 c 0,-3.2 -1.1,-5.0 -3.0,-6.1 z m -7.6,2.2 c -0.9,0.4 -1.5,1.1 -1.5,1.9 0,0.4 0.2,0.7 0.4,0.9 l 0.2,0.2 c 0.9,0.6 2.2,0.9 3.5,1.1 1.1,-0.2 2.2,-0.6 3.4,-1.1 l 0.2,-0.2 c 0.2,-0.4 0.4,-0.6 0.4,-0.9 0,-0.7 -0.6,-1.3 -1.5,-1.7 -0.7,0.4 -1.7,0.6 -2.6,0.6 -0.9,0 -1.9,-0.2 -2.4,-0.6 z m 6.3,3.5 c -1.1,0.6 -2.2,0.9 -3.6,1.1 v 6.5 c 2.2,-0.2 4.1,-2.4 4.1,-5.0 0.0,-0.9 -0.2,-1.9 -0.7,-2.6 z m -7.6,0 c -0.4,0.7 -0.7,1.7 -0.7,2.6 0,2.6 1.9,4.8 4.1,5.0 V 49.6 C 48.2,49.4 47.0,49.0 45.9,48.5 Z m -5.0,1.7 v 0.4 c 0,2.2 0.6,4.5 1.9,6.3 l 0.6,-0.4 c -1.1,-1.5 -1.7,-3.5 -1.7,-5.6 h 2.8 c 0,-0.2 0,-0.6 0,-0.7 h -3.7 z m 14.0,0.0 c 0.0,0.2 0,0.6 0,0.7 h 2.8 c 0,2.0 -0.6,3.9 -1.7,5.6 l 0.6,0.4 C 57.8,54.8 58.4,52.6 58.4,50.4 v -0.4 h -3.7 z m -11.9,1.9 v 0.4 c 0,1.3 0.7,2.6 1.7,3.7 0.9,0.9 2.2,1.7 3.4,2.0 L 48.2,57.3 C 47.0,56.9 45.9,56.3 45.2,55.4 44.4,54.6 43.9,53.5 43.7,52.6 h 0.9 c 0.0,-0.2 0,-0.6 0.0,-0.7 z m 12.1,0 c 0.0,0.2 0,0.6 -0.2,0.7 h 0.9 c -0.2,0.9 -0.6,2.0 -1.3,2.8 -0.9,0.9 -1.9,1.5 -3.0,1.7 l 0.2,0.7 c 1.1,-0.2 2.4,-0.9 3.4,-2.0 0.9,-0.9 1.7,-2.2 1.7,-3.7 v -0.2 z"
        style="fill:#ff0000;stoke:none"
    />
</svg>