<svg
    xmlns="http://www.w3.org/2000/svg" 
    height="60"
    width="60"
    viewbox="0 0 60 60"
>
    <rect
        x="0.5"
        y="0.5"
        width="59"
        height="59"
        rx="5"
        ry="5"
        style="fill:#9e9392;stroke:#000000;stroke-width:0.5px"
    />
    <path
        d="M 12.4,3.5 C 10.3,6.5 9.1,9.3 8.8,11.6 l 2.7,4.4 3.2,-3.7 c 0.1,-2.4 -0.6,-5.4 -2.2,-8.7 z m 41.6,0.3 c -3.2,1.8 -5.5,3.8 -6.8,5.7 l 0.5,5.1 4.5,-2.0 C 53.4,10.6 54.1,7.5 54.1,3.8 Z M 43.8,6.9 c -1.1,2.3 -1.9,4.5 -2.2,6.5 l 2.0,6.4 2.2,-3.8 -0.7,-6.9 h 0.0 C 44.7,8.3 44.3,7.6 43.8,6.9 Z M 4.5,10.6 c 0.0,2.6 0.3,4.9 0.8,6.8 l 4.6,4.9 0.3,-4.4 -3.6,-5.9 0.0,0.0 C 5.9,11.6 5.3,11.1 4.5,10.6 Z m 14.8,1.2 c -0.9,0.4 -1.8,0.8 -2.6,1.2 l -4.4,5.1 -0.3,4.4 5.6,-4.4 c 0.7,-1.8 1.3,-3.9 1.7,-6.4 z m 19.7,2.4 c -2.7,6.5 -1.8,10.9 0.9,12.1 l 2.4,-4.1 -2.2,-6.8 C 39.7,15.0 39.4,14.6 39.0,14.2 Z m 16.2,0.0 c -0.5,0.0 -1.0,0.0 -1.5,0.0 l -6.1,2.7 -2.2,3.8 6.9,-1.5 C 53.8,18.0 55.3,16.3 56.7,14.3 56.2,14.2 55.7,14.2 55.3,14.2 Z m -25.2,1.0 c -2.6,2.6 -4.3,5.1 -5.1,7.3 l 1.8,4.8 3.8,-3.1 c 0.5,-2.3 0.4,-5.4 -0.6,-9.0 z M 3.3,19.3 c 0.4,7.0 3.1,10.6 6.0,10.5 l 0.4,-4.7 -4.9,-5.2 C 4.3,19.7 3.8,19.5 3.3,19.3 Z M 19.2,20.6 c -0.7,0.2 -1.4,0.3 -2.1,0.5 l -5.4,4.2 -0.4,4.7 c 2.9,0.8 6.4,-2.3 7.9,-9.4 z m 1.8,0.2 c -0.5,2.6 -0.6,4.9 -0.5,6.8 l 3.6,5.7 1.1,-4.2 -2.5,-6.5 h 0.0 c -0.6,-0.6 -1.1,-1.2 -1.8,-1.8 z m 29.8,1.0 -6.7,1.5 -2.3,4.0 C 44.0,29.3 48.4,27.9 52.9,22.2 52.1,22.0 51.4,21.9 50.8,21.8 Z m -15.4,2.8 c -1.0,0.2 -1.9,0.5 -2.8,0.7 l -5.2,4.2 -1.1,4.2 6.3,-3.3 c 1.1,-1.6 2.0,-3.6 2.9,-6.0 z m 17.3,2.8 c -2.9,2.3 -4.9,4.6 -5.9,6.7 l 1.2,5.0 4.1,-2.6 c 0.8,-2.2 1.0,-5.4 0.5,-9.0 z M 38.9,28.4 C 35.1,37.0 32.3,46.1 31.9,56.5 h 2.1 C 34.4,46.4 37.0,37.7 40.8,29.2 L 38.9,28.4 Z M 18.3,29.1 c -0.9,6.9 1.1,11.0 4.0,11.4 l 1.2,-4.5 -3.9,-6.0 c -0.4,-0.3 -0.9,-0.6 -1.3,-0.8 z m 24.7,2.7 c -0.8,2.5 -1.2,4.8 -1.3,6.7 l 2.9,6.1 1.6,-4.1 -1.7,-6.8 h 0.0 c -0.5,-0.7 -1.0,-1.3 -1.6,-2.0 z M 9.3,32.0 c -1.0,8.3 -0.9,16.5 1.4,24.5 h 2.2 C 10.5,48.6 10.4,40.6 11.3,32.3 L 9.3,32.0 Z m 24.4,1.2 c -0.7,0.0 -1.4,0.0 -2.1,0.1 l -6.1,3.2 -1.2,4.5 c 2.7,1.4 6.7,-1.1 9.4,-7.8 z m 23.0,4.1 c -1.0,0.1 -2.0,0.2 -2.9,0.4 l -5.7,3.6 -1.6,4.1 6.6,-2.5 c 1.2,-1.5 2.5,-3.3 3.5,-5.6 z m -17.5,2.4 c -1.7,6.8 -0.2,11.0 2.6,11.8 l 1.7,-4.4 -3.1,-6.5 c -0.4,-0.3 -0.8,-0.7 -1.2,-1.0 z m -17.3,2.8 c -1.4,4.6 -2.5,9.2 -3.0,13.8 h 2.1 c 0.5,-4.4 1.5,-8.8 2.9,-13.2 l -2.0,-0.6 z m 30.0,3.0 -6.5,2.4 -1.7,4.3 c 2.6,1.7 6.8,-0.3 10.3,-6.6 -0.7,-0.1 -1.4,-0.1 -2.1,-0.1 z M 41.1,53.8 c -0.2,0.9 -0.4,1.8 -0.4,2.7 h 2.1 c 0.1,-0.7 0.2,-1.5 0.3,-2.2 l -2.0,-0.5 z"
        style="fill:#000000;stroke:none"
    />
</svg>