<svg
    xmlns="http://www.w3.org/2000/svg" 
    height="60"
    width="60"
    viewbox="0 0 60 60"
>
    <rect
        x="0.5"
        y="0.5"
        width="59"
        height="59"
        rx="5"
        ry="5"
        style="fill:#ff0000;stroke:#000000;stroke-width:0.5px"
    />
    <path
        d="m 19.1,10.2 c -6.3,0.0 -12.5,3.4 -16.3,6.4 a 1.3,1.3 0 1 0 1.6,2.0 C 8.4,15.4 15.8,11.7 22.0,13.0 c 2.4,0.5 8.1,2.6 14.5,4.3 6.4,1.7 13.8,3.0 20.1,2.0 A 1.3,1.3 0 1 0 56.2,16.8 C 50.5,17.7 43.5,16.5 37.2,14.8 30.9,13.2 25.4,11.1 22.5,10.5 21.6,10.3 20.6,10.2 19.7,10.2 c -0.2,0.0 -0.4,0.0 -0.6,0.0 z m -1.3,11.1 c -3.0,0.0 -5.9,0.7 -8.5,2.7 -0.7,0.5 -2.2,1.9 -3.6,3.4 -0.7,0.8 -1.4,1.5 -2.0,2.3 -0.6,0.7 -1.0,1.3 -1.1,2.3 0.0,0.4 0.1,1.1 0.6,1.5 0.5,0.4 1.0,0.3 1.4,0.3 0.7,-0.1 1.2,-0.3 1.7,-0.6 0.6,-0.2 1.1,-0.5 1.5,-0.6 0.1,0.0 0.1,0.0 0.2,0.0 1.6,1.4 3.4,2.3 5.4,2.7 0.2,1.2 0.2,2.0 0.3,2.6 -0.2,-0.2 -0.4,-0.3 -1.0,-0.3 -0.4,0.0 -0.9,0.3 -1.2,0.6 -0.2,0.3 -0.3,0.6 -0.3,0.9 -0.1,1.1 0.3,2.0 0.6,2.6 0.3,0.6 0.6,1.2 0.7,2.6 0.2,1.6 0.2,1.5 0.2,1.6 0.0,0.1 0.0,0.6 0.1,2.7 a 1.3,1.3 0 1 0 2.5,-0.2 c -0.1,-2.1 -0.1,-2.3 -0.1,-2.4 0.0,-0.2 0.0,-0.3 -0.2,-1.9 -0.1,-1.3 -0.4,-2.3 -0.7,-2.9 0.4,0.0 0.8,-0.1 1.1,-0.4 0.5,-0.5 0.6,-1.0 0.7,-1.5 0.1,-0.8 0.1,-1.9 -0.2,-3.5 5.1,4.8 8.4,7.8 11.5,9.8 3.2,2.0 6.2,3.0 10.5,3.5 3.1,0.4 7.3,0.6 10.9,0.0 1.8,-0.4 3.6,-0.9 5.0,-1.9 1.4,-1.0 2.6,-2.4 3.0,-4.2 0.4,-2.0 -0.8,-3.8 -2.3,-5.0 -1.5,-1.2 -3.4,-2.1 -5.3,-1.7 -1.5,0.3 -2.6,1.4 -3.3,2.7 -0.4,0.6 -0.6,1.3 -0.6,2.1 0.0,0.8 0.4,1.7 1.2,2.2 a 1.3,1.3 0 1 0 1.4,-2.1 c -0.1,-0.1 -0.1,0.0 -0.1,-0.1 0.0,-0.2 0.1,-0.5 0.3,-0.9 0.4,-0.7 1.4,-1.4 1.6,-1.5 0.7,-0.1 2.1,0.3 3.1,1.2 1.0,0.9 1.5,2.0 1.4,2.5 -0.2,1.1 -0.9,2.0 -1.9,2.7 -1.0,0.7 -2.4,1.2 -4.1,1.5 -3.2,0.6 -7.2,0.4 -10.1,0.1 -4.1,-0.5 -6.6,-1.3 -9.5,-3.2 -2.5,-1.6 -5.3,-4.1 -9.5,-8.0 1.3,-0.2 2.7,-0.5 4.1,-0.9 5.6,-1.5 11.4,-4.1 15.9,-5.1 5.7,1.1 11.5,1.1 17.2,-0.4 a 1.3,1.3 0 0 0 -0.3,-2.5 1.3,1.3 0 0 0 -0.3,0.0 c -5.7,1.5 -11.4,1.4 -17.1,0.2 a 1.3,1.3 0 0 0 -0.4,0.0 c -4.4,-1.0 -9.3,-3.2 -14.2,-4.5 -1.9,-0.5 -3.9,-0.9 -5.9,-1.0 -0.2,0.0 -0.4,0.0 -0.6,0.0 z m 0.2,2.5 c 0.1,0.0 0.3,0.0 0.4,0.0 1.7,0.1 3.4,0.4 5.2,0.9 3.5,0.9 7.1,2.3 10.8,3.5 -3.8,1.2 -7.8,2.8 -11.6,3.8 -1.0,0.3 -2.1,0.5 -3.1,0.7 1.4,-0.9 2.4,-2.4 2.4,-4.1 0,-2.4 -1.8,-4.4 -4.2,-4.8 z m -2.4,0.1 c -2.0,0.6 -3.6,2.5 -3.6,4.7 0,1.9 1.1,3.6 2.8,4.4 C 12.8,32.8 11.0,32.1 9.6,30.6 9.2,30.3 8.6,30.1 8.2,30.1 7.8,30.1 7.5,30.1 7.2,30.2 c -0.3,0.1 -0.6,0.2 -0.9,0.3 0.4,-0.4 0.8,-0.9 1.2,-1.4 1.3,-1.4 2.9,-2.8 3.3,-3.1 1.5,-1.1 3.0,-1.8 4.7,-2.0 z"
        style="fill:#000000;stroke:none"
    />
</svg>