<svg
    xmlns="http://www.w3.org/2000/svg" 
    height="60"
    width="60"
    viewbox="0 0 60 60"
>
    <rect
        x="0.5"
        y="0.5"
        width="59"
        height="59"
        rx="5"
        ry="5"
        style="fill:#759460;stroke:#000000;stroke-width:0.5px"
    />
    <path
        d="M 6.9,15.2 13.4,22.3 C 23.5,18.0 32.3,14.1 41.6,11.1 40.4,8.6 38.9,6.2 37.0,4.0 26.6,5.5 15.7,9.7 6.9,15.2 Z M 42.5,12.9 c -9.3,3.5 -19.8,7.0 -27.8,11.0 l 1.8,2.0 c 8.9,-3.7 18.0,-7.0 27.1,-10.2 a 50.4,50.4 0 0 0 -1.1,-2.7 z m 1.8,4.6 c -8.8,3.1 -17.6,6.3 -26.3,9.9 5.9,-0.2 12.2,-0.8 17.5,-1.1 0.4,1.6 0.9,3.4 0.6,4.9 0.8,-0.4 3.1,-1.2 3.3,-2.0 -0.1,-1.3 -1.2,-2.1 -1.3,-3.2 0.1,-0.5 0.2,-1.0 0.6,-1.3 l 6.6,-4.1 a 76.0,76.1 0 0 0 -1.0,-3.1 z m 2.1,4.8 -6.1,3.8 c 0.4,0.8 0.8,1.4 1.0,2.1 2.1,-1.1 4.4,-2.2 6.2,-3.1 -0.3,-0.9 -0.7,-1.8 -1.1,-2.8 z m 1.8,4.7 c -3.3,1.3 -5.9,3.4 -8.7,4.8 l 0.0,0.0 c -0.6,0.3 -2.0,1.0 -3.7,1.9 -0.2,0.3 -0.3,0.7 -0.3,1.1 -0.1,1.0 0.5,4.0 1.7,4.0 0.2,0.0 0.5,-0.1 1.0,-1.1 l 1.8,0.8 c -0.6,1.4 -1.6,2.2 -2.8,2.2 -1.8,-0.2 -2.7,-1.6 -3.3,-3.0 l -2.6,4.9 c 0.2,0.8 0.2,1.8 -0.4,2.8 -2.1,4.0 -4.9,7.1 -7.5,10.6 h 15.3 c 1.6,-3.2 2.5,-7.6 5.6,-9.7 2.3,-1.6 6.2,0.6 6.9,-1.3 0.4,-1.0 -0.1,-2.0 -0.7,-2.9 0,0 1.1,-0.4 1.2,-0.8 0.0,-0.3 -0.7,-0.8 -0.7,-0.8 l 0.8,-0.7 -0.9,-1.5 c 0.9,-0.4 2.4,-0.9 2.2,-1.5 -0.9,-1.8 -2.3,-3.5 -3.4,-5.2 -0.1,-0.4 -0.2,-0.8 -0.3,-1.2 -0.9,-0.6 -2.6,-0.4 -4.8,0.7 1.2,-1.1 2.7,-2.4 4.2,-2.3 A 81.3,81.3 0 0 0 48.1,26.9 Z M 34.0,28.3 C 28.6,28.6 24.4,29.0 19.5,29.2 l 1.3,1.4 c 5.4,0.5 8.9,0.2 13.3,0.2 0.2,-0.9 0.0,-1.8 -0.1,-2.5 z m 14.2,3.2 v 2.7 l -3.4,-1.3 z m -25.5,1.3 4.0,4.5 c 1.9,-1.7 4.2,-3.2 6.3,-4.4 -3.3,0.1 -6.4,0.3 -10.3,0.0 z m 10.1,2.4 c -1.8,1.1 -3.6,2.4 -5.0,3.6 0.8,0.6 1.5,1.2 2.1,1.8 z"
        style="fill:#000000;stroke:none"
    />
    <path
        d="m 48.0,39.0 c -0.9,0.9 -1.1,2.4 -0.2,3.4 0.2,-0.2 0.4,-0.4 0.6,-0.6 -0.6,-0.7 -0.4,-1.7 0.2,-2.4 l -0.6,-0.6 z m 3.7,0 -0.6,0.6 c 0.6,0.6 0.7,1.7 0.2,2.4 0.2,0.2 0.4,0.4 0.6,0.6 0.7,-1.1 0.7,-2.4 -0.2,-3.4 z m -1.9,3.0 c -1.1,0 -1.9,0.9 -1.9,2.0 0.0,0.0 0.0,0.0 0.0,0.2 v 0 c 0.6,0.2 1.1,0.4 1.9,0.4 0.7,0 1.5,-0.2 2.0,-0.4 v 0 c 0,-0.2 0.2,-0.2 0,-0.2 0,-1.1 -0.9,-2.0 -1.9,-2.0 z m -5.0,0.6 c -1.7,0.9 -3.0,3.0 -3.0,6.1 v 0.4 h 3.0 c 0,-0.2 0.2,-0.6 0.4,-0.7 h -2.6 c 0,-2.8 1.1,-4.1 2.6,-5.0 l -0.4,-0.6 z m 10.1,0 -0.4,0.6 c 1.5,0.9 2.4,2.2 2.6,5.0 h -2.6 c 0.2,0.2 0.2,0.6 0.4,0.7 h 3.0 v -0.4 c 0,-3.2 -1.1,-5.0 -3.0,-6.1 z m -7.6,2.2 c -0.9,0.4 -1.5,1.1 -1.5,1.9 0,0.4 0.2,0.7 0.4,0.9 l 0.2,0.2 c 0.9,0.6 2.2,0.9 3.5,1.1 1.1,-0.2 2.2,-0.6 3.4,-1.1 l 0.2,-0.2 c 0.2,-0.4 0.4,-0.6 0.4,-0.9 0,-0.7 -0.6,-1.3 -1.5,-1.7 -0.7,0.4 -1.7,0.6 -2.6,0.6 -0.9,0 -1.9,-0.2 -2.4,-0.6 z m 6.3,3.5 c -1.1,0.6 -2.2,0.9 -3.6,1.1 v 6.5 c 2.2,-0.2 4.1,-2.4 4.1,-5.0 0.0,-0.9 -0.2,-1.9 -0.7,-2.6 z m -7.6,0 c -0.4,0.7 -0.7,1.7 -0.7,2.6 0,2.6 1.9,4.8 4.1,5.0 V 49.6 C 48.2,49.4 47.0,49.0 45.9,48.5 Z m -5.0,1.7 v 0.4 c 0,2.2 0.6,4.5 1.9,6.3 l 0.6,-0.4 c -1.1,-1.5 -1.7,-3.5 -1.7,-5.6 h 2.8 c 0,-0.2 0,-0.6 0,-0.7 h -3.7 z m 14.0,0.0 c 0.0,0.2 0,0.6 0,0.7 h 2.8 c 0,2.0 -0.6,3.9 -1.7,5.6 l 0.6,0.4 C 57.8,54.8 58.4,52.6 58.4,50.4 v -0.4 h -3.7 z m -11.9,1.9 v 0.4 c 0,1.3 0.7,2.6 1.7,3.7 0.9,0.9 2.2,1.7 3.4,2.0 L 48.2,57.3 C 47.0,56.9 45.9,56.3 45.2,55.4 44.4,54.6 43.9,53.5 43.7,52.6 h 0.9 c 0.0,-0.2 0,-0.6 0.0,-0.7 z m 12.1,0 c 0.0,0.2 0,0.6 -0.2,0.7 h 0.9 c -0.2,0.9 -0.6,2.0 -1.3,2.8 -0.9,0.9 -1.9,1.5 -3.0,1.7 l 0.2,0.7 c 1.1,-0.2 2.4,-0.9 3.4,-2.0 0.9,-0.9 1.7,-2.2 1.7,-3.7 v -0.2 z"
        style="fill:#ff0000;stoke:none"
    />
</svg>