<svg
    xmlns="http://www.w3.org/2000/svg" 
    height="60"
    width="60"
    viewbox="0 0 60 60"
>
    <rect
        x="0.5"
        y="0.5"
        width="59"
        height="59"
        rx="5"
        ry="5"
        style="fill:#9e9392;stroke:#000000;stroke-width:0.5px"
    />
    <path
        d="m 32.2,2.7 c -1.3,1.5 -2.0,3.3 -2.1,4.9 -0.1,1.9 0.7,3.4 2.6,4.2 l 0.7,0.3 0.0,0.8 c -0.1,1.9 1.3,4.2 3.4,5.7 2.1,1.5 4.7,2.2 6.8,1.5 1.3,-0.7 2.7,-1.6 3.6,-2.6 0.9,-1.0 1.3,-1.9 0.7,-3.2 -0.4,-0.5 -1.1,-0.9 -2.2,-1.4 L 45.1,12.6 v -0.7 c 0,-0.4 -0.5,-1.4 -1.8,-2.2 C 42.0,8.8 40.0,8.0 37.3,7.9 L 37.1,7.9 36.8,7.8 C 35.1,6.8 34.1,5.8 33.4,4.8 33.0,4.1 32.6,3.4 32.2,2.7 Z m 8.3,7.9 c 1.3,0.0 2.5,1.7 2.4,1.9 0.0,0.5 -4.3,0.6 -4.3,-0.1 0,-0.4 0.5,-1.8 1.8,-1.8 z m -7.0,7.9 0.0,0.4 c -0.1,0.8 -0.2,1.5 -0.5,2.3 1.1,0.9 2.2,1.7 3.4,2.3 1.5,0.7 3.0,1.2 4.3,1.2 -0.1,-0.7 -0.1,-1.4 -0.1,-2.2 -1.8,-0.2 -3.6,-1.0 -5.1,-2.1 -0.7,-0.5 -1.4,-1.2 -2.0,-1.8 z m -3.8,2.6 c -0.3,0.5 -0.6,1.0 -0.9,1.4 4.4,5.2 9.9,7.3 13.7,7.5 0.0,-1.0 0.0,-2.1 -0.2,-3.3 -2.3,0.4 -4.7,-0.2 -6.9,-1.3 -2.1,-1.0 -4.1,-2.6 -5.7,-4.3 z m -2.6,2.9 c -0.5,0.3 -1.0,0.6 -1.5,0.9 3.9,5.4 9.0,8.6 15.5,10.4 0.5,-0.7 1.0,-1.8 1.2,-3.0 -4.5,-0.3 -10.4,-2.7 -15.2,-8.2 z m -3.0,2.6 c -7.2,3.7 -10.4,8.0 -11.6,13.0 -1.3,5.1 -0.5,11.1 0.5,17.7 l 21.8,0.1 c 0.0,-0.8 -0.2,-1.3 -0.3,-1.7 -0.2,-0.5 -0.5,-0.8 -1.1,-1.1 -1.2,-0.5 -3.5,-0.6 -6.8,-0.8 l -2.7,-0.2 2.0,-1.7 c 1.7,-1.4 3.0,-2.8 4.0,-4.1 0.4,-1.0 0.5,-2.4 0.1,-3.9 -0.5,-2.0 -1.6,-4.1 -2.9,-5.3 -0.7,-0.6 -1.4,-1.0 -2.0,-1.2 -0.6,-0.1 -1.2,-0.1 -1.8,0.3 -1.3,0.8 -2.9,3.1 -4.0,8.1 L 17.0,45.2 c 1.2,-5.3 2.9,-8.2 5.0,-9.5 0.8,-0.5 1.7,-0.7 2.6,-0.6 0.3,0.0 0.6,0.0 0.9,0.1 1.1,0.3 2.1,0.9 2.9,1.7 1.7,1.6 3.0,4.0 3.6,6.4 0.0,0.1 0.0,0.2 0.0,0.3 0.1,-0.3 0.2,-0.6 0.3,-0.9 0.2,-0.5 0.3,-1.1 0.4,-1.7 -1.4,-2.6 -1.8,-5.7 -2.0,-8.0 -2.5,-1.7 -4.7,-3.8 -6.7,-6.4 z m 9.1,7.9 c 0.4,2.7 1.1,5.5 2.9,7.3 l 0.2,0.2 0.1,0.2 c 2.0,5.5 3.1,9.6 4.0,15.1 l 7.1,0.0 C 47.4,56.3 47.0,55.7 46.6,55.2 45.9,54.5 45.0,54.1 43.6,53.8 L 42.9,53.7 42.7,53.0 c -1.0,-5.2 -2.9,-9.7 -2.3,-15.6 -2.6,-0.7 -5.0,-1.6 -7.2,-2.9 z"
        style="fill:#000000;stroke:none"
    />
</svg>