<svg
    xmlns="http://www.w3.org/2000/svg" 
    height="60"
    width="60"
    viewbox="0 0 60 60"
>
    <rect
        x="0.5"
        y="0.5"
        width="59"
        height="59"
        rx="5"
        ry="5"
        style="fill:#9e9392;stroke:#000000;stroke-width:0.5px"
    />
    <path
        d="m 28.2,3.3 c -1.8,0 -5.5,1.8 -7.4,3.7 0,1.5 0,3.0 1.0,4.5 H 38.2 C 39.2,9.9 39.2,8.4 39.2,6.9 37.4,5.1 33.7,3.3 31.8,3.3 Z m -5.1,10.3 c 1.2,3.0 1.2,6.8 0.2,9.0 h 13.4 c -1.0,-2.1 -0.9,-6.0 0.2,-9.0 z m -1.9,11.1 c -4.3,3.3 -7.2,7.6 -7.7,10.8 H 46.5 C 46.0,32.1 43.1,27.9 38.8,24.6 Z m -7.7,12.9 c 0.6,5.2 5.7,10.1 9.2,11.9 1.0,0.9 1.4,1.9 1.6,2.7 h 11.5 c 0.2,-0.7 0.7,-1.7 1.6,-2.7 3.5,-1.7 8.5,-6.7 9.2,-11.9 z m 9.7,16.6 c -1.3,0.8 -2.4,0.8 -2.4,0.8 -1.8,0 -1.8,1.8 0,1.8 h 18.4 c 1.8,0 1.8,-1.8 0,-1.8 0,0 -1.1,0.0 -2.4,-0.8 z"
        style="fill:#000000;stroke:none"
    />
</svg>