<svg
    xmlns="http://www.w3.org/2000/svg" 
    height="60"
    width="60"
    viewbox="0 0 60 60"
>
    <rect
        x="0.5"
        y="0.5"
        width="59"
        height="59"
        rx="5"
        ry="5"
        style="fill:#759460;stroke:#000000;stroke-width:0.5px"
    />
    <path
        d="M 6.9,15.2 13.4,22.3 C 23.5,18.0 32.3,14.1 41.6,11.1 40.4,8.6 38.9,6.2 37.0,4.0 26.6,5.5 15.7,9.7 6.9,15.2 Z M 42.5,12.9 c -9.3,3.5 -19.8,7.0 -27.8,11.0 l 1.8,2.0 c 8.9,-3.7 18.0,-7.0 27.1,-10.2 a 50.4,50.4 0 0 0 -1.1,-2.7 z m 1.8,4.6 c -8.8,3.1 -17.6,6.3 -26.3,9.9 5.9,-0.2 12.2,-0.8 17.5,-1.1 0.4,1.6 0.9,3.4 0.6,4.9 0.8,-0.4 3.1,-1.2 3.3,-2.0 -0.1,-1.3 -1.2,-2.1 -1.3,-3.2 0.1,-0.5 0.2,-1.0 0.6,-1.3 l 6.6,-4.1 a 76.0,76.1 0 0 0 -1.0,-3.1 z m 2.1,4.8 -6.1,3.8 c 0.4,0.8 0.8,1.4 1.0,2.1 2.1,-1.1 4.4,-2.2 6.2,-3.1 -0.3,-0.9 -0.7,-1.8 -1.1,-2.8 z m 1.8,4.7 c -3.3,1.3 -5.9,3.4 -8.7,4.8 l 0.0,0.0 c -0.6,0.3 -2.0,1.0 -3.7,1.9 -0.2,0.3 -0.3,0.7 -0.3,1.1 -0.1,1.0 0.5,4.0 1.7,4.0 0.2,0.0 0.5,-0.1 1.0,-1.1 l 1.8,0.8 c -0.6,1.4 -1.6,2.2 -2.8,2.2 -1.8,-0.2 -2.7,-1.6 -3.3,-3.0 l -2.6,4.9 c 0.2,0.8 0.2,1.8 -0.4,2.8 -2.1,4.0 -4.9,7.1 -7.5,10.6 h 15.3 c 1.6,-3.2 2.5,-7.6 5.6,-9.7 2.3,-1.6 6.2,0.6 6.9,-1.3 0.4,-1.0 -0.1,-2.0 -0.7,-2.9 0,0 1.1,-0.4 1.2,-0.8 0.0,-0.3 -0.7,-0.8 -0.7,-0.8 l 0.8,-0.7 -0.9,-1.5 c 0.9,-0.4 2.4,-0.9 2.2,-1.5 -0.9,-1.8 -2.3,-3.5 -3.4,-5.2 -0.1,-0.4 -0.2,-0.8 -0.3,-1.2 -0.9,-0.6 -2.6,-0.4 -4.8,0.7 1.2,-1.1 2.7,-2.4 4.2,-2.3 A 81.3,81.3 0 0 0 48.1,26.9 Z M 34.0,28.3 C 28.6,28.6 24.4,29.0 19.5,29.2 l 1.3,1.4 c 5.4,0.5 8.9,0.2 13.3,0.2 0.2,-0.9 0.0,-1.8 -0.1,-2.5 z m 14.2,3.2 v 2.7 l -3.4,-1.3 z m -25.5,1.3 4.0,4.5 c 1.9,-1.7 4.2,-3.2 6.3,-4.4 -3.3,0.1 -6.4,0.3 -10.3,0.0 z m 10.1,2.4 c -1.8,1.1 -3.6,2.4 -5.0,3.6 0.8,0.6 1.5,1.2 2.1,1.8 z"
        style="fill:#000000;stroke:none"
    />
    <path
        d="m 30,12.673029 c -9.569542,0 -17.326971,7.757429 -17.326971,17.326971 0,9.569541 7.757429,17.32697 17.326971,17.32697 9.569541,0 17.32697,-7.757429 17.32697,-17.32697 0,-9.569542 -7.757429,-17.326971 -17.32697,-17.326971 z m 0,4.331743 c 7.176975,0 12.995228,5.818252 12.995228,12.995228 0,7.176975 -5.818253,12.995228 -12.995228,12.995228 -7.176976,0 -12.995228,-5.818253 -12.995228,-12.995228 0,-7.176976 5.818252,-12.995228 12.995228,-12.995228 z m -5.820779,4.331743 c -0.07003,-3.61e-4 -0.144825,0.0081 -0.221136,0.0226 v -0.0023 c -1.320965,0.248064 -3.267866,2.508295 -2.409532,3.366197 l 5.281622,5.279311 -5.281549,5.279384 c -1.056224,1.055862 2.113529,4.225903 3.169824,3.169824 L 30,33.169825 l 5.281549,5.281549 c 1.056223,1.056079 4.22612,-2.11389 3.169825,-3.169825 l -5.281549,-5.279311 5.281549,-5.279239 C 39.507597,23.667136 36.337845,20.49955 35.281549,21.555412 L 30,26.834723 24.71845,21.555412 C 24.569727,21.4077 24.389238,21.337742 24.179148,21.336659 Z"
        style="fill:#ff0000;stroke:none"
    />
</svg>