<svg
    xmlns="http://www.w3.org/2000/svg" 
    height="60"
    width="60"
    viewbox="0 0 60 60"
>
    <rect
        x="0.5"
        y="0.5"
        width="59"
        height="59"
        rx="5"
        ry="5"
        style="fill:#9e9392;stroke:#000000;stroke-width:0.5px"
    />
    <path
        d="m 19.2,5.0 c 1.0,11.0 -9.9,32.2 -16.3,43.5 -1.6,2.8 -1.2,5.7 1.0,6.4 l 20.9,-0.1 c 0.2,-1.1 0.2,-2.3 -0.9,-3.8 -3.9,-1.9 -9.2,-0.7 -11.5,-3.7 -1.6,-2.1 10.2,-17.9 14.5,-31.2 1.4,9.5 3.9,20.7 9.2,31.5 -0.1,2.8 -1.1,6.4 1.1,7.2 l 20.9,-0.1 c 0.2,-1.1 0.2,-2.3 -0.9,-3.8 C 53.2,49.2 46.8,50.5 44.6,47.4 36.2,35.6 36.1,18.1 32.7,5.0 Z"
        style="fill:#000000;stroke:none"
    />
    <path
        d="m 30,12.673029 c -9.569542,0 -17.326971,7.757429 -17.326971,17.326971 0,9.569541 7.757429,17.32697 17.326971,17.32697 9.569541,0 17.32697,-7.757429 17.32697,-17.32697 0,-9.569542 -7.757429,-17.326971 -17.32697,-17.326971 z m 0,4.331743 c 7.176975,0 12.995228,5.818252 12.995228,12.995228 0,7.176975 -5.818253,12.995228 -12.995228,12.995228 -7.176976,0 -12.995228,-5.818253 -12.995228,-12.995228 0,-7.176976 5.818252,-12.995228 12.995228,-12.995228 z m -5.820779,4.331743 c -0.07003,-3.61e-4 -0.144825,0.0081 -0.221136,0.0226 v -0.0023 c -1.320965,0.248064 -3.267866,2.508295 -2.409532,3.366197 l 5.281622,5.279311 -5.281549,5.279384 c -1.056224,1.055862 2.113529,4.225903 3.169824,3.169824 L 30,33.169825 l 5.281549,5.281549 c 1.056223,1.056079 4.22612,-2.11389 3.169825,-3.169825 l -5.281549,-5.279311 5.281549,-5.279239 C 39.507597,23.667136 36.337845,20.49955 35.281549,21.555412 L 30,26.834723 24.71845,21.555412 C 24.569727,21.4077 24.389238,21.337742 24.179148,21.336659 Z"
        style="fill:#ff0000;stroke:none"
    />
</svg>