<svg
    xmlns="http://www.w3.org/2000/svg" 
    height="60"
    width="60"
    viewbox="0 0 60 60"
>
    <rect
        x="0.5"
        y="0.5"
        width="59"
        height="59"
        rx="5"
        ry="5"
        style="fill:#9966cc;stroke:#000000;stroke-width:0.5px"
    />
    <path
        d="m 35.0,6.1 c -0.6,0.0 -1.2,0.1 -2.0,0.2 -0.2,1.4 -0.4,2.7 -0.7,4.1 0.0,0.0 0.0,0.0 0.0,0.0 l 0.8,1.9 c -1.5,0.6 -2.3,1.2 -2.8,1.6 -0.4,0.4 -0.4,0.5 -0.3,0.8 0.1,0.3 0.4,0.8 1.1,1.3 0.7,0.5 1.6,1.1 2.7,1.7 l -1.0,1.8 c -0.6,-0.3 -1.2,-0.6 -1.7,-1.0 -0.2,2.0 -0.3,4.0 -0.2,6.0 3.6,0.6 6.8,1.0 11.5,-1.1 -0.1,0.0 0.1,-0.1 0.2,-0.4 0.1,-0.3 0.3,-0.8 0.3,-1.3 0.1,-1.1 0.0,-2.4 -0.3,-3.1 l -1.5,-3.7 -0.2,-2.7 0.00,0.00 C 41.2,11.3 40.7,9.8 40.1,8.6 39.4,7.4 38.5,6.6 38.0,6.5 36.9,6.2 36.1,6.1 35.0,6.1 Z M 31.0,6.4 C 23.6,7.2 17.1,10.2 13.3,18.9 c 1.6,0.7 5.0,1.4 8.3,1.6 1.8,0.1 3.5,0.1 4.9,0.1 1.2,-0.1 2.2,-0.3 2.7,-0.4 0.1,-1.0 0.1,-2.0 0.2,-3.0 -0.6,-0.5 -1.0,-1.1 -1.2,-1.8 -0.3,-0.9 0.0,-2.0 0.8,-2.8 0.3,-0.3 0.7,-0.7 1.2,-1.0 0.3,-1.8 0.6,-3.5 0.8,-5.1 z m 8.4,5.9 c 0.6,1.6 0.3,2.1 -0.5,3.8 l -3.8,-3.1 4.4,-0.7 z m -26.1,8.9 c 0.4,2.4 1.6,4.7 4.2,6.4 4.0,2.6 8.0,3.4 12.5,3.8 -0.6,-3.0 -0.8,-6.0 -0.8,-9.0 -0.7,0.2 -1.6,0.2 -2.5,0.3 -1.5,0.1 -3.3,0.1 -5.1,-0.1 -3.0,-0.2 -6.0,-0.6 -8.2,-1.4 z m 18.0,5.6 c 0.1,1.9 0.4,3.7 0.9,5.6 l 0.4,1.4 -1.4,-0.1 c -4.6,-0.4 -9.1,-1.1 -13.5,-3.5 -0.9,1.2 -1.9,2.4 -3.4,3.4 l -0.3,0.2 H 3.8 v 4.3 H 40.9 c -0.5,-1.6 -1.2,-3.1 -2.2,-4.6 -1.0,-1.4 -1.7,-2.9 -1.9,-4.5 0.0,-0.5 0.0,-1.1 0.11,-1.6 -2.0,0.1 -3.9,-0.1 -5.7,-0.4 z M 3.8,39.8 v 3.4 H 41.9 c -0.1,-1.1 -0.3,-2.3 -0.5,-3.4 z m 0,5.4 v 2.8 c 1.6,-0.3 3.5,-0.6 6.0,-0.8 0.5,0.0 0.9,-0.1 1.3,-0.1 1.2,0.0 2.2,0.2 3.1,0.6 1.1,0.5 1.9,1.4 2.3,2.3 0.7,1.4 0.8,2.8 1.0,3.9 h 38.7 c 0.1,-1.5 -0.2,-2.9 -1.8,-4.1 -0.5,-0.4 -1.3,-0.7 -2.9,-0.7 -1.7,-0.1 -4.2,0.2 -8.1,0.9 l -1.2,0.2 0.0,-1.2 c 0.0,-1.2 -0.1,-2.5 -0.1,-3.7 z m 7.3,4.0 c -0.3,0.0 -0.7,0.0 -1.1,0.0 -2.7,0.2 -4.6,0.5 -6.2,0.9 V 53.9 H 15.4 c -0.2,-1.1 -0.3,-2.2 -0.7,-3.0 -0.3,-0.6 -0.6,-1.0 -1.3,-1.3 -0.5,-0.2 -1.2,-0.4 -2.3,-0.4 z"
        style="fill:#000000;stroke:none"
    />
    <path
        d="m 48.0,39.0 c -0.9,0.9 -1.1,2.4 -0.2,3.4 0.2,-0.2 0.4,-0.4 0.6,-0.6 -0.6,-0.7 -0.4,-1.7 0.2,-2.4 l -0.6,-0.6 z m 3.7,0 -0.6,0.6 c 0.6,0.6 0.7,1.7 0.2,2.4 0.2,0.2 0.4,0.4 0.6,0.6 0.7,-1.1 0.7,-2.4 -0.2,-3.4 z m -1.9,3.0 c -1.1,0 -1.9,0.9 -1.9,2.0 0.0,0.0 0.0,0.0 0.0,0.2 v 0 c 0.6,0.2 1.1,0.4 1.9,0.4 0.7,0 1.5,-0.2 2.0,-0.4 v 0 c 0,-0.2 0.2,-0.2 0,-0.2 0,-1.1 -0.9,-2.0 -1.9,-2.0 z m -5.0,0.6 c -1.7,0.9 -3.0,3.0 -3.0,6.1 v 0.4 h 3.0 c 0,-0.2 0.2,-0.6 0.4,-0.7 h -2.6 c 0,-2.8 1.1,-4.1 2.6,-5.0 l -0.4,-0.6 z m 10.1,0 -0.4,0.6 c 1.5,0.9 2.4,2.2 2.6,5.0 h -2.6 c 0.2,0.2 0.2,0.6 0.4,0.7 h 3.0 v -0.4 c 0,-3.2 -1.1,-5.0 -3.0,-6.1 z m -7.6,2.2 c -0.9,0.4 -1.5,1.1 -1.5,1.9 0,0.4 0.2,0.7 0.4,0.9 l 0.2,0.2 c 0.9,0.6 2.2,0.9 3.5,1.1 1.1,-0.2 2.2,-0.6 3.4,-1.1 l 0.2,-0.2 c 0.2,-0.4 0.4,-0.6 0.4,-0.9 0,-0.7 -0.6,-1.3 -1.5,-1.7 -0.7,0.4 -1.7,0.6 -2.6,0.6 -0.9,0 -1.9,-0.2 -2.4,-0.6 z m 6.3,3.5 c -1.1,0.6 -2.2,0.9 -3.6,1.1 v 6.5 c 2.2,-0.2 4.1,-2.4 4.1,-5.0 0.0,-0.9 -0.2,-1.9 -0.7,-2.6 z m -7.6,0 c -0.4,0.7 -0.7,1.7 -0.7,2.6 0,2.6 1.9,4.8 4.1,5.0 V 49.6 C 48.2,49.4 47.0,49.0 45.9,48.5 Z m -5.0,1.7 v 0.4 c 0,2.2 0.6,4.5 1.9,6.3 l 0.6,-0.4 c -1.1,-1.5 -1.7,-3.5 -1.7,-5.6 h 2.8 c 0,-0.2 0,-0.6 0,-0.7 h -3.7 z m 14.0,0.0 c 0.0,0.2 0,0.6 0,0.7 h 2.8 c 0,2.0 -0.6,3.9 -1.7,5.6 l 0.6,0.4 C 57.8,54.8 58.4,52.6 58.4,50.4 v -0.4 h -3.7 z m -11.9,1.9 v 0.4 c 0,1.3 0.7,2.6 1.7,3.7 0.9,0.9 2.2,1.7 3.4,2.0 L 48.2,57.3 C 47.0,56.9 45.9,56.3 45.2,55.4 44.4,54.6 43.9,53.5 43.7,52.6 h 0.9 c 0.0,-0.2 0,-0.6 0.0,-0.7 z m 12.1,0 c 0.0,0.2 0,0.6 -0.2,0.7 h 0.9 c -0.2,0.9 -0.6,2.0 -1.3,2.8 -0.9,0.9 -1.9,1.5 -3.0,1.7 l 0.2,0.7 c 1.1,-0.2 2.4,-0.9 3.4,-2.0 0.9,-0.9 1.7,-2.2 1.7,-3.7 v -0.2 z"
        style="fill:#ff0000;stoke:none"
    />
</svg>