<svg
    xmlns="http://www.w3.org/2000/svg" 
    height="60"
    width="60"
    viewbox="0 0 60 60"
>
    <rect
        x="0.5"
        y="0.5"
        width="59"
        height="59"
        rx="5"
        ry="5"
        style="fill:#9966cc;stroke:#000000;stroke-width:0.5px"
    />
    <path
        d="m 26.1,3.0 2.7,5.4 h 2.4 l 2.7,-5.4 z m -1.1,2.5 a 21.2,21.2 0 0 0 -4.5,1.6 l 0.8,3.5 A 17.7,17.7 0 0 1 26.6,8.7 Z m 10.1,0 -1.6,3.2 a 17.7,17.7 0 0 1 5.3,1.9 l 0.8,-3.5 A 21.2,21.2 0 0 0 35.0,5.5 Z m 6.9,0.5 -1.4,5.8 1.9,1.6 5.5,-2.4 -6.0,-5.0 z m -23.9,0.0 -6.0,5.0 5.5,2.4 1.9,-1.6 -1.4,-5.8 z m 15.8,6.0 -6.1,9.9 -9.0,-5.2 5.2,9.5 -7.7,3.4 8.1,1.0 -5.4,5.8 9.8,-2.7 4.8,5.2 0.4,-6.7 6.2,2.1 -3.0,-4.7 7.4,-1.4 -8.7,-3.3 5.7,-5.9 -7.6,1.8 -0.3,-8.8 z m 13.3,1.6 -3.3,1.4 a 17.9,17.9 0 0 1 2.8,4.8 l 2.9,-2.2 a 21.3,21.3 0 0 0 -2.4,-4.1 z m -34.4,0.0 a 21.3,21.3 0 0 0 -2.4,4.1 l 2.9,2.2 a 17.9,17.9 0 0 1 2.8,-4.8 z m 39.4,4.8 -4.8,3.6 0.4,2.4 5.8,1.7 -1.4,-7.7 z m -44.4,0.0 -1.4,7.7 5.8,-1.7 0.4,-2.4 L 7.8,18.4 Z M 47.9,26.6 c 0.0,1.9 -0.4,3.8 -1.0,5.5 l 3.6,0.2 a 21.4,21.4 0 0 0 0.8,-4.7 z m -35.7,0.0 -3.5,1.0 a 21.4,21.4 0 0 0 0.8,4.7 l 3.6,-0.2 c -0.6,-1.7 -0.9,-3.6 -1.0,-5.5 z m 34.0,7.6 -1.2,2.1 3.3,5.0 3.9,-6.8 z m -32.2,0.0 -6.0,0.4 3.9,6.8 3.3,-5.0 z m 29.6,3.8 a 18.0,18.0 0 0 1 -3.2,2.9 l 1.7,3.1 a 21.5,21.5 0 0 0 3.4,-2.9 z m -27.0,0.0 -2.0,3.0 a 21.5,21.5 0 0 0 3.4,2.9 l 1.7,-3.1 A 18.0,18.0 0 0 1 16.5,38.0 Z m 4.8,4.3 -8.2,14.7 h 3.1 l 6.5,-14.7 z m 3.8,0 -6.5,14.7 H 41.5 L 34.9,42.3 Z m 12.2,0 6.5,14.7 h 3.1 L 38.7,42.3 Z"
        style="fill:#000000;stroke:none"
    />
    <path
        d="m 48.0,39.0 c -0.9,0.9 -1.1,2.4 -0.2,3.4 0.2,-0.2 0.4,-0.4 0.6,-0.6 -0.6,-0.7 -0.4,-1.7 0.2,-2.4 l -0.6,-0.6 z m 3.7,0 -0.6,0.6 c 0.6,0.6 0.7,1.7 0.2,2.4 0.2,0.2 0.4,0.4 0.6,0.6 0.7,-1.1 0.7,-2.4 -0.2,-3.4 z m -1.9,3.0 c -1.1,0 -1.9,0.9 -1.9,2.0 0.0,0.0 0.0,0.0 0.0,0.2 v 0 c 0.6,0.2 1.1,0.4 1.9,0.4 0.7,0 1.5,-0.2 2.0,-0.4 v 0 c 0,-0.2 0.2,-0.2 0,-0.2 0,-1.1 -0.9,-2.0 -1.9,-2.0 z m -5.0,0.6 c -1.7,0.9 -3.0,3.0 -3.0,6.1 v 0.4 h 3.0 c 0,-0.2 0.2,-0.6 0.4,-0.7 h -2.6 c 0,-2.8 1.1,-4.1 2.6,-5.0 l -0.4,-0.6 z m 10.1,0 -0.4,0.6 c 1.5,0.9 2.4,2.2 2.6,5.0 h -2.6 c 0.2,0.2 0.2,0.6 0.4,0.7 h 3.0 v -0.4 c 0,-3.2 -1.1,-5.0 -3.0,-6.1 z m -7.6,2.2 c -0.9,0.4 -1.5,1.1 -1.5,1.9 0,0.4 0.2,0.7 0.4,0.9 l 0.2,0.2 c 0.9,0.6 2.2,0.9 3.5,1.1 1.1,-0.2 2.2,-0.6 3.4,-1.1 l 0.2,-0.2 c 0.2,-0.4 0.4,-0.6 0.4,-0.9 0,-0.7 -0.6,-1.3 -1.5,-1.7 -0.7,0.4 -1.7,0.6 -2.6,0.6 -0.9,0 -1.9,-0.2 -2.4,-0.6 z m 6.3,3.5 c -1.1,0.6 -2.2,0.9 -3.6,1.1 v 6.5 c 2.2,-0.2 4.1,-2.4 4.1,-5.0 0.0,-0.9 -0.2,-1.9 -0.7,-2.6 z m -7.6,0 c -0.4,0.7 -0.7,1.7 -0.7,2.6 0,2.6 1.9,4.8 4.1,5.0 V 49.6 C 48.2,49.4 47.0,49.0 45.9,48.5 Z m -5.0,1.7 v 0.4 c 0,2.2 0.6,4.5 1.9,6.3 l 0.6,-0.4 c -1.1,-1.5 -1.7,-3.5 -1.7,-5.6 h 2.8 c 0,-0.2 0,-0.6 0,-0.7 h -3.7 z m 14.0,0.0 c 0.0,0.2 0,0.6 0,0.7 h 2.8 c 0,2.0 -0.6,3.9 -1.7,5.6 l 0.6,0.4 C 57.8,54.8 58.4,52.6 58.4,50.4 v -0.4 h -3.7 z m -11.9,1.9 v 0.4 c 0,1.3 0.7,2.6 1.7,3.7 0.9,0.9 2.2,1.7 3.4,2.0 L 48.2,57.3 C 47.0,56.9 45.9,56.3 45.2,55.4 44.4,54.6 43.9,53.5 43.7,52.6 h 0.9 c 0.0,-0.2 0,-0.6 0.0,-0.7 z m 12.1,0 c 0.0,0.2 0,0.6 -0.2,0.7 h 0.9 c -0.2,0.9 -0.6,2.0 -1.3,2.8 -0.9,0.9 -1.9,1.5 -3.0,1.7 l 0.2,0.7 c 1.1,-0.2 2.4,-0.9 3.4,-2.0 0.9,-0.9 1.7,-2.2 1.7,-3.7 v -0.2 z"
        style="fill:#ff0000;stoke:none"
    />
</svg>