<svg
    xmlns="http://www.w3.org/2000/svg" 
    height="60"
    width="60"
    viewbox="0 0 60 60"
>
    <rect
        x="0.5"
        y="0.5"
        width="59"
        height="59"
        rx="5"
        ry="5"
        style="fill:#9e9392;stroke:#000000;stroke-width:0.5px"
    />
    <path
        d="m 30,2.1 c -15.4,0 -27.9,12.5 -27.9,27.9 0,15.4 12.5,27.9 27.9,27.9 15.4,0 27.9,-12.5 27.9,-27.9 0,-15.4 -12.5,-27.9 -27.9,-27.9 z m 0,2.1 c 14.3,0 25.8,11.5 25.8,25.8 0,3.6 -0.7,7.0 -2.0,10.1 L 48.8,36.0 C 43.1,37.7 36.0,37.1 32.7,29.0 L 27.8,46.7 c -1.0,-5.3 -2.7,-9.4 -5.6,-13.4 -2.3,1.6 -3.8,3.8 -4.6,5.9 L 10.8,27.9 c -2.1,3.2 -3.9,6.6 -5.2,10.5 -0.9,-2.6 -1.4,-5.4 -1.4,-8.4 0,-3.0 0.5,-5.9 1.5,-8.6 0.3,0.8 1.1,1.3 2.0,1.3 1.2,0 2.1,-0.9 2.1,-2.1 0,-1.2 -1.0,-2.1 -2.1,-2.1 -0.3,0 -0.5,0.1 -0.8,0.2 C 10.1,12.1 15.9,7.2 23.0,5.2 c -0.1,0.2 -0.1,0.5 -0.1,0.7 0,1.4 1.1,2.6 2.6,2.6 1.4,0 2.6,-1.1 2.6,-2.6 0,-0.6 -0.2,-1.1 -0.5,-1.5 0.8,-0.1 1.7,-0.1 2.5,-0.1 z m 2.2,3.2 c -0.7,0 -1.4,0.6 -1.4,1.4 0,0.7 0.6,1.4 1.4,1.4 0.7,0 1.4,-0.6 1.4,-1.4 0,-0.7 -0.6,-1.4 -1.4,-1.4 z M 23.5,10.8 c -0.7,0.0 -1.4,0.1 -2.1,0.3 -4.5,1.2 -7.2,5.9 -6.0,10.4 1.2,4.5 5.9,7.2 10.4,6.0 2.5,-0.7 4.5,-2.4 5.5,-4.6 -0.8,0.9 -1.8,1.5 -3.0,1.8 -3.4,0.9 -7.0,-1.1 -7.9,-4.5 -0.9,-3.4 1.1,-7.0 4.5,-7.9 1.2,-0.3 2.4,-0.3 3.5,0.1 -1.4,-1.0 -3.2,-1.6 -4.9,-1.5 z m 18.1,0.1 c -1.1,0 -2.0,0.9 -2.0,2.0 0,1.1 0.9,2.0 2.0,2.0 1.1,0 2.0,-0.9 2.0,-2.0 0,-1.1 -0.9,-2.0 -2.0,-2.0 z m -28.9,3.2 c -0.7,0 -1.4,0.6 -1.4,1.4 0,0.7 0.6,1.4 1.4,1.4 0.7,0 1.4,-0.6 1.4,-1.4 0,-0.7 -0.6,-1.4 -1.4,-1.4 z m 32.0,4.7 -0.1,3.5 -3.3,1.1 3.3,1.1 0.1,3.5 2.1,-2.8 3.3,1.0 -2.0,-2.8 2.0,-2.9 -3.3,1.0 -2.1,-2.8 z m -8.4,1.3 c -0.7,0 -1.4,0.6 -1.4,1.4 0,0.7 0.6,1.4 1.4,1.4 0.7,0 1.4,-0.6 1.4,-1.4 0,-0.7 -0.6,-1.4 -1.4,-1.4 z m 16.2,8.7 c -0.7,0 -1.4,0.6 -1.4,1.4 0,0.7 0.6,1.4 1.4,1.4 0.7,0 1.4,-0.6 1.4,-1.4 0,-0.7 -0.6,-1.4 -1.4,-1.4 z m -14.8,0.4 c -0.7,0 -1.4,0.6 -1.4,1.4 0,0.7 0.6,1.4 1.4,1.4 0.7,0 1.4,-0.6 1.4,-1.4 0,-0.7 -0.6,-1.4 -1.4,-1.4 z"
        style="fill:#000000;stroke:none"
    />
</svg>