<svg
    xmlns="http://www.w3.org/2000/svg" 
    height="60"
    width="60"
    viewbox="0 0 60 60"
>
    <rect
        x="0.5"
        y="0.5"
        width="59"
        height="59"
        rx="5"
        ry="5"
        style="fill:#5694c8;stroke:#000000;stroke-width:0.5px"
    />
    <path
        d="m 35.9,2.9 c -2.5,0.0 -5.1,0.4 -7.5,1.1 6.3,1.0 11.8,2.8 14.1,5.8 -4.6,-1.1 -8.6,3.9 -8.7,8.0 2.7,-2.8 5.5,-4.8 10.1,-5.0 3.2,6.5 0.6,16.3 0.9,23.0 0.1,1.8 5.5,2.8 5.4,1.2 -0.0,-5.9 -0.5,-16.7 -3.0,-24.0 4.5,0.8 8.6,3.8 8.6,3.8 C 55.6,14.1 52.6,11.1 49.0,10.5 49.9,9.4 52.1,7.6 57.2,7.4 54.5,5.3 50.3,5.4 47.0,7.7 44.1,4.2 40.1,2.9 35.9,2.9 Z M 18.3,7.0 C 16.2,7.0 14.0,7.8 11.8,9.5 8.8,7.4 5.3,6.6 2.8,8.6 7.5,8.7 8.5,11.1 9.3,12.1 c -3.3,0.5 -5.8,3.0 -5.9,5.4 0,0 4.0,-1.5 8.1,-2.3 -2.3,6.8 -2.4,10.5 -2.4,16.0 0.1,1.3 4.8,2.1 4.9,0.2 0.3,-6.3 -1.6,-9.2 0.3,-15.5 1.3,-0.7 6.0,0.1 8.5,2.7 C 22.7,14.9 20.6,11.2 16.4,12.2 17.5,10.1 19.5,9.7 25.4,9.8 23.0,8.0 20.7,7.0 18.3,7.0 Z M 24.1,33.3 c -2.6,0.0 -5.1,0.4 -7.5,1.4 -6.6,2.8 -9.9,5.6 -10.4,8.7 -0.3,1.6 0.2,3.1 1.1,4.4 0.9,1.3 2.3,2.4 4.0,3.5 6.7,4.1 18.1,6.4 25.6,5.7 3.1,-0.3 7.2,-0.8 10.8,-2.1 1.8,-0.7 3.4,-1.5 4.7,-2.7 1.3,-1.2 2.2,-2.7 2.3,-4.6 v 0.0 C 54.8,46.0 54.2,44.5 53.3,43.4 52.3,42.3 51.0,41.4 49.5,40.6 46.6,39.1 43.2,38.2 40.7,37.3 35.6,35.4 29.8,33.3 24.1,33.3 Z m 1.3,2.2 c 1.4,0.1 2.9,0.3 4.3,0.6 C 21.5,38.8 15.0,42.9 10.0,47.7 9.4,47.2 8.9,46.7 8.6,46.1 13.1,41.9 18.7,38.2 25.4,35.4 Z m 6.7,1.2 c 2.0,0.5 4.0,1.2 5.9,1.9 -8.3,3.6 -16.0,7.6 -22.2,12.8 -1.5,-0.6 -2.8,-1.3 -4.0,-2.0 5.8,-5.2 12.8,-9.2 20.3,-12.6 z"
        style="fill:#000000;stroke:none"
    />
</svg>