<svg
    xmlns="http://www.w3.org/2000/svg" 
    height="60"
    width="60"
    viewbox="0 0 60 60"
>
    <rect
        x="0.5"
        y="0.5"
        width="59"
        height="59"
        rx="5"
        ry="5"
        style="fill:#9966cc;stroke:#000000;stroke-width:0.5px"
    />
    <path
        d="m 9.2,3.8 c -0.4,0.7 -0.7,1.9 -0.9,3.4 -0.2,1.8 -0.2,4.0 -0.2,6.0 0,1.1 0.8,2.0 1.8,2.6 C 9.7,14.9 9.6,14.1 9.7,13.2 v -0.2 l 0.1,-0.2 C 10.4,11.5 11.5,10.6 12.7,10.1 12.2,8.6 11.5,7.1 10.8,5.9 10.4,5.1 9.9,4.5 9.6,4.1 9.4,3.9 9.3,3.9 9.2,3.8 Z m 13.4,0 c -0.1,0.1 -0.2,0.1 -0.3,0.3 -0.4,0.4 -0.8,1.0 -1.3,1.8 -0.7,1.2 -1.3,2.7 -1.9,4.2 1.3,0.5 2.3,1.4 3.0,2.6 l 0.1,0.2 v 0.2 c 0,0.9 -0.1,1.8 -0.3,2.6 1.1,-0.6 1.8,-1.5 1.8,-2.6 0,-2.0 0,-4.1 -0.2,-6.0 -0.2,-1.4 -0.5,-2.7 -0.9,-3.4 z m 21.5,0.7 c -0.9,0 -1.8,0.6 -2.6,2.0 l -0.1,0.4 h 5.4 l -0.1,-0.4 C 45.9,5.0 44.9,4.5 44.1,4.5 Z M 40.8,8.9 39.7,12.6 43.5,8.9 Z m 3.9,0 3.7,3.7 -1.1,-3.7 z m -0.6,2.2 -2.3,2.3 2.3,4.6 2.3,-4.6 z m -28.2,0.5 c -1.8,0 -3.6,0.7 -4.3,1.9 0.1,2.9 1.5,6.0 3.0,7.6 h 2.6 c 1.4,-1.6 2.9,-4.6 3.0,-7.6 -0.7,-1.2 -2.4,-1.9 -4.3,-1.9 z m 23.6,1.8 -1.5,5.2 c 0.0,0.0 0.1,0.2 0.4,0.5 0.4,0.3 1.1,0.7 1.8,1.0 1.0,0.4 2.2,0.8 3.0,0.9 l -3.6,-7.3 z m 9.1,0 -3.8,7.5 c 0.8,-0.2 2.0,-0.5 3.0,-0.9 0.7,-0.3 1.4,-0.7 1.8,-1.0 0.3,-0.3 0.4,-0.4 0.4,-0.5 z m -35.6,0.6 h 5.7 v 2.0 h -5.7 z m -3.1,4.0 c -0.1,0.2 -0.3,0.5 -0.4,0.7 -1.3,2.4 -2.1,5.3 -2.9,7.8 1.0,0.2 2.1,0.4 3.1,0.6 l 1.8,-7.0 c -0.3,-0.6 -0.7,-1.3 -0.9,-2.0 -0.2,0.0 -0.5,-0.1 -0.7,-0.2 z m 11.9,0 c -0.2,0.1 -0.5,0.2 -0.7,0.2 -0.3,0.7 -0.6,1.4 -0.9,2.0 l 1.8,7.0 c 1.0,-0.2 2.1,-0.4 3.1,-0.6 -0.8,-2.5 -1.6,-5.4 -2.9,-7.8 -0.1,-0.3 -0.3,-0.5 -0.4,-0.7 z M 37.0,20.2 c -0.9,2.0 -1.5,4.3 -2.2,6.3 6.2,1.4 12.4,1.4 18.6,0 -0.6,-2.0 -1.3,-4.2 -2.2,-6.3 -0.1,0.1 -0.2,0.2 -0.3,0.3 -0.6,0.5 -1.4,0.9 -2.2,1.3 -1.6,0.7 -3.4,1.2 -4.6,1.2 -1.2,0 -2.9,-0.5 -4.6,-1.2 C 38.7,21.4 37.9,21.0 37.3,20.5 37.2,20.4 37.1,20.3 37.0,20.2 Z m -23.9,2.0 -1.4,5.1 c 2.8,0.3 5.6,0.3 8.4,0 l -1.4,-5.1 c -0.1,0.1 -0.3,0.3 -0.4,0.4 l -0.3,0.3 H 13.8 l -0.3,-0.3 c -0.1,-0.1 -0.3,-0.3 -0.4,-0.4 z m -6.7,6.3 c 0.0,1.2 0.0,2.3 0.1,3.5 6.4,3.0 12.6,3.0 19.0,0 0.0,-1.1 0.1,-2.3 0.1,-3.5 -6.4,1.4 -12.7,1.4 -19.1,0 z m 28.2,0 c 0.1,11.4 1.8,21.1 4.9,27.7 h 9.3 c 3.1,-6.6 4.8,-16.3 4.9,-27.7 -1.1,0.2 -2.2,0.4 -3.3,0.6 v 5.2 h -2.0 v -4.9 c -1.1,0.1 -2.2,0.2 -3.3,0.2 v 8.3 h -2.0 v -8.3 c -1.1,0.0 -2.2,-0.1 -3.3,-0.2 V 34.3 H 37.8 V 29.1 C 36.7,28.9 35.6,28.8 34.5,28.5 Z M 6.6,34.2 c 0.5,8.9 2.1,16.6 4.7,22.0 h 9.3 c 2.6,-5.4 4.2,-13.1 4.7,-22.0 -6.2,2.6 -12.5,2.6 -18.7,0 z"
        style="fill:#000000;stroke:none"
    />
    <path
        d="m 48.0,39.0 c -0.9,0.9 -1.1,2.4 -0.2,3.4 0.2,-0.2 0.4,-0.4 0.6,-0.6 -0.6,-0.7 -0.4,-1.7 0.2,-2.4 l -0.6,-0.6 z m 3.7,0 -0.6,0.6 c 0.6,0.6 0.7,1.7 0.2,2.4 0.2,0.2 0.4,0.4 0.6,0.6 0.7,-1.1 0.7,-2.4 -0.2,-3.4 z m -1.9,3.0 c -1.1,0 -1.9,0.9 -1.9,2.0 0.0,0.0 0.0,0.0 0.0,0.2 v 0 c 0.6,0.2 1.1,0.4 1.9,0.4 0.7,0 1.5,-0.2 2.0,-0.4 v 0 c 0,-0.2 0.2,-0.2 0,-0.2 0,-1.1 -0.9,-2.0 -1.9,-2.0 z m -5.0,0.6 c -1.7,0.9 -3.0,3.0 -3.0,6.1 v 0.4 h 3.0 c 0,-0.2 0.2,-0.6 0.4,-0.7 h -2.6 c 0,-2.8 1.1,-4.1 2.6,-5.0 l -0.4,-0.6 z m 10.1,0 -0.4,0.6 c 1.5,0.9 2.4,2.2 2.6,5.0 h -2.6 c 0.2,0.2 0.2,0.6 0.4,0.7 h 3.0 v -0.4 c 0,-3.2 -1.1,-5.0 -3.0,-6.1 z m -7.6,2.2 c -0.9,0.4 -1.5,1.1 -1.5,1.9 0,0.4 0.2,0.7 0.4,0.9 l 0.2,0.2 c 0.9,0.6 2.2,0.9 3.5,1.1 1.1,-0.2 2.2,-0.6 3.4,-1.1 l 0.2,-0.2 c 0.2,-0.4 0.4,-0.6 0.4,-0.9 0,-0.7 -0.6,-1.3 -1.5,-1.7 -0.7,0.4 -1.7,0.6 -2.6,0.6 -0.9,0 -1.9,-0.2 -2.4,-0.6 z m 6.3,3.5 c -1.1,0.6 -2.2,0.9 -3.6,1.1 v 6.5 c 2.2,-0.2 4.1,-2.4 4.1,-5.0 0.0,-0.9 -0.2,-1.9 -0.7,-2.6 z m -7.6,0 c -0.4,0.7 -0.7,1.7 -0.7,2.6 0,2.6 1.9,4.8 4.1,5.0 V 49.6 C 48.2,49.4 47.0,49.0 45.9,48.5 Z m -5.0,1.7 v 0.4 c 0,2.2 0.6,4.5 1.9,6.3 l 0.6,-0.4 c -1.1,-1.5 -1.7,-3.5 -1.7,-5.6 h 2.8 c 0,-0.2 0,-0.6 0,-0.7 h -3.7 z m 14.0,0.0 c 0.0,0.2 0,0.6 0,0.7 h 2.8 c 0,2.0 -0.6,3.9 -1.7,5.6 l 0.6,0.4 C 57.8,54.8 58.4,52.6 58.4,50.4 v -0.4 h -3.7 z m -11.9,1.9 v 0.4 c 0,1.3 0.7,2.6 1.7,3.7 0.9,0.9 2.2,1.7 3.4,2.0 L 48.2,57.3 C 47.0,56.9 45.9,56.3 45.2,55.4 44.4,54.6 43.9,53.5 43.7,52.6 h 0.9 c 0.0,-0.2 0,-0.6 0.0,-0.7 z m 12.1,0 c 0.0,0.2 0,0.6 -0.2,0.7 h 0.9 c -0.2,0.9 -0.6,2.0 -1.3,2.8 -0.9,0.9 -1.9,1.5 -3.0,1.7 l 0.2,0.7 c 1.1,-0.2 2.4,-0.9 3.4,-2.0 0.9,-0.9 1.7,-2.2 1.7,-3.7 v -0.2 z"
        style="fill:#ff0000;stoke:none"
    />
</svg>