<svg
    xmlns="http://www.w3.org/2000/svg" 
    height="60"
    width="60"
    viewbox="0 0 60 60"
>
    <rect
        x="0.5"
        y="0.5"
        width="59"
        height="59"
        rx="5"
        ry="5"
        style="fill:#9966cc;stroke:#000000;stroke-width:0.5px"
    />
    <path
        d="M 55.8,5.6 54.7,9.0 H 38.0 L 36.9,5.6 Z m -32.7,0 -1.1,3.4 H 5.3 L 4.2,5.6 Z m 29.6,5.5 3.4,34.3 H 51.5 L 51.4,21.5 47.7,13.2 44.0,21.5 44.0,45.3 H 41.9 V 21.7 h -3.0 l 1.1,-10.7 z m -32.7,0 1.1,10.7 h -3.0 V 45.3 H 16.0 L 16.0,21.5 12.3,13.2 8.6,21.5 8.5,45.3 H 3.9 L 7.3,11.0 Z m 27.7,6.7 1.1,2.1 H 46.7 Z m -35.4,0 1.1,2.1 h -2.1 z m 37.1,4.2 v 23.4 h -3.4 v -23.4 z m -35.4,0 v 23.4 h -3.4 v -23.4 z m 25.9,1.8 v 3.4 H 20.1 v -3.4 z m 0,5.5 V 45.3 H 36.5 v -12.7 H 23.5 v 12.7 H 20.1 V 29.2 Z m 16.4,18.2 v 7.0 H 39.8 l -2.8,-7.0 z m -21.5,0 1.0,2.4 H 24.3 l 1.0,-2.4 z m -11.7,0 -2.8,7.0 H 3.8 v -7.0 z m 13.5,4.4 1.0,2.6 H 22.4 l 1.0,-2.6 z"
        style="fill:#000000;stroke:none"
    />
    <path
        d="m 48.0,39.0 c -0.9,0.9 -1.1,2.4 -0.2,3.4 0.2,-0.2 0.4,-0.4 0.6,-0.6 -0.6,-0.7 -0.4,-1.7 0.2,-2.4 l -0.6,-0.6 z m 3.7,0 -0.6,0.6 c 0.6,0.6 0.7,1.7 0.2,2.4 0.2,0.2 0.4,0.4 0.6,0.6 0.7,-1.1 0.7,-2.4 -0.2,-3.4 z m -1.9,3.0 c -1.1,0 -1.9,0.9 -1.9,2.0 0.0,0.0 0.0,0.0 0.0,0.2 v 0 c 0.6,0.2 1.1,0.4 1.9,0.4 0.7,0 1.5,-0.2 2.0,-0.4 v 0 c 0,-0.2 0.2,-0.2 0,-0.2 0,-1.1 -0.9,-2.0 -1.9,-2.0 z m -5.0,0.6 c -1.7,0.9 -3.0,3.0 -3.0,6.1 v 0.4 h 3.0 c 0,-0.2 0.2,-0.6 0.4,-0.7 h -2.6 c 0,-2.8 1.1,-4.1 2.6,-5.0 l -0.4,-0.6 z m 10.1,0 -0.4,0.6 c 1.5,0.9 2.4,2.2 2.6,5.0 h -2.6 c 0.2,0.2 0.2,0.6 0.4,0.7 h 3.0 v -0.4 c 0,-3.2 -1.1,-5.0 -3.0,-6.1 z m -7.6,2.2 c -0.9,0.4 -1.5,1.1 -1.5,1.9 0,0.4 0.2,0.7 0.4,0.9 l 0.2,0.2 c 0.9,0.6 2.2,0.9 3.5,1.1 1.1,-0.2 2.2,-0.6 3.4,-1.1 l 0.2,-0.2 c 0.2,-0.4 0.4,-0.6 0.4,-0.9 0,-0.7 -0.6,-1.3 -1.5,-1.7 -0.7,0.4 -1.7,0.6 -2.6,0.6 -0.9,0 -1.9,-0.2 -2.4,-0.6 z m 6.3,3.5 c -1.1,0.6 -2.2,0.9 -3.6,1.1 v 6.5 c 2.2,-0.2 4.1,-2.4 4.1,-5.0 0.0,-0.9 -0.2,-1.9 -0.7,-2.6 z m -7.6,0 c -0.4,0.7 -0.7,1.7 -0.7,2.6 0,2.6 1.9,4.8 4.1,5.0 V 49.6 C 48.2,49.4 47.0,49.0 45.9,48.5 Z m -5.0,1.7 v 0.4 c 0,2.2 0.6,4.5 1.9,6.3 l 0.6,-0.4 c -1.1,-1.5 -1.7,-3.5 -1.7,-5.6 h 2.8 c 0,-0.2 0,-0.6 0,-0.7 h -3.7 z m 14.0,0.0 c 0.0,0.2 0,0.6 0,0.7 h 2.8 c 0,2.0 -0.6,3.9 -1.7,5.6 l 0.6,0.4 C 57.8,54.8 58.4,52.6 58.4,50.4 v -0.4 h -3.7 z m -11.9,1.9 v 0.4 c 0,1.3 0.7,2.6 1.7,3.7 0.9,0.9 2.2,1.7 3.4,2.0 L 48.2,57.3 C 47.0,56.9 45.9,56.3 45.2,55.4 44.4,54.6 43.9,53.5 43.7,52.6 h 0.9 c 0.0,-0.2 0,-0.6 0.0,-0.7 z m 12.1,0 c 0.0,0.2 0,0.6 -0.2,0.7 h 0.9 c -0.2,0.9 -0.6,2.0 -1.3,2.8 -0.9,0.9 -1.9,1.5 -3.0,1.7 l 0.2,0.7 c 1.1,-0.2 2.4,-0.9 3.4,-2.0 0.9,-0.9 1.7,-2.2 1.7,-3.7 v -0.2 z"
        style="fill:#ff0000;stoke:none"
    />
</svg>