<svg
    xmlns="http://www.w3.org/2000/svg"
    height="60"
    width="60"
    viewbox="0 0 60 60"
>
    <rect
        x="0.25"
        y="0.25"
        width="59.5"
        height="59.5"
        rx="5"
        ry="5"
        style="fill:#f88379;stroke:#000000;stroke-width:0.5px"
    />
    <path
        d="m 18.7,7.4 c 0,0.5 -0.4,0.9 -0.9,0.9 -0.5,0 -0.9,-0.4 -0.9,-0.9 0,-0.5 0.4,-0.9 0.9,-0.9 0.5,0 0.9,0.4 0.9,0.9"
        style="fill:#000000;stroke:#222222;stroke-width:0.1px"
    />
    <path
        d="m 50.5,36.9 -0.3,-0.9 h 5.7 L 53.9,34.5 c -1.5,-1.1 -2.8,-2.3 -4.0,-3.7 1.7,-0.2 3.3,-0.8 4.8,-1.8 l 1.3,-0.9 -12.7,-5.6 c -3.0,-2.4 -6.8,-3.8 -10.8,-3.8 -1.8,0 -3.6,0.3 -5.4,0.9 l -2.3,0.8 c -0.2,0.1 -0.4,0.1 -0.7,0.1 -1.2,0 -2.1,-1.0 -2.1,-2.1 V 7.4 c 0,-2.4 -1.9,-4.3 -4.3,-4.3 -1.5,0 -2.8,0.8 -3.6,1.9 L 10.9,5.7 C 7.8,6.3 5.2,8.5 4.0,11.5 L 3.4,13.0 14.5,10.2 c 0.6,0.7 1.5,1.2 2.4,1.4 0,1.4 -0.2,2.8 -0.5,4.2 -0.8,3.6 -1.2,7.2 -1.2,10.9 0,6.3 3.6,11.7 8.8,14.4 l -1.4,1.9 c -0.3,0.4 -0.4,0.8 -0.4,1.3 v 0 c 0,0.3 0.1,0.6 0.2,0.9 -1.2,1.7 -1.9,3.7 -1.9,5.8 v 2.9 c 0,0.6 -0.2,1.1 -0.6,1.5 l 1.2,1.2 c 0.6,-0.6 0.9,-1.3 1.1,-2.0 0.6,0.6 0.9,1.4 0.9,2.3 h 1.7 c 0,-1.4 -0.5,-2.6 -1.5,-3.6 L 22.1,52.2 v -1.2 c 0,-0.2 0,-0.5 0,-0.7 0.5,0.3 0.8,0.8 0.8,1.4 h 1.7 c 0,-1.4 -0.9,-2.6 -2.2,-3.1 0.3,-0.8 0.6,-1.5 1.1,-2.2 0.2,0.1 0.4,0.1 0.7,0.1 0.5,0 1.0,-0.2 1.4,-0.5 l 3.3,-2.7 0.8,1.9 c 0.2,0.5 0.6,0.9 1.1,1.2 v 5.5 c -0.3,-0.1 -0.6,-0.1 -0.9,-0.1 -0.8,0 -1.5,0.3 -2.1,0.9 l -0.3,0.3 1.2,1.2 0.3,-0.3 c 0.2,-0.2 0.5,-0.4 0.9,-0.4 0.3,0 0.6,0.1 0.9,0.4 v 0.1 l -0.6,0.6 c -0.4,0.4 -0.9,0.6 -1.5,0.6 h -0.1 c -0.6,0 -1.1,-0.2 -1.5,-0.6 l -1.2,1.2 c 0.7,0.7 1.7,1.1 2.7,1.1 h 0.1 c 1.0,0 2.0,-0.4 2.7,-1.1 l 0.4,-0.4 c 0.5,0.4 0.7,0.9 0.7,1.5 h 1.7 c 0,-1.3 -0.7,-2.5 -1.7,-3.1 v -7.5 c 0.5,-0.2 0.9,-0.6 1.1,-1.2 l 0.9,-2.3 c 2.6,-0.2 5.2,-0.8 7.7,-1.6 l 1.5,-0.5 c 1.7,0.3 3.4,0.5 5.1,0.5 1.9,0 3.8,-0.3 5.6,-0.9 L 56.6,39.7 Z m -1.9,-7.8 c -0.1,-0.2 -0.3,-0.4 -0.4,-0.6 l -1.5,-2.2 c -0.1,-0.2 -0.2,-0.4 -0.4,-0.5 l 5.9,2.6 c -1.1,0.5 -2.4,0.8 -3.6,0.8 z M 6.5,10.5 C 7.6,8.8 9.3,7.8 11.3,7.4 l 2.2,-0.4 c 0,0.2 0,0.3 0,0.5 0,0.4 0.1,0.8 0.2,1.2 z M 24.5,44.7 c -0.1,0.1 -0.2,0.1 -0.3,0.1 -0.2,0 -0.4,-0.2 -0.4,-0.4 v 0 c 0,-0.1 0,-0.2 0.1,-0.2 l 1.6,-2.2 c 0.5,0.2 1.1,0.4 1.6,0.5 z m 7.5,-0.2 c -0.1,0.2 -0.2,0.3 -0.4,0.3 -0.2,0 -0.3,-0.1 -0.4,-0.3 l -0.6,-1.5 c 0.3,0 0.5,0 0.8,0 0.4,0 0.8,0 1.2,0 z m 16.8,-4.9 c -8.3,0 -15.9,-4.2 -20.4,-11.2 l -0.4,-0.6 -1.5,0.9 0.4,0.6 c 1.5,2.3 3.4,4.4 5.6,6.2 v 1.2 c -4.3,-1.2 -7.9,-4.1 -10.1,-8.0 l -0.5,-0.8 -1.5,0.8 0.5,0.8 c 2.6,4.7 7.1,8.0 12.3,9.2 l 1.1,0.2 v -2.1 c 0.7,0.5 1.4,0.9 2.1,1.3 1.4,0.7 2.8,1.4 4.3,1.9 -3.0,0.9 -6.1,1.3 -9.2,1.3 -8.0,0 -14.6,-6.5 -14.6,-14.6 0,-3.5 0.4,-7.0 1.1,-10.5 0.4,-1.7 0.6,-3.5 0.6,-5.3 v -0.9 h -0.9 c -1.4,0 -2.6,-1.2 -2.6,-2.6 0,-1.4 1.2,-2.6 2.6,-2.6 1.4,0 2.6,1.2 2.6,2.6 V 18.3 c 0,2.1 1.7,3.9 3.9,3.9 0.4,0 0.8,-0.1 1.2,-0.2 l 2.3,-0.8 c 1.6,-0.5 3.2,-0.8 4.8,-0.8 5.1,0 9.9,2.5 12.7,6.8 l 1.5,2.2 c 1.2,1.8 2.6,3.4 4.2,4.9 l -3.1,0 0.6,1.7 -1.5,-0.7 c -2.7,-2.2 -5.0,-5.0 -6.5,-8.1 l -0.1,-0.2 -1.6,0.8 0.1,0.2 c 1.2,2.4 2.8,4.6 4.6,6.5 -3.0,-1.0 -5.8,-2.8 -7.9,-5.2 l -0.7,-0.8 -1.3,1.1 0.6,0.8 c 3.0,3.6 7.3,5.8 11.9,6.5 l 5.4,2.4 c -0.9,0.2 -1.8,0.2 -2.7,0.2 z"
        style="fill:#000000;stroke:#222222;stroke-width:0.1px"
    />
    <path
        d="m 35.158469,22.192075 h -1.735197 v 1.198674 l -2.214763,-1.107141 -0.775882,1.551746 4.725832,2.362964 z"
        style="fill:#000000;stroke:#222222;stroke-width:0.1px"
    />
    <path
        d="m 26.527627,23.334081 0.368054,1.103396 -2.612016,-0.652827 -0.790894,1.581425 -2.694233,-1.347261 -0.775882,1.551746 4.245978,2.123134 0.944341,-1.888681 4.328099,1.082457 -1.367142,-4.101907 z"
        style="fill:#000000;stroke:#222222;stroke-width:0.1px"
    />
</svg>