<svg
    xmlns="http://www.w3.org/2000/svg"
    height="70"
    width="50"
    viewbox="0 0 50 70"
>
    <polygon
        points="5,35 5,70 25,57 45,70 45,35"
        style="fill:#cd7f32;stroke:#000000;stroke-width:0.5px"
    />
    <circle
        cx="25"
        cy="25"
        r="24.75"
        style="fill:#cd7f32;stroke:#000000;stroke-width:0.5px"
    />
    <rect
        x="7.5"
        y="19.5"
        height="11"
        width="11"
        style="fill:#000000;stroke:#000000;stroke-width:1px"
    />
    <g>
        <path
            d="m 13.0,24.3 c 1.3,0 2.4,0.8 3.0,1.9 0.6,0.9 0.9,2.2 0.8,3.3 0,0.3 -0.3,0.6 -0.6,0.5 -0.6,-0.2 -1.3,-0.6 -2.1,-0.9 -0.6,-0.3 -1.4,-0.3 -2.1,0 -0.6,0.2 -1.3,0.6 -2.1,0.9 -0.3,0.2 -0.6,-0.2 -0.6,-0.5 -0.2,-0.8 0,-1.7 0.3,-2.5 0.5,-1.3 1.4,-2.4 2.8,-2.7 0.2,0 0.5,0 0.6,0 z"
            style="fill:#ffffff;stroke:none"
        />
        <path
            d="m 18.5,23.2 c 0.3,0.2 0.3,0.5 0.3,0.8 -0.2,0.5 -0.5,0.9 -0.8,1.3 -0.3,0.3 -0.8,0.5 -1.1,0.3 -0.5,-0.2 -0.8,-0.5 -0.8,-0.9 0,-0.5 0.3,-0.8 0.5,-1.1 0.3,-0.3 0.8,-0.6 1.1,-0.6 0.2,0 0.5,0 0.6,0.2 z"
            style="fill:#ffffff;stroke:none"
        />
        <path
            d="m 7.3,23.5 c 0.2,-0.3 0.6,-0.5 0.9,-0.3 0.5,0 0.9,0.3 1.4,0.6 0.3,0.3 0.5,0.6 0.5,1.1 0,0.3 -0.2,0.5 -0.5,0.6 -0.3,0.2 -0.8,0 -1.3,-0.2 -0.5,-0.2 -0.8,-0.5 -1.1,-0.9 -0.2,-0.3 -0.2,-0.6 0,-0.9 z"
            style="fill:#ffffff;stroke:none"
        />
        <path
            d="m 11.2,20.2 c 0.3,0 0.6,0.2 0.8,0.5 0.3,0.5 0.5,0.9 0.5,1.6 0,0.5 -0.2,0.9 -0.3,1.3 -0.2,0.3 -0.6,0.5 -0.9,0.3 -0.3,-0.2 -0.6,-0.6 -0.6,-0.9 -0.2,-0.6 -0.2,-1.3 0,-1.7 0.2,-0.3 0.3,-0.8 0.8,-0.8 z"
            style="fill:#ffffff;stroke:none"
        />
        <path
            d="m 14.9,20.2 c -0.3,-0.2 -0.6,0.2 -0.9,0.3 -0.3,0.5 -0.5,0.9 -0.6,1.6 0,0.5 0,0.9 0.3,1.4 0.2,0.2 0.5,0.5 0.8,0.3 0.5,0 0.6,-0.5 0.9,-0.8 0.3,-0.6 0.5,-1.3 0.3,-1.9 0,-0.3 -0.2,-0.8 -0.6,-0.9 0,0 -0.2,0 -0.2,0 z"
            style="fill:#ffffff;stroke:none"
        />
    </g>
    <path
        d="m 43.2,30.4 h -0.1 v -3.9 c 0,-0.7 -0.1,-1.3 -0.2,-2.0 -0.4,-1.8 -1.3,-3.4 -2.6,-4.7 -1.3,-1.3 -2.9,-2.1 -4.7,-2.5 0,-0.1 0,-0.2 -0.1,-0.3 -0.1,-0.1 -0.2,-0.2 -0.4,-0.2 -0.9,-0.1 -1.8,-0.1 -2.7,0 -0.1,0 -0.3,0.1 -0.4,0.2 -0.1,0.1 -0.1,0.2 -0.1,0.3 -1.8,0.4 -3.4,1.2 -4.7,2.5 -1.3,1.3 -2.2,2.9 -2.6,4.7 -0.1,0.6 -0.2,1.3 -0.2,2.0 v 3.9 h -0.1 c -0.3,0 -0.5,0.2 -0.5,0.5 v 2.5 h 3.3 V 26.4 c 0,-0.5 0,-0.9 0.1,-1.4 0.1,-0.6 0.3,-1.2 0.6,-1.7 0.3,-0.6 0.8,-1.2 1.3,-1.7 0.5,-0.5 1.1,-0.8 1.7,-1.1 1.7,-0.8 3.8,-0.8 5.5,0 0.6,0.3 1.2,0.7 1.7,1.1 0.5,0.5 1.0,1.1 1.3,1.7 0.3,0.5 0.5,1.1 0.6,1.7 0.1,0.5 0.1,0.9 0.1,1.4 v 6.9 h 3.3 v -2.5 c -0,-0.3 -0.2,-0.5 -0.5,-0.5 z m -0.4,-2.7 h -2.2 v -1.2 c 0,-0.4 0,-0.9 -0.1,-1.3 l 2.2,-0.5 h 0 c 0.1,0.6 0.2,1.2 0.2,1.8 z M 38.3,21.3 C 37.9,20.9 37.4,20.6 36.8,20.3 l 0.9,-2.0 h 0 c 0.8,0.4 1.5,0.8 2.1,1.4 z m -1.8,-1.2 c -0.4,-0.2 -0.9,-0.3 -1.4,-0.4 l 0.4,-2.2 v 0 c 0.6,0.1 1.3,0.3 1.9,0.6 z m -8.8,-0.5 c 0.6,-0.6 1.3,-1.0 2.1,-1.4 l 0.9,2.0 c -0.6,0.3 -1.1,0.6 -1.5,1.0 z m 2.4,-1.6 c 0.6,-0.3 1.2,-0.5 1.9,-0.6 l 0.4,2.2 v 0 c -0.5,0.1 -0.9,0.2 -1.4,0.4 z m -5.2,6.5 2.2,0.5 v 0 c -0.1,0.4 -0.1,0.9 -0.1,1.3 v 1.2 l -2.2,0 v -1.2 c 0,-0.6 0.1,-1.2 0.2,-1.8 z m 2.0,8.4 h -2.8 v -2.3 c 0,0 0,-0.1 0.1,-0.1 0,0 0.1,-0.1 0.1,-0.1 h 2.6 z m -2.2,-2.7 v -2.5 h 2.2 v 2.5 z m 2.4,-5.5 -2.2,-0.5 c 0.2,-0.7 0.4,-1.4 0.8,-2.1 l 2.0,1.1 c -0.3,0.5 -0.4,1.0 -0.6,1.5 z m 0.7,-1.8 -2.0,-1.1 v 0 c 0.4,-0.8 1.0,-1.5 1.6,-2.1 l 1.5,1.6 c -0.5,0.5 -0.9,1.0 -1.2,1.5 z m 4.8,-3.4 -0.4,-2.4 c 0,-0.1 0,-0.1 0,-0.2 0,-0.1 0.1,-0.1 0.2,-0.1 0.9,-0.1 1.8,-0.1 2.7,0 0.1,0 0.1,0 0.2,0.1 0,0.1 0.1,0.1 0,0.2 l -0.4,2.4 c -0.7,-0.1 -1.5,-0.1 -2.2,0 z m 5.8,1.8 1.5,-1.6 c 0.6,0.6 1.2,1.3 1.6,2.1 l -1.9,1.0 C 39.4,22.5 39.0,22.0 38.5,21.5 Z m 1.3,1.8 2.0,-1.0 c 0.4,0.7 0.6,1.4 0.8,2.1 l -2.2,0.5 c -0.1,-0.5 -0.3,-1.0 -0.6,-1.5 z m 0.8,4.6 h 2.2 v 2.5 h -2.2 z m 2.8,5.2 h -2.8 v -2.4 h 2.6 c 0,0 0.1,0 0.1,0.1 0,0 0.1,0.1 0.1,0.1 z"
        style="fill:#000000"
    />
    <path
        d="m 26.8,25.6 h -6.2 v -1.3 h 6.2 v -1.9 l 2.6,2.6 -2.6,2.6 z"
        style="fill:#ff0000;stroke:#000000;stroke-width:0.25px"
    />
</svg>