<svg
    xmlns="http://www.w3.org/2000/svg"
    height="60"
    width="60"
    viewbox="0 0 60 60"
>
    <rect
        x="0.25"
        y="0.25"
        width="59.5"
        height="59.5"
        rx="5"
        ry="5"
        style="fill:#f0e130;stroke:#000000;stroke-width:0.5px"
    />
    <path
        d="m 4.6,27.8 c 1.5,0 2.8,1.1 3.2,2.5 h 3.9 v -1 c 0,-2.7 2.2,-4.8 4.9,-4.8 2,0 3.7,1.2 4.5,3 h 2 v -0.1 c 0,-1.7 1.4,-3.1 3.1,-3.1 1.7,0 3.1,1.4 3.1,3.1 v 0.1 h 1.4 v -0.1 c 0,-1.7 1.4,-3.1 3.1,-3.1 1.7,0 3.1,1.4 3.1,3.1 v 0.1 h 1.4 v -0.1 c 0,-1.7 1.4,-3.1 3.1,-3.1 1.7,0 3.1,1.4 3.1,3.1 v 0.1 h 0.2 c 1.3,0 2.4,-1.1 2.4,-2.4 0,-1.3 -1.1,-2.4 -2.4,-2.4 H 33.2 c -0.7,0 -1.3,-0.6 -1.3,-1.3 0,-2.8 2.2,-5.2 5.1,-5.3 l 7.6,-0.6 c 3.6,-0.2 7,1.1 9.7,3.6 2.6,2.5 4.1,5.9 4.1,9.5 0,1.6 -0.3,3.2 -0.8,4.6 0,0.1 -0.1,0.2 -0.1,0.3 -1.8,4.6 -6.2,7.9 -11.4,8.2 -0.3,0.5 -0.6,0.9 -1.1,1.3 l -0.6,0.5 c -0.8,0.6 -1.8,1 -2.8,1 h -5.2 c -0.4,0 -0.8,-0.3 -0.9,-0.7 -0.1,-0.4 0,-0.8 0.3,-1.1 l 1.4,-1 h -6.9 c -0.3,0.5 -0.6,0.9 -1,1.3 l -0.6,0.5 c -0.8,0.6 -1.8,1 -2.8,1 h -5.2 c -0.4,0 -0.8,-0.3 -0.9,-0.7 -0.1,-0.4 0,-0.8 0.3,-1.1 l 1.4,-1.1 H 4.4 c -1.7,0 -3,-1.4 -3,-3 v -7.5 c 0,-1.8 1.5,-3.3 3.3,-3.3 z m 22.7,-0.4 c 0,-0.6 -0.5,-1.2 -1.2,-1.2 -0.6,0 -1.2,0.5 -1.2,1.2 v 0.1 h 2.3 z m 7.5,0 c 0,-0.6 -0.5,-1.2 -1.2,-1.2 -0.6,0 -1.2,0.5 -1.2,1.2 v 0.1 h 2.3 z m 7.5,0 c 0,-0.6 -0.5,-1.2 -1.2,-1.2 -0.6,0 -1.2,0.5 -1.2,1.2 v 0.1 h 2.5 z m 3.4,9.8 c 0.4,0.5 0.6,1.1 0.7,1.8 2.6,-0.3 4.9,-1.5 6.5,-3.4 -0.9,0.2 -1.9,0.3 -2.8,0.3 h -5.2 z m -15.7,0 c 0.4,0.6 0.6,1.2 0.7,1.8 h 7.4 L 37.7,38.5 C 37.2,38 36.9,37.3 36.8,36.5 H 29.7 Z M 3.9,38.7 c 0,0.2 0.2,0.3 0.3,0.3 H 22.4 L 22,38.5 c -0.5,-0.5 -0.8,-1.2 -0.9,-2 h -6.2 c -0.8,0 -1.6,0.2 -2.3,0.5 -1,0.5 -2,0.8 -3.1,0.8 H 4.1 Z m 0,-2.7 h 5.4 c 0.8,0 1.6,-0.2 2.3,-0.5 1,-0.5 2,-0.8 3.1,-0.8 h 6.2 c 0.1,-0.6 0.3,-1.1 0.6,-1.5 0.3,-0.4 0.9,-0.6 1.3,-0.3 0.3,0.2 0.5,0.6 0.4,1 0,0.1 -0.1,0.2 -0.1,0.3 -0.6,0.9 -0.5,2.3 0.2,3.1 l 2.1,2.5 c 0.2,0.2 0.3,0.5 0.2,0.7 0,0.3 -0.2,0.5 -0.4,0.7 l -1.9,1.5 h 2.4 c 0.6,0 1.1,-0.2 1.5,-0.6 l 0.6,-0.5 c 0.6,-0.5 0.9,-1.1 0.9,-1.9 0,-0.5 -0.1,-1 -0.4,-1.4 L 26.2,35.2 C 26.1,35 26,34.7 26.1,34.5 c 0,-0.2 0.2,-0.4 0.4,-0.6 0.4,-0.3 1,-0.2 1.3,0.3 l 0.4,0.5 h 8.4 c 0.1,-0.6 0.3,-1.1 0.6,-1.5 0.3,-0.4 0.9,-0.6 1.3,-0.3 0.3,0.2 0.5,0.6 0.4,1 0,0.1 -0.1,0.2 -0.1,0.3 -0.6,0.9 -0.5,2.3 0.2,3.1 l 2.1,2.5 c 0.2,0.2 0.3,0.5 0.2,0.7 0,0.3 -0.2,0.5 -0.4,0.7 L 39,42.7 h 2.4 c 0.6,0 1.1,-0.2 1.5,-0.6 l 0.6,-0.5 c 0.6,-0.5 0.9,-1.1 0.9,-1.9 0,-0.5 -0.1,-1 -0.4,-1.4 l -2.1,-3.1 c -0.1,-0.2 -0.2,-0.5 -0.1,-0.7 0,-0.2 0.2,-0.4 0.4,-0.6 0.4,-0.3 0.9,-0.2 1.2,0.2 0,0 0.1,0 0.1,0 h 6.4 c 1.6,0 3.1,-0.4 4.6,-1 0.6,-1.3 1,-2.8 1,-4.4 0,-2.9 -1.1,-5.6 -3.2,-7.5 -2.1,-2 -4.8,-3 -7.7,-2.9 l -7.7,0.4 c -0.9,0 -1.7,0.6 -2.2,1.3 h 10 c 2.8,0 5.1,2.3 5.1,5.1 0,2.8 -2.3,5.1 -5.1,5.1 H 21.4 v 0.5 c 0,0.7 -0.6,1.3 -1.3,1.3 -0.7,0 -1.3,-0.6 -1.3,-1.3 v -1.3 c 0,-1.2 -1,-2.2 -2.2,-2.2 -1.2,0 -2.2,1 -2.2,2.2 v 2.3 c 0,0.7 -0.6,1.3 -1.3,1.3 H 6.6 C 5.9,33.0 5.3,32.4 5.3,31.7 v -0.5 c 0,-0.3 -0.3,-0.6 -0.6,-0.6 -0.3,0 -0.6,0.3 -0.6,0.6 z"
        style="fill:#000000;stroke:#222222;stroke-width:0.1px"
    />
    <path
        d="m 15.7,30.4 c 0.2,0.2 0.5,0.3 0.8,0.3 0.3,0 0.6,-0.1 0.8,-0.3 0.5,-0.5 0.5,-1.2 0,-1.6 -0.4,-0.4 -1.2,-0.4 -1.6,0 -0.5,0.5 -0.5,1.2 0,1.6 z"
        style="fill:#000000;stroke:#222222;stroke-width:0.1px"
    />
</svg>