<svg
    xmlns="http://www.w3.org/2000/svg"
    height="60"
    width="60"
    viewbox="0 0 60 60"
>
    <rect
        x="0.25"
        y="0.25"
        width="59.5"
        height="59.5"
        rx="5"
        ry="5"
        style="fill:#9932cc;stroke:#000000;stroke-width:0.5px"
    />
    <path
        d="m 10.9,37.5 c -1.7,0.9 -2.4,3.0 -1.4,4.8 0.6,1.2 1.9,1.9 3.1,1.9 0.6,0 1.1,-0.1 1.6,-0.4 0.8,-0.4 1.4,-1.2 1.7,-2.1 0.3,-0.9 0.2,-1.8 -0.3,-2.7 -0.9,-1.7 -3.0,-2.4 -4.8,-1.4 z m 3.3,3.6 c -0.1,0.4 -0.4,0.8 -0.8,1.0 -0.8,0.4 -1.9,0.1 -2.3,-0.7 -0.4,-0.8 -0.1,-1.9 0.7,-2.3 0.8,-0.4 1.9,-0.1 2.3,0.7 0.2,0.4 0.3,0.9 0.1,1.3 z"
        style="fill:#000000;stroke:#222222;stroke-width:0.1px"
    />
    <path
        d="m 12.2,30.5 c 1.7,-0.9 2.4,-3.0 1.4,-4.8 -0.9,-1.7 -3.0,-2.4 -4.8,-1.4 -1.7,0.9 -2.4,3.0 -1.4,4.8 0.6,1.2 1.9,1.9 3.1,1.9 0.6,0 1.1,-0.1 1.6,-0.4 z M 9.1,28.2 C 8.7,27.4 9.0,26.4 9.9,25.9 10.6,25.5 11.6,25.8 12.1,26.6 c 0.4,0.8 0.1,1.9 -0.7,2.3 -0.8,0.4 -1.9,0.1 -2.3,-0.7 z"
        style="fill:#000000;stroke:#222222;stroke-width:0.1px"
    />
    <path
        d="m 17.5,19.6 c 0.6,0 1.1,-0.1 1.6,-0.4 0.8,-0.4 1.4,-1.2 1.7,-2.1 0.3,-0.9 0.2,-1.8 -0.3,-2.7 -0.9,-1.7 -3.0,-2.4 -4.8,-1.4 -0.8,0.4 -1.4,1.2 -1.7,2.1 -0.3,0.9 -0.2,1.8 0.3,2.7 0.6,1.2 1.8,1.9 3.1,1.9 z m -1.6,-4.0 c 0.1,-0.4 0.4,-0.8 0.8,-1.0 0.3,-0.1 0.5,-0.2 0.8,-0.2 0.6,0 1.2,0.3 1.5,0.9 0.2,0.4 0.3,0.9 0.1,1.3 -0.1,0.4 -0.4,0.8 -0.8,1.0 -0.8,0.4 -1.9,0.1 -2.3,-0.7 C 15.7,16.5 15.7,16.0 15.8,15.6 Z"
        style="fill:#000000;stroke:#222222;stroke-width:0.1px"
    />
    <path
        d="m 42.5,19.6 c 0.6,0 1.1,-0.1 1.6,-0.4 1.7,-0.9 2.4,-3.0 1.4,-4.8 -0.9,-1.7 -3.0,-2.4 -4.8,-1.4 -0.8,0.4 -1.4,1.2 -1.7,2.1 -0.3,0.9 -0.2,1.8 0.3,2.7 0.6,1.2 1.9,1.9 3.1,1.9 z m -1.6,-4.0 c 0.1,-0.4 0.4,-0.8 0.8,-1.0 0.3,-0.1 0.5,-0.2 0.8,-0.2 0.6,0 1.2,0.3 1.5,0.9 0.4,0.8 0.1,1.9 -0.7,2.3 -0.8,0.4 -1.9,0.1 -2.3,-0.7 -0.2,-0.4 -0.3,-0.9 -0.1,-1.3 z"
        style="fill:#000000;stroke:#222222;stroke-width:0.1px"
    />
    <path
        d="m 30.0,15.0 c 0.6,0 1.1,-0.1 1.6,-0.4 0.8,-0.4 1.4,-1.2 1.7,-2.1 0.3,-0.9 0.2,-1.8 -0.3,-2.7 -0.9,-1.7 -3.0,-2.4 -4.8,-1.4 -1.7,0.9 -2.4,3.0 -1.4,4.8 0.6,1.2 1.9,1.9 3.1,1.9 z M 29.2,10.0 c 0.8,-0.4 1.9,-0.1 2.3,0.7 0.2,0.4 0.3,0.9 0.1,1.3 -0.1,0.4 -0.4,0.8 -0.8,1.0 -0.8,0.4 -1.9,0.1 -2.3,-0.7 -0.4,-0.8 -0.1,-1.9 0.7,-2.3 z"
        style="fill:#000000;stroke:#222222;stroke-width:0.1px"
    />
    <path
        d="m 46.3,29.1 c 0.6,1.2 1.9,1.9 3.1,1.9 0.6,0 1.1,-0.1 1.6,-0.4 1.7,-0.9 2.4,-3.0 1.4,-4.8 -0.9,-1.7 -3.0,-2.4 -4.8,-1.4 -1.7,0.9 -2.4,3.0 -1.4,4.8 z m 2.3,-3.2 c 0.8,-0.4 1.9,-0.1 2.3,0.7 0.4,0.8 0.1,1.9 -0.7,2.3 -0.8,0.4 -1.9,0.1 -2.3,-0.7 -0.4,-0.8 -0.1,-1.9 0.7,-2.3 z"
        style="fill:#000000;stroke:#222222;stroke-width:0.1px"
    />
    <path
        d="m 45.8,37.5 c -1.7,0.9 -2.4,3.0 -1.4,4.8 0.6,1. 1.9,1.9 3.1,1.9 0.6,0 1.1,-0.1 1.6,-0.4 0.8,-0.4 1.4,-1.2 1.7,-2.1 0.3,-0.9 0.2,-1.8 -0.3,-2.7 -0.9,-1.7 -3.0,-2.4 -4.8,-1.4 z m 3.3,3.6 c -0.1,0.4 -0.4,0.8 -0.8,1.0 -0.8,0.4 -1.9,0.1 -2.3,-0.7 -0.4,-0.8 -0.1,-1.9 0.7,-2.3 0.8,-0.4 1.9,-0.1 2.3,0.7 0.2,0.4 0.3,0.9 0.1,1.3 z"
        style="fill:#000000;stroke:#222222;stroke-width:0.1px"
    />
    <path
        d="M 52.7,34.6 C 56.0,33.2 57.9,29.6 57.2,25.9 56.8,23.8 55.6,22.0 53.8,20.8 52.5,20.0 51.1,19.6 49.7,19.5 51.2,16.3 50.5,12.3 47.6,9.9 44.7,7.6 40.6,7.6 37.7,9.8 36.9,6.3 33.8,3.7 30.0,3.7 c -3.8,0 -6.9,2.6 -7.7,6.1 C 19.4,7.6 15.3,7.6 12.4,9.9 9.5,12.3 8.8,16.3 10.3,19.5 c -1.5,0 -2.9,0.5 -4.1,1.3 -1.8,1.2 -3.0,3.0 -3.4,5.0 -0.4,2.1 0,4.2 1.2,6.0 0.8,1.3 2.0,2.2 3.4,2.8 -1.1,1.0 -1.9,2.2 -2.4,3.7 -0.6,2.0 -0.4,4.2 0.6,6.0 1.4,2.7 4.2,4.2 7.0,4.2 1.3,0 2.5,-0.3 3.7,-0.9 0.8,-0.4 1.5,-0.9 2.1,-1.6 0,0 0.1,-0.1 0.1,-0.1 l 2.7,-2.9 c 0.8,0.9 1.8,1.8 3.0,2.4 v 1.1 c 0,1.3 0.8,2.3 1.9,2.7 v 5.3 h -1.6 c -0.5,0 -0.9,0.4 -0.9,0.9 0,0.5 0.4,0.9 0.9,0.9 h 2.5 c 0.5,0 0.9,-0.4 0.9,-0.9 v -6.2 c 1.1,-0.3 1.9,-1.2 2.1,-2.4 0.1,0 0.1,0 0.2,0 0.2,1.1 1.0,2.1 2.1,2.4 v 6.2 c 0,0.5 0.4,0.9 0.9,0.9 h 2.5 c 0.5,0 0.9,-0.4 0.9,-0.9 0,-0.5 -0.4,-0.9 -0.9,-0.9 h -1.6 v -5.3 c 1.1,-0.4 1.9,-1.5 1.9,-2.7 V 45.4 c 1.2,-0.6 2.2,-1.5 3.0,-2.4 l 2.8,2.9 c 0,0 0.1,0.1 0.1,0.1 0.6,0.7 1.3,1.2 2.1,1.6 1.2,0.6 2.5,0.9 3.7,0.9 2.8,0 5.6,-1.5 7.0,-4.2 1.0,-1.9 1.2,-4.0 0.6,-6.0 -0.4,-1.4 -1.3,-2.7 -2.4,-3.7 z m -19.3,10.0 v 1.8 c 0,0.2 -0.2,0.4 -0.4,0.4 -0.2,0 -0.4,-0.2 -0.4,-0.4 v -0.9 c 0,-0.4 -0.2,-0.7 -0.4,-0.9 -0.2,-0.2 -0.5,-0.3 -0.8,-0.3 0,0 -0.1,0 -0.1,0 -0.8,0.1 -1.6,0.1 -2.4,0 -0.4,0 -0.7,0.1 -1.0,0.3 -0.3,0.2 -0.4,0.6 -0.4,0.9 v 0.9 c 0,0.2 -0.2,0.4 -0.4,0.4 -0.2,0 -0.4,-0.2 -0.4,-0.4 V 44.6 c 0,-0.5 -0.3,-0.9 -0.7,-1.2 -2.6,-1.2 -4.3,-3.5 -4.3,-5.9 0,-3.4 3.1,-6.2 7.2,-6.7 l 0.4,0.7 c 0.2,0.3 0.5,0.5 0.8,0.5 0.3,0 0.7,-0.2 0.8,-0.5 l 0.4,-0.7 c 4.1,0.5 7.3,3.3 7.3,6.7 0,2.4 -1.6,4.7 -4.3,5.9 -0.5,0.2 -0.7,0.7 -0.7,1.2 z M 28.0,20.7 c 0.6,-0.5 1.2,-0.7 1.9,-0.7 0.1,0 0.2,0 0.3,0 0.8,0.1 1.6,0.5 2.1,1.2 1.0,1.3 0.9,3.1 -0.1,4.3 l -0.3,-0.1 c -1.3,-0.5 -2.7,-0.5 -3.9,0 l -0.3,0.1 c 0,0 -0.1,-0.1 -0.1,-0.1 -1.1,-1.4 -0.9,-3.5 0.4,-4.7 z m 0.9,6.3 c 0.7,-0.2 1.5,-0.2 2.2,0 l -1.1,2.2 z M 54.7,26.4 c 0.6,2.9 -1.3,5.8 -4.2,6.3 -0.6,0.1 -1.2,0.1 -1.9,0 0,0 -0.1,0 -0.1,0 l -10.3,-1.5 -0.1,0 c -0.7,-0.7 -1.6,-1.2 -2.5,-1.7 l 11.0,-6.6 c 0,0 0.1,-0.1 0.1,-0.1 0,0 0.1,-0.1 0.1,-0.1 0.5,-0.3 1.0,-0.4 1.5,-0.6 1.4,-0.3 2.8,0 4.0,0.8 1.2,0.8 2.0,2.0 2.3,3.4 z M 46.0,11.9 c 2.3,1.9 2.6,5.3 0.8,7.6 -0.3,0.4 -0.7,0.8 -1.2,1.1 0,0 -0.1,0 -0.1,0.1 0,0 -0.1,0 -0.1,0.1 l -11.7,7.0 c 2.0,-1.7 2.5,-4.6 1.5,-6.9 l 2.3,-6.4 c 0,0 0,-0.1 0.1,-0.1 0.2,-0.6 0.5,-1.2 0.9,-1.6 1.9,-2.3 5.3,-2.6 7.6,-0.8 z M 30.0,6.2 c 3.0,0 5.4,2.4 5.4,5.4 0,0.6 -0.1,1.2 -0.3,1.8 0,0 0,0.1 0,0.1 l -1.8,4.9 C 32.5,17.9 31.5,17.5 30.5,17.4 29.2,17.3 27.8,17.7 26.7,18.5 l -1.7,-4.9 c 0,0 0,-0.1 0,-0.1 -0.2,-0.6 -0.3,-1.2 -0.3,-1.8 0,-3.0 2.4,-5.4 5.4,-5.4 z m -17.9,9.3 c 0.1,-1.4 0.8,-2.7 1.9,-3.6 2.3,-1.9 5.7,-1.5 7.6,0.8 0.4,0.5 0.7,1.0 0.9,1.6 0,0 0,0.1 0.1,0.1 l 2.3,6.4 c -0.9,2.0 -0.7,4.3 0.7,6.1 0.2,0.3 0.5,0.5 0.7,0.8 L 14.7,20.7 c 0,0 -0.1,0 -0.1,-0.1 0,0 -0.1,0 -0.1,-0.1 -0.4,-0.3 -0.8,-0.6 -1.2,-1.1 -0.9,-1.1 -1.3,-2.5 -1.2,-3.9 z M 6.1,30.4 C 5.3,29.2 5.0,27.8 5.3,26.4 5.6,25.0 6.4,23.7 7.6,22.9 8.5,22.4 9.5,22.0 10.6,22.0 c 0.4,0 0.7,0 1.1,0.1 0.5,0.1 1.0,0.3 1.5,0.6 0,0 0.1,0.1 0.1,0.1 0,0 0.1,0.1 0.1,0.1 l 11.1,6.6 c -0.9,0.5 -1.7,1.0 -2.5,1.7 l -0.2,0 -10.3,1.5 c 0,0 -0.1,0 -0.2,0 -0.6,0.1 -1.3,0.1 -1.9,0 C 8.1,32.4 6.9,31.6 6.1,30.4 Z M 16.7,44.1 c 0,0 -0.1,0.1 -0.1,0.1 -0.4,0.5 -0.9,0.9 -1.5,1.2 C 12.5,46.8 9.2,45.8 7.8,43.2 7.1,41.9 7.0,40.4 7.4,39.1 7.8,37.7 8.7,36.6 10.0,35.9 v 0 c 0.5,-0.3 1.1,-0.5 1.8,-0.6 0,0 0.1,0 0.1,0 l 7.9,-1.2 c -0.5,1.1 -0.8,2.2 -0.8,3.5 0,1.1 0.2,2.2 0.7,3.2 z m 35.6,-0.9 c -1.4,2.6 -4.7,3.6 -7.3,2.2 -0.5,-0.3 -1.0,-0.7 -1.5,-1.2 -0.0,0 -0.1,-0.1 -0.1,-0.1 L 40.3,40.7 c 0.4,-1.0 0.7,-2.1 0.7,-3.2 0,-1.2 -0.3,-2.4 -0.8,-3.4 l 7.9,1.2 c 0,0 0.1,0 0.1,0 0.6,0.1 1.2,0.3 1.8,0.6 v0 c 2.6,1.4 3.6,4.6 2.2,7.3 z"
        style="fill:#000000;stroke:#222222;stroke-width:0.1px"
    />
</svg>