<svg
    xmlns="http://www.w3.org/2000/svg"
    height="60"
    width="60"
    viewbox="0 0 60 60"
>
    <rect
        x="0.25"
        y="0.25"
        width="59.5"
        height="59.5"
        rx="5"
        ry="5"
        style="fill:#242124;stroke:#000000;stroke-width:0.5px"
    />
    <path
        d="m 32.0,7.8 c 2.7,0 5.3,0.8 5.3,2.5 0,0.2 0,0.3 0,0.5 2.6,-0.5 4.4,-1.3 4.4,-2.2 0,-1.0 -2.0,-1.8 -4.9,-2.3 -0.6,-2.1 -2.5,-3.6 -4.7,-3.6 -2.3,0 -4.2,1.5 -4.7,3.6 -2.9,0.4 -4.9,1.3 -4.9,2.3 0,0.9 1.7,1.7 4.4,2.2 0,-0.2 0,-0.3 0,-0.5 0,-1.7 2.7,-2.5 5.3,-2.5 z"
        style="fill:#dddddd;stroke:#222222;stroke-width:0.1px"
    />
    <path
        d="m 28.4,40.9 c 0,-1.7 -0.9,-3.1 -2.3,-4.0 v 3.7 c 1.0,0.2 1.7,0.5 2.0,1.0 0.2,-0.2 0.3,-0.4 0.3,-0.7 z"
        style="fill:#dddddd;stroke:#222222;stroke-width:0.1px"
    />
    <path
        d="m 30.4,44.4 c -0.8,0 -1.5,-0.1 -2.2,-0.1 l -0.4,5.3 c -0.1,0.8 -0.8,1.5 -1.6,1.5 H 26.1 v 3.6 c 0,1.5 1.2,2.7 2.7,2.7 1.5,0 2.7,-1.2 2.7,-2.7 V 44.3 c -0.4,0 -0.8,0 -1.2,0 z"
        style="fill:#dddddd;stroke:#222222;stroke-width:0.1px"
    />
    <path
        d="m 33.7,44.4 c -0.4,0 -0.8,0 -1.2,0 V 54.6 c 0,1.5 1.2,2.7 2.7,2.7 1.5,0 2.7,-1.2 2.7,-2.7 V 43.8 c -0.8,0.2 -2.3,0.5 -4.2,0.5 z"
        style="fill:#dddddd;stroke:#222222;stroke-width:0.1px"
    />
    <path
        d="m 36.9,10.5 c 0,-2.7 -9.8,-2.7 -9.8,0 0,2.7 2.2,4.9 4.9,4.9 2.7,0 4.9,-2.2 4.9,-4.9 z"
        style="fill:#dddddd;stroke:#222222;stroke-width:0.1px"
    />
    <path
        d="m 17.7,42.1 c 0,0 0.1,0 0.1,0.1 0.2,0.1 0.4,0.3 0.6,0.4 0,0.1 0,0.2 0,0.3 l 0.5,6.8 c 0,0.6 0.6,1.1 1.2,1.1 l 6.1,0 c 0.6,0 1.1,-0.5 1.2,-1.1 l 0.5,-6.8 c 0,-0.2 0,-0.3 -0.1,-0.5 0,-0.1 0,-0.1 0,-0.2 0,-1.2 -3.4,-1.3 -4.8,-1.3 -1.3,0 -4.1,0.1 -4.7,1.0 -0.1,0 -0.1,-0.1 -0.2,-0.1 -0.1,0 -0.1,-0.1 -0.1,-0.1 -0.2,-0.2 -0.2,-0.4 -0.2,-0.6 0,-1.3 0.6,-2.5 1.5,-3.4 0.3,-0.2 0.5,-0.4 0.8,-0.6 0.4,-0.2 0.8,-0.4 1.2,-0.5 0.2,0.7 0.9,1.2 1.7,1.2 0,0 0.1,0 0.1,0 0.8,0 1.4,-0.6 1.6,-1.3 0.1,0 0.1,0 0.2,0 0.4,0.1 0.8,0.3 1.1,0.5 l 0.2,-0.3 v 0 l 0.1,-0.2 h 0 l 0,0 c 1.7,1.0 2.8,2.7 2.8,4.7 0,0.6 -0.4,1.0 -0.9,1.4 0,0.2 0.1,0.3 0.1,0.5 l -0.1,0.8 c 0.6,0.1 1.3,0.1 2.1,0.1 0.4,0 0.8,0 1.2,0 v -8.7 h 1.0 v 8.7 c 0.4,0 0.8,0 1.2,0 2.0,0 3.5,-0.3 4.2,-0.5 V 21.9 c 0.1,0.3 0.3,0.6 0.4,0.9 0.6,1.7 1.1,4.5 1.1,8.9 0,1.2 0,2.5 -0.1,4.0 -0.1,1.0 0.7,1.8 1.6,1.8 0,0 0.1,0 0.1,0 0.9,0 1.7,-0.7 1.7,-1.6 0.1,-1.5 0.1,-2.9 0.1,-4.2 0,-6.6 -1.1,-10.2 -2.5,-12.4 -0.7,-1.1 -1.6,-1.8 -2.3,-2.2 -0.7,-0.4 -1.4,-0.5 -1.8,-0.5 0,0 0,0 -0.1,0 H 35.3 l 1.8,2.3 -2.9,-0.9 -1.9,2.8 1.1,-4.2 H 30.7 l 1.1,4.2 -1.9,-2.8 -2.9,0.9 1.8,-2.3 h -0.9 c 0,0 -0.1,0 -0.1,0 -0.4,0 -1.0,0.1 -1.8,0.5 -1.2,0.6 -2.4,1.9 -3.3,4.1 -0.9,2.3 -1.5,5.5 -1.5,10.5 0,1.2 0,2.5 0.1,4.0 -0.4,0.1 -0.9,0.3 -1.3,0.5 -1.7,1.0 -2.9,2.7 -2.9,4.7 0,0.5 0.2,0.9 0.6,1.2 z m 5.3,-0.9 c 2.4,0 4.4,0.4 4.4,0.9 0,0.5 -2.0,0.9 -4.4,0.9 -2.4,0 -4.4,-0.4 -4.4,-0.9 0,-0.5 2.0,-0.9 4.4,-0.9 z m 9.0,-19.0 c 0.3,0 0.6,0.3 0.6,0.6 0,0.3 -0.3,0.6 -0.6,0.6 -0.3,0 -0.6,-0.3 -0.6,-0.6 0,-0.3 0.3,-0.6 0.6,-0.6 z m 0,2.5 c 0.3,0 0.6,0.3 0.6,0.6 0,0.3 -0.3,0.6 -0.6,0.6 -0.3,0 -0.6,-0.3 -0.6,-0.6 0,-0.3 0.3,-0.6 0.6,-0.6 z M 26.1,21.9 v 14.2 c -0.3,-0.2 -0.7,-0.3 -1.1,-0.5 -0.1,0 -0.2,-0.1 -0.3,-0.1 -0.1,-1.4 -0.1,-2.7 -0.1,-3.9 0,-5.3 0.8,-8.2 1.5,-9.8 z"
        style="fill:#dddddd;stroke:#222222;stroke-width:0.1px"
    />
</svg>