<svg
    xmlns="http://www.w3.org/2000/svg"
    height="70"
    width="50"
    viewbox="0 0 50 70"
>
    <polygon
        points="5,35 5,70 25,57 45,70 45,35"
        style="fill:#f0e130;stroke:#000000;stroke-width:0.5px"
    />
    <circle
        cx="25"
        cy="25"
        r="24.75"
        style="fill:#f0e130;stroke:#000000;stroke-width:0.5px"
    />
    <rect
        x="15"
        y="11"
        height="20"
        width="20"
        style="fill:none;stroke:#000000;stroke-width:0.5px"
    />
    <path
        d="m 23.0,23.4 h 1.8 v -5.9 q 0,-0.3 0,-0.5 l -1.5,1.3 q -0.1,0.1 -0.2,0.1 -0.1,0 -0.1,0 -0.1,0 -0.1,0 -0.1,0 -0.1,-0.1 L 22.4,17.8 25.0,15.6 h 0.9 v 7.8 h 1.7 v 0.8 h -4.6 z"
        style="fill:#000000;stroke:none"
    />
    <rect
        x="21.5"
        y="35.5"
        height="7"
        width="7"
        style="fill:#000000;stroke:#000000;stroke-width:0.5px"
    />
    <g>
        <path
            d="m 25,38.5 c 0.8,0 1.5,0.5 1.9,1.2 0.4,0.6 0.6,1.4 0.5,2.1 0,0.2 -0.2,0.4 -0.4,0.3 -0.4,-0.1 -0.8,-0.4 -1.3,-0.6 -0.4,-0.2 -0.9,-0.2 -1.3,0 -0.4,0.1 -0.8,0.4 -1.3,0.6 -0.2,0.1 -0.4,-0.1 -0.4,-0.3 -0.1,-0.5 0,-1.1 0.2,-1.6 0.3,-0.8 0.9,-1.5 1.8,-1.7 0.1,0 0.3,0 0.4,0 z"
            style="fill:#ffffff;stroke:none"
        />
        <path
            d="m 28.5,37.8 c 0.2,0.1 0.2,0.3 0.2,0.5 -0.1,0.3 -0.3,0.6 -0.5,0.8 -0.2,0.2 -0.5,0.3 -0.7,0.2 C 27.2,39.2 27,39 27,38.7 c 0,-0.3 0.2,-0.5 0.3,-0.7 0.2,-0.2 0.5,-0.4 0.7,-0.4 0.1,0 0.3,0 0.4,0.1 z"
            style="fill:#ffffff;stroke:none"
        />
        <path
            d="m 21.4,38 c 0.1,-0.2 0.4,-0.3 0.6,-0.2 0.3,0 0.6,0.2 0.9,0.4 0.2,0.2 0.3,0.4 0.3,0.7 0,0.2 -0.1,0.3 -0.3,0.4 -0.2,0.1 -0.5,0 -0.8,-0.1 -0.3,-0.1 -0.5,-0.3 -0.7,-0.6 -0.1,-0.2 -0.1,-0.4 0,-0.6 z"
            style="fill:#ffffff;stroke:none"
        />
        <path
            d="m 23.9,35.9 c 0.2,0 0.4,0.1 0.5,0.3 0.2,0.3 0.3,0.6 0.3,1 0,0.3 -0.1,0.6 -0.2,0.8 -0.1,0.2 -0.4,0.3 -0.6,0.2 -0.2,-0.1 -0.4,-0.4 -0.4,-0.6 -0.1,-0.4 -0.1,-0.8 0,-1.1 C 23.6,36.3 23.7,36 24,36 Z"
            style="fill:#ffffff;stroke:none"
        />
        <path
            d="m 26.2,35.9 c -0.2,-0.1 -0.4,0.1 -0.6,0.2 -0.2,0.3 -0.3,0.6 -0.4,1 0,0.3 0,0.6 0.2,0.9 0.1,0.1 0.3,0.3 0.5,0.2 0.3,0 0.4,-0.3 0.6,-0.5 0.2,-0.4 0.3,-0.8 0.2,-1.2 0,-0.2 -0.1,-0.5 -0.4,-0.6 0,0 -0.1,0 -0.1,0 z"
            style="fill:#ffffff;stroke:none"
        />
    </g>
    <path
        d="m 25.6,7.0 v 6.2 h -1.3 v -6.2 h -1.9 l 2.6,-2.6 2.6,2.6 z"
        style="fill:#ff0000;stroke:#000000;stroke-width:0.2px"
    />
    <path
        d="m 25.6,28.5 v 6.2 h -1.3 v -6.2 h -1.9 l 2.6,-2.6 2.6,2.6 z"
        style="fill:#ff0000;stroke:#000000;stroke-width:0.2px"
    />
    <path
        d="m 12.1,50.0 c 0.1,-0.5 -0.3,-0.9 -0.4,-1.6 -0.2,-1.0 0.2,-1.8 0,-2.2 0.1,0.1 0.2,0.3 0.3,0.4 0.5,0.9 0.5,2.1 0.4,2.8 0.2,-0.3 0.4,-0.7 0.6,-1.0 0,0 0.1,0 0.2,0 -0.3,0.7 -0.7,1.4 -1.0,2.1 0.5,-0.4 0.9,-0.8 1.6,-0.7 0.1,0 0.3,0.1 0.3,0.1 -0.2,0 -0.5,0.6 -1.2,0.9 -0.3,0.1 -0.7,0.1 -1.0,0.2 -0.2,0.3 -0.3,0.7 -0.5,1.1 0.6,-0.4 1.1,-1.2 2.1,-1.0 0.1,0 0.3,0 0.4,0.1 -0.2,0 -0.7,0.8 -1.4,1.1 -0.4,0.1 -1.0,0 -1.3,0.2 -0.2,0.5 -0.4,0.9 -0.5,1.5 0.6,-0.5 1.1,-1.7 2.8,-1.5 0.2,0 0.4,0.1 0.6,0.2 -0.4,0.1 -1.0,1.2 -2.0,1.6 -0.6,0.3 -1.3,-0.1 -1.7,0.2 -0.1,0.4 -0.2,0.0 -0.3,1.4 0.7,-0.5 1.2,-1.5 2.5,-1.0 0.2,0.1 0.4,0.3 0.6,0.4 -0.3,0.2 -0.8,0.8 -1.7,1.0 -0.6,0.1 -1.2,-0.2 -1.5,0 -0.1,0.5 -0.1,1.0 -0.2,1.5 1.0,-0.4 1.9,-2.0 3.4,-1.0 0.2,0.1 0.4,0.3 0.6,0.5 -0.4,-0.1 -1.2,0.9 -2.3,1.0 -0.7,0.1 -1.3,-0.3 -1.8,0 0,0.6 0,1.2 0,1.9 0.9,-0.7 1.3,-1.8 3.6,-1.7 0.4,0 0.8,0.1 1.1,0.2 -0.6,0.1 -0.7,1.3 -2.1,1.8 -0.9,0.3 -2.3,-0.1 -2.7,0.3 0,0.6 0.1,1.2 0.1,1.9 1.4,-0.5 2.1,-2.1 4.9,-1.3 0.4,0.1 0.9,0.3 1.3,0.5 -0.7,0 -1.2,1.5 -2.8,1.7 -1.2,0.2 -2.8,-0.8 -3.3,-0.3 l 0,0 c 0.1,0.8 0.2,1.6 0.3,2.5 0,0 -0.1,0.6 -0.5,0.5 C 9.8,66.0 9.9,65.6 9.9,65.6 9.9,64.6 9.8,63.6 9.7,62.7 l 0,0 C 9.3,61.9 8.4,62.7 7.5,62.2 6.3,61.5 5.7,59.5 5.3,59.5 5.5,59.3 5.8,59.1 6.1,59.1 8.0,58.5 8.6,60.4 9.7,61.8 9.7,61.2 9.6,60.6 9.6,60.0 9.3,59.0 8.7,59.6 8.1,58.9 7.3,57.9 7.1,56.1 6.7,55.9 c 0.2,0 0.5,0 0.7,0 1.4,0.3 1.8,1.9 2.2,3.2 0,-0.6 0,-1.2 0.1,-1.8 C 9.5,56.8 9.0,56.9 8.6,56.4 7.9,55.6 7.8,54.3 7.5,54.1 c 0.2,0 0.4,0 0.5,0 1.1,0.3 1.4,1.7 1.8,2.6 0.1,-0.5 0.1,-1.0 0.2,-1.4 -0.2,-0.7 -0.9,-0.7 -1.3,-1.5 -0.7,-1.1 -0.7,-2.8 -1.0,-3.1 0.2,0.1 0.4,0.1 0.6,0.2 1.3,0.6 1.6,2.7 1.9,3.8 0.1,-0.6 0.3,-1.1 0.5,-1.7 -0.2,-0.4 -0.7,-0.5 -1.0,-1.0 -0.5,-0.9 -0.5,-2.1 -0.8,-2.4 0.2,0 0.3,0.1 0.5,0.1 1.3,0.6 1.2,2.2 1.4,2.9 0.1,-0.4 0.3,-0.7 0.5,-1.1 0,-0.5 -0.6,-0.9 -0.8,-1.6 -0.4,-1.1 -0.1,-2.3 -0.3,-2.7 0.2,0.1 0.3,0.3 0.5,0.4 1.1,1.1 0.8,2.6 0.8,3.4 0.2,-0.3 0.4,-0.7 0.6,-1.1 z"
        style="fill:#000000;stroke:none"
    />
</svg>