<svg
    xmlns="http://www.w3.org/2000/svg"
    height="60"
    width="60"
    viewbox="0 0 60 60"
>
    <rect
        x="0.25"
        y="0.25"
        width="59.5"
        height="59.5"
        rx="5"
        ry="5"
        style="fill:#0d98ba;stroke:#000000;stroke-width:0.5px"
    />
    <path
        d="m 13.2,45.3 1.7,7.0 v 3.4 c 0,0.2 0.1,0.5 0.3,0.6 0.2,0.2 0.4,0.3 0.6,0.3 h 10.6 c 0.2,0 0.5,-0.1 0.6,-0.3 0.2,-0.2 0.3,-0.4 0.3,-0.6 v -2.1 c 0.9,0.3 1.8,0.4 2.7,0.4 0.9,0 1.8,-0.1 2.7,-0.4 v 2.1 c 0,0.2 0.1,0.5 0.3,0.6 0.2,0.2 0.4,0.3 0.6,0.3 h 10.6 c 0.2,0 0.5,-0.1 0.6,-0.3 0.2,-0.2 0.3,-0.4 0.3,-0.6 v -3.4 l 1.7,-7.0 c 0.9,-3.4 0.1,-5.6 -2.3,-6.4 l -3.5,-1.3 0.5,-5.8 c 0,-0.2 0,-0.4 -0.2,-0.6 l -4.0,-5.5 3.2,-2.0 h 0 c 0.2,-0.1 0.3,-0.3 0.4,-0.4 l 2.3,-6.2 c 0,-0.1 0.1,-0.2 0.1,-0.3 v -0.1 c 1.1,-0.3 2.0,-0.9 2.6,-1.8 1.1,-1.6 1.5,-3.6 0.9,-5.4 -0.2,-0.8 -0.2,-1.7 0,-2.5 0.2,-1.0 0.3,-2.1 -0.4,-2.7 -0.8,-0.7 -2.1,-0.3 -3.4,0.2 l 0,0 c -2.2,0.8 -4.3,2.0 -6.2,3.5 h -2.8 l 1.3,-3.2 h 0 C 35.4,4.4 35.3,4.0 35.1,3.7 34.8,3.5 34.5,3.4 34.1,3.5 L 31.8,4.3 30.4,3.6 c -0.2,-0.1 -0.5,-0.1 -0.8,0 L 28.2,4.3 25.9,3.5 c -0.3,-0.1 -0.7,0 -0.9,0.2 -0.2,0.3 -0.3,0.6 -0.2,0.9 l 1.3,3.2 H 23.3 C 21.4,6.4 19.3,5.2 17.1,4.4 15.8,3.9 14.5,3.5 13.6,4.2 12.9,4.8 13.0,5.9 13.2,6.9 h 0 c 0.2,0.8 0.2,1.7 0,2.5 -0.6,1.8 -0.2,3.9 0.9,5.4 0.6,0.9 1.5,1.6 2.6,1.8 v 0.1 c 0,0.1 0,0.2 0.1,0.3 l 2.3,6.2 c 0.1,0.2 0.2,0.3 0.4,0.4 l 3.2,2.0 -4.0,5.5 v 0 c -0.1,0.2 -0.2,0.4 -0.2,0.6 l 0.5,5.8 -3.4,1.3 c -2.5,0.8 -3.3,3.0 -2.3,6.4 z m 12.4,9.5 H 22.0 V 53.0 h 3.5 z m 12.4,0 H 34.4 V 53.0 h 3.5 z m 2.9,-15.3 2.8,1.0 -1.7,1.2 1.0,1.5 2.3,-1.5 c 0.3,0.8 0.3,1.7 0.1,2.6 h -2.8 v 1.8 h 2.4 l -0.4,1.8 h -2.8 v 1.8 h 2.4 L 43.5,51.2 H 39.8 Z M 39.7,53.0 h 3.5 v 1.8 H 39.7 Z M 43.6,6.1 c 0.5,-0.2 1.0,-0.4 1.6,-0.5 -0.0,0.3 -0.1,0.7 -0.1,1.0 -0.3,1.1 -0.2,2.2 0,3.3 0.4,1.3 0.1,2.7 -0.7,3.8 -0.4,0.6 -1.0,1.0 -1.6,1.1 L 41.2,12.8 43.5,12.3 43.1,10.6 41.2,11.0 42.3,8.2 40.7,7.6 39.5,10.5 38.3,8.9 C 39.9,7.7 41.7,6.8 43.6,6.1 Z m -15.6,0 c 0.2,0.1 0.5,0.1 0.7,0 l 1.4,-0.7 1.4,0.7 v 0 c 0.2,0.1 0.5,0.1 0.7,0 l 0.8,-0.3 -0.8,2.1 H 27.9 L 27.1,5.8 Z M 31.2,9.7 30.0,12.1 28.8,9.7 Z M 15.6,13.8 c -0.8,-1.1 -1.0,-2.5 -0.7,-3.8 0.3,-1.1 0.3,-2.2 0,-3.3 -0.1,-0.3 -0.1,-0.7 -0.1,-1.0 0.5,0.1 1.1,0.2 1.6,0.5 1.9,0.7 3.7,1.7 5.3,2.9 l -1.2,1.6 -1.2,-3.0 -1.6,0.7 1.2,2.9 -2.8,-0.6 -0.4,1.7 3.0,0.6 -1.5,2.0 c -0.7,-0.2 -1.2,-0.6 -1.6,-1.2 z m 7.0,9.8 -1.9,-1.2 -2.1,-5.8 V 16.1 l 4.9,-6.5 h 3.4 l 2.4,4.8 h 0 c 0.1,0.3 0.5,0.5 0.8,0.5 0.3,0 0.6,-0.2 0.8,-0.5 L 33.2,9.7 h 3.4 l 4.9,6.5 v 0.4 l -2.1,5.8 -1.9,1.2 -2.3,-3.8 h 0 c -0.1,-0.1 -0.1,-0.2 -0.2,-0.2 l -4.4,-3.5 c -0.3,-0.3 -0.8,-0.3 -1.1,0 l -4.4,3.5 c -0.1,0.1 -0.2,0.1 -0.2,0.2 z m 9.0,3.8 0,0 h -3.0 l 0,0 1.5,-0.8 z M 28.2,22.0 c 0,-0.4 0.7,-0.9 1.8,-0.9 1.1,0 1.8,0.5 1.8,0.9 0,0.4 -0.7,0.9 -1.8,0.9 -1.1,0 -1.8,-0.5 -1.8,-0.9 z m 2.7,3.0 v -0.4 c 1.5,-0.3 2.7,-1.3 2.7,-2.6 0,-1.5 -1.6,-2.7 -3.5,-2.7 -2.0,0 -3.5,1.2 -3.5,2.7 0,1.3 1.1,2.3 2.7,2.6 v 0.4 l -2.4,1.2 -2.7,-1.7 2.2,-3.7 3.7,-3.0 3.7,3.0 2.2,3.7 -2.7,1.7 z m -6.8,1.6 3.6,2.3 c 0.1,0.1 0.3,0.1 0.5,0.1 h 3.5 c 0.2,0 0.3,0 0.5,-0.1 l 3.6,-2.3 2.0,2.7 0,0 c -0.2,1.2 -0.8,2.3 -1.7,3.0 l -3.0,-1.5 c -0.3,-0.1 -0.6,-0.1 -0.9,0 -0.3,0.2 -0.4,0.4 -0.4,0.8 0,1.6 -0.7,3.1 -1.8,4.2 -1.1,-1.1 -1.7,-2.6 -1.8,-4.2 0,-0.3 -0.2,-0.6 -0.4,-0.8 -0.3,-0.2 -0.6,-0.2 -0.9,0 L 23.9,32.5 C 23.0,31.7 22.4,30.6 22.2,29.5 l 0,0 z m -3.3,4.6 c 0.5,1.2 1.3,2.3 2.5,3.0 0.3,0.2 0.6,0.2 0.9,0.1 l 2.4,-1.2 h 0 c 0.3,1.9 1.3,3.6 2.9,4.7 0.3,0.2 0.7,0.2 1.0,0 1.6,-1.1 2.6,-2.8 2.9,-4.7 l 2.4,1.2 c 0.3,0.1 0.6,0.1 0.9,-0.1 1.1,-0.7 2.0,-1.8 2.5,-3.0 l 0.6,0.8 -0.2,2.7 -2.6,0.7 0.4,1.7 2.0,-0.5 -0.7,7.6 h -1.6 v 1.8 h 1.4 l -0.5,5.3 h -3.6 l 0.1,-2.3 1.3,0.4 0.6,-1.7 -1.8,-0.6 0.3,-5.6 h 2.1 v -1.8 h -2.0 l 0.2,-3.5 -1.8,-0.1 -0.9,15.5 v 0 c -0.8,0.4 -1.8,0.5 -2.7,0.5 -0.9,0 -1.9,-0.1 -2.7,-0.5 l -1.7,-15.5 -1.8,0.2 0.2,2.0 -1.7,1.7 1.3,1.3 0.7,-0.7 0.8,7.2 h -2.2 v 1.8 h 2.4 l 0.2,1.8 h -3.5 l -0.5,-5.7 1.2,0.4 0.6,-1.7 -1.9,-0.6 -0.6,-7.2 0.9,0.6 1.0,-1.5 -2.1,-1.4 -0.2,-2.1 z M 20.3,54.8 H 16.7 V 53.0 h 3.5 z M 19.2,39.4 20.2,51.2 H 16.5 L 16.1,49.5 h 2.4 V 47.7 H 15.7 L 15.2,45.9 H 17.6 V 44.2 h -2.8 c -0.3,-0.8 -0.2,-1.7 0.1,-2.6 l 2.3,1.5 1.0,-1.5 -1.7,-1.2 z"
        style="fill:#000000;stroke:#222222;stroke-width:0.1px"
    />
    <path
        d="m 26.5,16.7 c 0,1.0 -0.8,1.8 -1.8,1.8 -1.0,0 -1.8,-0.8 -1.8,-1.8 0,-1.0 0.8,-1.8 1.8,-1.8 1.0,0 1.8,0.8 1.8,1.8"
        style="fill:#000000;stroke:#222222;stroke-width:0.1px"
    />
    <path
        d="m 38.2,14.7 1.3,-1.3 c -2.1,-2.1 -5.2,-1.1 -5.3,-1.1 l 0.6,1.7 c 0,0 2.2,-0.7 3.5,0.7 z"
        style="fill:#000000;stroke:#222222;stroke-width:0.1px"
    />
    <path
        d="m 37.1,16.7 c 0,1.0 -0.8,1.8 -1.8,1.8 -1.0,0 -1.8,-0.8 -1.8,-1.8 0,-1.0 0.8,-1.8 1.8,-1.8 1.0,0 1.8,0.8 1.8,1.8"
        style="fill:#000000;stroke:#222222;stroke-width:0.1px"
    />
    <path
        d="m 25.3,14.0 0.6,-1.7 c -0.1,0 -3.2,-1.0 -5.3,1.1 l 1.3,1.3 c 1.4,-1.3 3.5,-0.7 3.5,-0.7 z"
        style="fill:#000000;stroke:#222222;stroke-width:0.1px"
    />
</svg>