<svg
    xmlns="http://www.w3.org/2000/svg"
    height="60"
    width="60"
    viewbox="0 0 60 60"
>
    <rect
        x="0.25"
        y="0.25"
        width="59.5"
        height="59.5"
        rx="5"
        ry="5"
        style="fill:#228b22;stroke:#000000;stroke-width:0.5px"
    />
    <path
        d="m 48.2,39.5 c -0.1,-2.0 -1.0,-3.8 -2.6,-5.0 l -1.6,-1.3 c 0,-1.7 -0.5,-3.3 -1.2,-4.8 L 41.3,25.4 39.8,15.2 c 0,-0.2 0,-0.3 0,-0.5 l 0,-1.5 c 0,-0.1 0,-0.1 0,-0.2 l 0.8,-0.2 c 2.8,-0.6 4.9,-3.1 4.9,-6.0 l 0,-1.8 c 0,-0.4 -0.2,-0.8 -0.5,-1.0 -0.3,-0.2 -0.7,-0.3 -1.1,-0.2 l -8.0,2.6 C 34.7,5.7 33.3,5.3 31.9,5.3 h -3.4 c -1.4,0 -2.8,0.4 -3.9,1.0 L 16.6,3.8 C 16.2,3.6 15.9,3.7 15.5,3.9 15.2,4.2 15.0,4.5 15.0,4.9 v 1.8 c 0,2.9 2.1,5.4 4.9,6.0 l 0.8,0.2 c 0,0.1 0,0.1 0,0.2 v 1.5 c 0,0.2 0,0.3 0,0.5 l -1.4,10.2 -1.6,2.8 c -0.9,1.6 -1.4,3.3 -1.5,5.1 l -1.6,1.3 c -1.5,1.2 -2.5,3.0 -2.6,5.0 -3.1,0.6 -5.4,3.3 -5.4,6.5 0,3.7 3.0,6.6 6.6,6.6 1.0,0 2.0,-0.2 2.9,-0.7 v 3.1 c 0,0.7 0.6,1.2 1.2,1.2 h 8.8 c 0.7,0 1.2,-0.6 1.2,-1.2 V 50.7 h 5.5 v 4.3 c 0,0.7 0.6,1.2 1.2,1.2 h 8.8 c 0.7,0 1.2,-0.6 1.2,-1.2 v -3.1 c 0.9,0.4 1.9,0.7 2.9,0.7 3.7,0 6.6,-3.0 6.6,-6.6 0,-3.2 -2.3,-5.9 -5.4,-6.5 z M 16.0,49.0 c -0.8,0.8 -1.8,1.2 -2.9,1.2 -2.3,0 -4.2,-1.9 -4.2,-4.2 0,-2.3 1.9,-4.2 4.2,-4.2 1.1,0 2.2,0.4 2.9,1.2 z m 0,-8.9 c -0.5,-0.3 -1.1,-0.5 -1.7,-0.6 0.1,-1.2 0.7,-2.3 1.7,-3.1 l 0,0 z M 43.0,6.6 V 6.8 c 0,1.7 -1.2,3.2 -2.9,3.6 L 39.3,10.5 C 39.0,9.7 38.6,8.9 38.0,8.2 Z M 23.1,14.7 v -1.5 c 0,-3.0 2.4,-5.4 5.4,-5.4 h 3.4 c 3.0,0 5.4,2.4 5.4,5.4 v 1.5 c 0,0.3 0,0.6 0.1,0.8 l 1.5,10.4 c 0.2,1.2 -0.6,2.3 -1.7,2.6 l -1.6,0.5 c -0.9,0.3 -1.6,0.8 -2.2,1.5 -0.3,0.4 -0.8,0.7 -1.3,0.7 h -3.6 c -0.5,0 -1.0,-0.3 -1.3,-0.7 -0.5,-0.7 -1.3,-1.3 -2.2,-1.5 L 23.3,28.6 C 22.1,28.2 21.4,27.1 21.6,25.9 v 0 0 l 1.5,-10.4 c 0,-0.3 0.1,-0.6 0.1,-0.8 z M 20.4,10.4 C 18.7,10.0 17.5,8.5 17.5,6.8 V 6.6 l 4.9,1.6 c -0.6,0.7 -1.0,1.5 -1.3,2.3 z m 21.2,43.5 h -1.0 v -1.2 c 0,-0.5 -0.4,-0.9 -0.9,-0.9 -0.5,0 -0.9,0.4 -0.9,0.9 v 1.2 H 37.8 v -1.2 c 0,-0.5 -0.4,-0.9 -0.9,-0.9 -0.5,0 -0.9,0.4 -0.9,0.9 v 1.2 h -0.8 V 41.7 c 0,-0.7 -0.6,-1.2 -1.2,-1.2 -0.7,0 -1.2,0.6 -1.2,1.2 v 6.6 h -5.5 v -6.6 c 0,-0.7 -0.6,-1.2 -1.2,-1.2 -0.7,0 -1.2,0.6 -1.2,1.2 v 12.2 h -0.9 v -1.2 c 0,-0.5 -0.4,-0.9 -0.9,-0.9 -0.5,0 -0.9,0.4 -0.9,0.9 v 1.2 H 21.1 v -1.2 c 0,-0.5 -0.4,-0.9 -0.9,-0.9 -0.5,0 -0.9,0.4 -0.9,0.9 v 1.2 h -0.9 l 0,-20.0 c 0,-1.6 0.4,-3.1 1.2,-4.5 l 0.3,-0.4 c 0.6,0.9 1.5,1.7 2.7,2.0 l 1.6,0.5 c 0.3,0.1 0.7,0.3 0.9,0.6 0.8,1.1 2.0,1.7 3.3,1.7 H 32.0 c 1.3,0 2.5,-0.6 3.3,-1.7 0.2,-0.3 0.5,-0.5 0.9,-0.6 l 1.6,-0.5 c 1.1,-0.3 1.9,-1.0 2.6,-1.8 l 0.2,0.4 c 0.6,1.2 1.0,2.6 1.0,4.0 z m 2.5,-17.4 0,0 c 1.0,0.8 1.5,1.9 1.7,3.1 -0.6,0.1 -1.2,0.3 -1.7,0.6 z m 2.9,13.8 c -1.1,0 -2.2,-0.4 -2.9,-1.2 v -5.9 c 0.8,-0.8 1.8,-1.2 2.9,-1.2 2.3,0 4.2,1.9 4.2,4.2 0,2.3 -1.9,4.2 -4.2,4.2 z"
        style="fill:#000000;stroke:#222222;stroke-width:0.1px"
    />
    <path
        d="m 25.9,17.0 c 0,0.6 -0.5,1.1 -1.1,1.1 -0.6,0 -1.1,-0.5 -1.1,-1.1 0,-0.6 0.5,-1.1 1.1,-1.1 0.6,0 1.1,0.5 1.1,1.1 z"
        style="fill:#000000;stroke:#222222;stroke-width:0.1px"
    />
    <path
        d="M 26.9,28.1 H 27.2 c 0.3,0 0.5,0.2 0.5,0.5 0,0.5 0.4,0.9 0.9,0.9 0.5,0 0.9,-0.4 0.9,-0.9 0,-1.2 -1.0,-2.3 -2.3,-2.3 h -0.3 c -0.5,0 -0.9,0.4 -0.9,0.9 0,0.5 0.4,0.9 0.9,0.9 z"
        style="fill:#000000;stroke:#222222;stroke-width:0.1px"
    />
    <path
        d="m 27.6,24.2 c 0.1,0.3 0.5,0.5 0.8,0.5 h 3.5 c 0.3,0 0.7,-0.2 0.8,-0.5 l 1.6,-3.5 c 0.1,-0.2 0.1,-0.5 0,-0.7 l -3.3,-8.4 c -0.1,-0.3 -0.5,-0.6 -0.8,-0.6 -0.4,0 -0.7,0.2 -0.8,0.6 l -3.3,8.4 c -0.1,0.2 -0.1,0.5 0,0.7 z m 2.6,-9.9 2.4,6.0 -1.2,2.7 h -2.4 l -1.2,-2.7 z"
        style="fill:#000000;stroke:#222222;stroke-width:0.1px"
    />
    <path
        d="m 33.6,26.4 h -0.3 c -1.2,0 -2.3,1.0 -2.3,2.3 0,0.5 0.4,0.9 0.9,0.9 0.5,0 0.9,-0.4 0.9,-0.9 0,-0.3 0.2,-0.5 0.5,-0.5 h 0.3 c 0.5,0 0.9,-0.4 0.9,-0.9 0,-0.5 -0.4,-0.9 -0.9,-0.9 z"
        style="fill:#000000;stroke:#222222;stroke-width:0.1px"
    />
    <path
        d="m 36.7,17.0 c 0,0.6 -0.5,1.1 -1.1,1.1 -0.6,0 -1.1,-0.5 -1.1,-1.1 0,-0.6 0.5,-1.1 1.1,-1.1 0.6,0 1.1,0.5 1.1,1.1 z"
        style="fill:#000000;stroke:#222222;stroke-width:0.1px"
    />
</svg>