<svg
    xmlns="http://www.w3.org/2000/svg"
    height="70"
    width="50"
    viewbox="0 0 50 70"
>
    <polygon
        points="5,35 5,70 25,57 45,70 45,35"
        style="fill:#0d98ba;stroke:#000000;stroke-width:0.5px"
    />
    <circle
        cx="25"
        cy="25"
        r="24.75"
        style="fill:#0d98ba;stroke:#000000;stroke-width:0.5px"
    />
    <path
        d="M 25.6,9.9 V 16.1 H 24.3 V 9.9 h -1.9 l 2.6,-2.6 2.6,2.6 z"
        style="fill:#ff0000;stroke:#000000;stroke-width:0.2px"
    />
    <path
        d="m 16.8,26.5 v 2.6 h 2.4 v 0.8 h -2.4 v 2.6 h -0.9 v -2.6 h -2.4 v -0.8 h 2.4 v -2.6 z"
        style="fill:#ff0000;stroke:#000000;stroke-width:0.2px"
    />
    <g>
        <path
            d="m 25.9,20.8 c 1.2,0 2.4,0.4 2.4,1.1 0,0.1 0,0.1 0,0.2 1.2,-0.2 2.0,-0.6 2.0,-1.0 0,-0.5 -0.9,-0.8 -2.2,-1.0 -0.3,-0.9 -1.1,-1.6 -2.1,-1.6 -1.0,0 -1.9,0.7 -2.1,1.6 -1.3,0.2 -2.2,0.6 -2.2,1.0 0,0.4 0.8,0.8 2.0,1.0 0,-0.1 0,-0.1 0,-0.2 0,-0.8 1.2,-1.1 2.4,-1.1 z"
            style="fill:#000000;stroke:none"
        />
        <path
            d="m 24.3,35.7 c 0,-0.8 -0.4,-1.4 -1.0,-1.8 v 1.7 c 0.5,0.1 0.8,0.2 0.9,0.5 0.1,-0.1 0.1,-0.2 0.1,-0.3 z"
            style="fill:#000000;stroke:none"
        />
        <path
            d="m 25.2,37.3 c -0.4,0 -0.7,0 -1.0,0 l -0.2,2.4 c 0,0.4 -0.4,0.7 -0.7,0.7 h 0 v 1.6 c 0,0.7 0.5,1.2 1.2,1.2 0.7,0 1.2,-0.5 1.2,-1.2 v -4.7 c -0.2,0 -0.4,0 -0.5,0 z"
            style="fill:#000000;stroke:none"
        />
        <path
            d="m 26.7,37.3 c -0.2,0 -0.4,0 -0.5,0 v 4.6 c 0,0.7 0.5,1.2 1.2,1.2 0.7,0 1.2,-0.5 1.2,-1.2 v -4.9 c -0.4,0.1 -1.0,0.2 -1.9,0.2 z"
            style="fill:#000000;stroke:none"
        />
        <path
            d="m 28.1,22.0 c 0,-1.2 -4.4,-1.2 -4.4,0 0,1.2 1.0,2.2 2.2,2.2 1.2,0 2.2,-1.0 2.2,-2.2 z"
            style="fill:#000000;stroke:none"
        />
        <path
            d="m 19.5,36.3 c 0,0 0,0 0,0 0.1,0 0.2,0.1 0.3,0.2 0,0 0,0.1 0,0.1 l 0.2,3.1 c 0,0.3 0.3,0.5 0.5,0.5 h 2.8 c 0.3,0 0.5,-0.2 0.5,-0.5 l 0.2,-3.1 c 0,-0.1 0,-0.1 0,-0.2 0,0 0,0 0,-0.1 0,-0.5 -1.5,-0.6 -2.2,-0.6 -0.6,0 -1.9,0 -2.1,0.5 0,0 0,0 -0.1,0 0,0 0,0 0,0 -0.1,-0.1 -0.1,-0.2 -0.1,-0.3 0,-0.6 0.3,-1.1 0.7,-1.5 0.1,-0.1 0.2,-0.2 0.4,-0.3 0.2,-0.1 0.4,-0.2 0.5,-0.2 0.1,0.3 0.4,0.5 0.8,0.5 0,0 0,0 0,0 0.4,0 0.6,-0.3 0.7,-0.6 0,0 0,0 0.1,0 0.2,0 0.4,0.1 0.5,0.2 l 0.1,-0.1 v 0 l 0,-0.1 v 0 0 c 0.8,0.5 1.3,1.2 1.3,2.1 0,0.3 -0.2,0.5 -0.4,0.6 0,0.1 0,0.1 0,0.2 l 0,0.4 c 0.3,0 0.6,0 0.9,0 0.2,0 0.4,0 0.5,0 v -3.9 h 0.5 v 3.9 c 0.2,0 0.4,0 0.5,0 0.9,0 1.6,-0.1 1.9,-0.2 v -9.8 c 0,0.1 0.1,0.3 0.2,0.4 0.3,0.8 0.5,2.0 0.5,4.0 0,0.5 0,1.1 0,1.8 0,0.5 0.3,0.8 0.7,0.8 0,0 0,0 0,0 0.4,0 0.8,-0.3 0.8,-0.7 0,-0.7 0,-1.3 0,-1.9 0,-3.0 -0.5,-4.6 -1.1,-5.6 -0.3,-0.5 -0.7,-0.8 -1.0,-1.0 -0.3,-0.2 -0.6,-0.2 -0.8,-0.2 0,0 0,0 0,0 h -0.4 l 0.8,1.0 -1.3,-0.4 -0.9,1.3 0.5,-1.9 h -1.2 l 0.5,1.9 -0.9,-1.3 -1.3,0.4 0.8,-1.0 h -0.4 c 0,0 0,0 0,0 -0.2,0 -0.5,0 -0.8,0.2 -0.5,0.3 -1.1,0.9 -1.5,1.9 -0.4,1.0 -0.7,2.5 -0.7,4.7 0,0.5 0,1.1 0,1.8 -0.2,0 -0.4,0.1 -0.6,0.2 -0.8,0.5 -1.3,1.2 -1.3,2.1 0,0.2 0.1,0.4 0.3,0.5 z m 2.4,-0.4 c 1.1,0 2.0,0.2 2.0,0.4 0,0.2 -0.9,0.4 -2.0,0.4 -1.1,0 -2.0,-0.2 -2.0,-0.4 0,-0.2 0.9,-0.4 2.0,-0.4 z m 4.1,-8.6 c 0.1,0 0.3,0.1 0.3,0.3 0,0.1 -0.1,0.3 -0.3,0.3 -0.1,0 -0.3,-0.1 -0.3,-0.3 0,-0.1 0.1,-0.3 0.3,-0.3 z m 0,1.1 c 0.1,0 0.3,0.1 0.3,0.3 0,0.1 -0.1,0.3 -0.3,0.3 -0.1,0 -0.3,-0.1 -0.3,-0.3 0,-0.1 0.1,-0.3 0.3,-0.3 z m -2.7,-1.3 v 6.4 c -0.1,-0.1 -0.3,-0.1 -0.5,-0.2 0,0 -0.1,0 -0.1,0 0,-0.6 0,-1.2 0,-1.8 0,-2.4 0.4,-3.7 0.7,-4.4 z"
            style="fill:#000000;stroke:none"
        />
    </g>
    <path
        d="m 12.1,50.0 c 0.1,-0.5 -0.3,-0.9 -0.4,-1.6 -0.2,-1.0 0.2,-1.8 0,-2.2 0.1,0.1 0.2,0.3 0.3,0.4 0.5,0.9 0.5,2.1 0.4,2.8 0.2,-0.3 0.4,-0.7 0.6,-1.0 0,0 0.1,0 0.2,0 -0.3,0.7 -0.7,1.4 -1.0,2.1 0.5,-0.4 0.9,-0.8 1.6,-0.7 0.1,0 0.3,0.1 0.3,0.1 -0.2,0 -0.5,0.6 -1.2,0.9 -0.3,0.1 -0.7,0.1 -1.0,0.2 -0.2,0.3 -0.3,0.7 -0.5,1.1 0.6,-0.4 1.1,-1.2 2.1,-1.0 0.1,0 0.3,0 0.4,0.1 -0.2,0 -0.7,0.8 -1.4,1.1 -0.4,0.1 -1.0,0 -1.3,0.2 -0.2,0.5 -0.4,0.9 -0.5,1.5 0.6,-0.5 1.1,-1.7 2.8,-1.5 0.2,0 0.4,0.1 0.6,0.2 -0.4,0.1 -1.0,1.2 -2.0,1.6 -0.6,0.3 -1.3,-0.1 -1.7,0.2 -0.1,0.4 -0.2,0.0 -0.3,1.4 0.7,-0.5 1.2,-1.5 2.5,-1.0 0.2,0.1 0.4,0.3 0.6,0.4 -0.3,0.2 -0.8,0.8 -1.7,1.0 -0.6,0.1 -1.2,-0.2 -1.5,0 -0.1,0.5 -0.1,1.0 -0.2,1.5 1.0,-0.4 1.9,-2.0 3.4,-1.0 0.2,0.1 0.4,0.3 0.6,0.5 -0.4,-0.1 -1.2,0.9 -2.3,1.0 -0.7,0.1 -1.3,-0.3 -1.8,0 0,0.6 0,1.2 0,1.9 0.9,-0.7 1.3,-1.8 3.6,-1.7 0.4,0 0.8,0.1 1.1,0.2 -0.6,0.1 -0.7,1.3 -2.1,1.8 -0.9,0.3 -2.3,-0.1 -2.7,0.3 0,0.6 0.1,1.2 0.1,1.9 1.4,-0.5 2.1,-2.1 4.9,-1.3 0.4,0.1 0.9,0.3 1.3,0.5 -0.7,0 -1.2,1.5 -2.8,1.7 -1.2,0.2 -2.8,-0.8 -3.3,-0.3 l 0,0 c 0.1,0.8 0.2,1.6 0.3,2.5 0,0 -0.1,0.6 -0.5,0.5 C 9.8,66.0 9.9,65.6 9.9,65.6 9.9,64.6 9.8,63.6 9.7,62.7 l 0,0 C 9.3,61.9 8.4,62.7 7.5,62.2 6.3,61.5 5.7,59.5 5.3,59.5 5.5,59.3 5.8,59.1 6.1,59.1 8.0,58.5 8.6,60.4 9.7,61.8 9.7,61.2 9.6,60.6 9.6,60.0 9.3,59.0 8.7,59.6 8.1,58.9 7.3,57.9 7.1,56.1 6.7,55.9 c 0.2,0 0.5,0 0.7,0 1.4,0.3 1.8,1.9 2.2,3.2 0,-0.6 0,-1.2 0.1,-1.8 C 9.5,56.8 9.0,56.9 8.6,56.4 7.9,55.6 7.8,54.3 7.5,54.1 c 0.2,0 0.4,0 0.5,0 1.1,0.3 1.4,1.7 1.8,2.6 0.1,-0.5 0.1,-1.0 0.2,-1.4 -0.2,-0.7 -0.9,-0.7 -1.3,-1.5 -0.7,-1.1 -0.7,-2.8 -1.0,-3.1 0.2,0.1 0.4,0.1 0.6,0.2 1.3,0.6 1.6,2.7 1.9,3.8 0.1,-0.6 0.3,-1.1 0.5,-1.7 -0.2,-0.4 -0.7,-0.5 -1.0,-1.0 -0.5,-0.9 -0.5,-2.1 -0.8,-2.4 0.2,0 0.3,0.1 0.5,0.1 1.3,0.6 1.2,2.2 1.4,2.9 0.1,-0.4 0.3,-0.7 0.5,-1.1 0,-0.5 -0.6,-0.9 -0.8,-1.6 -0.4,-1.1 -0.1,-2.3 -0.3,-2.7 0.2,0.1 0.3,0.3 0.5,0.4 1.1,1.1 0.8,2.6 0.8,3.4 0.2,-0.3 0.4,-0.7 0.6,-1.1 z"
        style="fill:#000000;stroke:none"
    />
    <path
        d="m 38.1,50.0 c -0.1,-0.5 0.3,-0.9 0.4,-1.6 0.2,-1.0 -0.2,-1.8 0,-2.2 -0.1,0.1 -0.2,0.3 -0.3,0.4 -0.5,0.9 -0.5,2.1 -0.4,2.8 -0.2,-0.3 -0.4,-0.7 -0.6,-1.0 0,0 -0.1,0 -0.2,0 0.3,0.7 0.7,1.4 1.0,2.1 -0.5,-0.4 -0.9,-0.8 -1.6,-0.7 -0.1,0 -0.3,0.1 -0.3,0.1 0.2,0 0.5,0.6 1.2,0.9 0.3,0.1 0.7,0.1 1.0,0.2 0.2,0.3 0.3,0.7 0.5,1.1 -0.6,-0.4 -1.1,-1.2 -2.1,-1.0 -0.1,0 -0.3,0 -0.4,0.1 0.2,0 0.7,0.8 1.4,1.1 0.4,0.1 1.0,0 1.3,0.2 0.2,0.5 0.4,0.9 0.5,1.5 -0.6,-0.5 -1.1,-1.7 -2.8,-1.5 -0.2,0 -0.4,0.1 -0.6,0.2 0.4,0.1 1.0,1.2 2.0,1.6 0.6,0.3 1.3,-0.1 1.7,0.2 0.1,0.4 0.2,0.9 0.3,1.4 -0.7,-0.5 -1.2,-1.5 -2.5,-1.0 -0.2,0.1 -0.4,0.3 -0.6,0.4 0.3,0.2 0.8,0.8 1.7,1.0 0.6,0.1 1.2,-0.2 1.5,0 0.1,0.5 0.1,1.0 0.2,1.5 -1.0,-0.4 -1.9,-2.0 -3.4,-1.0 -0.2,0.1 -0.4,0.3 -0.6,0.5 0.4,-0.1 1.2,0.9 2.3,1.0 0.7,0.1 1.3,-0.3 1.8,0 0,0.6 0,1.2 0,1.9 -0.9,-0.7 -1.3,-1.8 -3.6,-1.7 -0.4,0 -0.8,0.1 -1.1,0.2 0.6,0.1 0.7,1.3 2.1,1.8 0.9,0.3 2.3,-0.1 2.7,0.3 0,0.6 -0.1,1.2 -0.1,1.9 -1.4,-0.5 -2.1,-2.1 -4.9,-1.3 -0.4,0.1 -0.9,0.3 -1.3,0.5 0.7,0 1.2,1.5 2.8,1.7 1.2,0.2 2.8,-0.8 3.3,-0.3 l 0,0 c -0.1,0.8 -0.2,1.6 -0.3,2.5 0,0 0.1,0.6 0.5,0.5 0.3,-0.1 0.2,-0.6 0.2,-0.6 0,-1.0 0.1,-1.9 0.1,-2.9 l 0,0 c 0.4,-0.8 1.3,-0.1 2.2,-0.5 1.2,-0.7 1.8,-2.6 2.3,-2.7 -0.3,-0.1 -0.5,-0.3 -0.8,-0.4 -1.9,-0.5 -2.5,1.4 -3.6,2.7 0,-0.6 0,-1.2 0.1,-1.8 0.3,-1.1 1.0,-0.5 1.5,-1.2 0.8,-1.0 1.0,-2.8 1.4,-3.0 -0.2,0 -0.5,0 -0.7,0 -1.4,0.3 -1.8,1.9 -2.2,3.2 0,-0.6 0,-1.2 -0.1,-1.8 0.2,-0.5 0.8,-0.4 1.2,-0.9 0.6,-0.8 0.8,-2.1 1.1,-2.4 -0.2,0 -0.4,0 -0.5,0 -1.1,0.3 -1.4,1.7 -1.8,2.6 -0.1,-0.5 -0.1,-1.0 -0.2,-1.4 0.2,-0.7 0.9,-0.7 1.3,-1.5 0.7,-1.1 0.7,-2.8 1.0,-3.1 -0.2,0.1 -0.4,0.1 -0.6,0.2 -1.3,0.6 -1.6,2.7 -1.9,3.8 -0.1,-0.6 -0.3,-1.1 -0.5,-1.7 0.2,-0.4 0.7,-0.5 1.0,-1.0 0.5,-0.9 0.5,-2.1 0.8,-2.4 -0.2,0 -0.3,0.1 -0.5,0.1 -1.3,0.6 -1.2,2.2 -1.4,2.9 -0.1,-0.4 -0.3,-0.7 -0.5,-1.1 0,-0.5 0.6,-0.9 0.8,-1.6 0.4,-1.1 0.1,-2.3 0.3,-2.7 -0.2,0.1 -0.3,0.3 -0.5,0.4 -1.1,1.1 -0.8,2.6 -0.8,3.4 -0.2,-0.3 -0.4,-0.7 -0.6,-1.1 z"
        style="fill:#000000;stroke:none"
    />
</svg>