<svg
    xmlns="http://www.w3.org/2000/svg"
    height="60"
    width="60"
    viewbox="0 0 60 60"
>
    <rect
        x="0.25"
        y="0.25"
        width="59.5"
        height="59.5"
        rx="5"
        ry="5"
        style="fill:#91a3b0;stroke:#000000;stroke-width:0.5px"
    />
    <path
        d="m 35.7,19.0 c 0.6,-0.8 0.9,-1.7 0.9,-2.6 0,-2.4 -2.0,-4.4 -4.4,-4.4 -1.4,0 -2.7,0.7 -3.5,1.7 -0.8,-1.0 -2.1,-1.7 -3.5,-1.7 -2.4,0 -4.4,2.0 -4.4,4.4 0,0.9 0.3,1.9 0.9,2.6 -0.8,1.0 -1.2,2.2 -1.2,3.5 0,3.7 3.7,6.6 8.2,6.6 4.5,0 8.2,-3.0 8.2,-6.6 0,-1.3 -0.4,-2.5 -1.2,-3.5 z m -7.0,8.4 c -3.6,0 -6.5,-2.2 -6.5,-4.9 0,-1.0 0.4,-2.1 1.3,-2.9 0.2,-0.2 0.3,-0.4 0.2,-0.6 0,-0.2 -0.1,-0.5 -0.3,-0.6 -0.6,-0.5 -0.9,-1.2 -0.9,-2.0 0,-1.5 1.2,-2.7 2.7,-2.7 1.3,0 2.4,0.9 2.6,2.2 0.1,0.4 0.4,0.7 0.9,0.7 0.4,0 0.8,-0.3 0.9,-0.7 0.2,-1.3 1.3,-2.2 2.6,-2.2 1.5,0 2.7,1.2 2.7,2.7 0,0.8 -0.3,1.5 -0.8,2.0 -0.2,0.2 -0.3,0.4 -0.3,0.6 0,0.2 0.1,0.5 0.2,0.6 0.8,0.9 1.3,1.9 1.3,2.9 0,2.7 -2.9,4.9 -6.5,4.9 z"
        style="fill:#000000;stroke:#222222;stroke-width:0.1px"
    />
    <path
        d="m 53.0,27.4 c 1.6,0 2.9,-1.3 2.9,-2.9 v -2.1 c 0,-1.8 -0.8,-3.6 -2.1,-4.8 -1.3,-1.3 -3.1,-1.9 -5.0,-1.8 -3.6,0.2 -6.4,3.2 -6.4,6.8 v 3.6 c 0,2.7 1.2,5.3 3.2,7.1 l 3.1,2.8 c 1.2,1.0 1.5,2.7 1.0,4.2 -0.5,1.3 -1.8,2.2 -3.3,2.4 0.2,-1.4 -0.2,-2.8 -1.0,-4.0 -1.1,-1.6 -2.9,-2.5 -4.8,-2.5 H 39.3 v -7.1 c 1.7,-2.2 2.4,-5.1 2.0,-7.9 l -0.5,-3.5 c 0.1,0 0.1,0 0.2,0 2.7,0 4.9,-2.2 4.9,-4.9 0,-2.7 -2.2,-4.9 -4.9,-4.9 -1.0,0 -1.9,0.3 -2.7,0.8 C 36.3,5.9 33.3,4.3 29.9,4.3 h -2.6 c -3.3,0 -6.4,1.6 -8.3,4.2 -0.8,-0.5 -1.7,-0.8 -2.6,-0.8 -2.7,0 -4.9,2.2 -4.9,4.9 0,2.7 2.2,4.9 4.9,4.9 h 0.1 l -0.5,3.5 c -0.4,2.9 0.3,5.7 2.1,8.0 v 7.0 h -1.4 c -1.9,0 -3.7,0.9 -4.8,2.5 -1.4,2.0 -1.4,4.6 -0.1,6.6 l 1.5,2.2 c 0.4,0.5 0.3,1.2 -0.1,1.7 -0.3,0.3 -0.6,0.5 -1.0,0.5 l -4.2,0 c -2.2,0 -3.9,1.8 -3.9,3.9 v 1.0 c 0,0.7 0.5,1.2 1.2,1.2 h 20.9 c 0.7,0 1.2,-0.5 1.2,-1.2 v -1.0 h 2.6 v 1.0 c 0,0.7 0.5,1.2 1.2,1.2 h 20.9 c 0.7,0 1.2,-0.5 1.2,-1.2 v -1.0 c 0,-2.2 -1.8,-3.9 -3.9,-3.9 h -4.2 c -0.4,0 -0.8,-0.2 -1.0,-0.5 -0.2,-0.2 -0.3,-0.4 -0.3,-0.6 0.1,0 0.2,0.1 0.4,0.1 h 2.0 c 2.7,0 5.2,-1.1 7.1,-3.1 1.8,-2.0 2.8,-4.6 2.5,-7.3 -0.2,-2.5 -1.3,-4.8 -3.2,-6.5 l -3.0,-2.7 c -0.8,-0.7 -1.2,-1.7 -1.2,-2.8 l 0,-3.7 c 0,-0.2 0.1,-0.5 0.3,-0.6 0.1,-0.1 0.3,-0.2 0.6,-0.2 0.4,0 0.7,0.4 0.7,0.9 v 2.0 c 0,1.6 1.3,2.9 2.9,2.9 z M 18.1,49.5 17.3,50.1 c -0.8,0.6 -1.3,1.5 -1.3,2.5 0,0.2 0,0.5 0.1,0.7 l -9.7,0 c 0.1,-0.8 0.7,-1.3 1.5,-1.3 h 4.2 c 1.1,0 2.1,-0.5 2.8,-1.3 1.2,-1.3 1.3,-3.2 0.3,-4.7 L 13.9,43.8 c -0.8,-1.2 -0.8,-2.7 0,-3.8 0.6,-0.9 1.7,-1.5 2.8,-1.5 h 1.4 z m 6.9,3.8 h -5.8 c -0.4,0 -0.7,-0.3 -0.7,-0.7 0,-0.2 0.1,-0.4 0.3,-0.6 l 1.2,-0.9 3.7,-1.9 1.3,1.4 z m 7.3,-6.1 -2.0,2.1 c 0,0 0,0 0,0.1 0,0 -0.1,0.1 -0.1,0.1 0,0 0,0.1 -0.1,0.1 0,0 0,0.1 -0.1,0.1 0,0 0,0.1 0,0.1 0,0 0,0.1 0,0.1 0,0 0,0.1 0,0.1 0,0 0,0.1 0,0.1 v 1.0 h -2.6 v -1.0 c 0,0 0,-0.1 0,-0.1 0,0 0,-0.1 0,-0.1 0,0 0,-0.1 0,-0.1 0,0 0,0.1 0,-0.1 0,0 0,-0.1 -0.1,-0.1 0,0 0,-0.1 -0.1,-0.1 0,0 -0.1,-0.1 -0.1,-0.1 0,0 0,0 -0.1,-0.1 l -2.0,-2.1 v -9.3 c 0,-0.7 -0.5,-1.2 -1.2,-1.2 -0.7,0 -1.2,0.5 -1.2,1.2 V 47.0 l -2.2,1.1 0,-16.8 c 1.7,1.2 3.8,1.8 6.0,1.8 h 4.4 c 2.1,0 4.2,-0.6 5.9,-1.8 v 16.7 l -2.1,-1.1 v -9.0 c 0,-0.7 -0.5,-1.2 -1.2,-1.2 -0.7,0 -1.2,0.5 -1.2,1.2 z m 5.9,6.1 h -5.8 v -2.7 l 1.3,-1.4 3.419116,1.783736 c 0.121397,0.117913 0.273712,0.207996 0.436478,0.26328 l 1.000883,0.751558 c 0.180155,0.134926 0.287627,0.346395 0.287627,0.56792 0,0.395494 -0.318951,0.714048 -0.713663,0.7 z m -1.2,-25.4 c -1.6,1.8 -3.8,2.8 -6.2,2.8 h -4.4 c -2.4,0 -4.6,-1.0 -6.2,-2.8 -1.6,-1.8 -2.2,-4.2 -1.9,-6.5 l 0.8,-5.2 c 0.1,-0.4 -0.1,-0.9 -0.5,-1.1 -0.2,-0.2 -0.5,-0.2 -0.7,-0.2 -0.2,0 -0.3,0 -0.5,0.1 -0.3,0.1 -0.7,0.2 -1.0,0.2 -1.4,0 -2.5,-1.1 -2.5,-2.5 0,-1.4 1.1,-2.5 2.5,-2.5 0.8,0 1.5,0.3 2.0,0.9 0.3,0.3 0.7,0.5 1.1,0.5 0.4,0 0.8,-0.3 1.0,-0.6 1.4,-2.6 4.0,-4.2 7.0,-4.2 h 2.6 c 2.9,0 5.6,1.6 7.0,4.2 0.2,0.4 0.6,0.6 1.0,0.6 0.4,0 0.8,-0.1 1.1,-0.5 0.5,-0.6 1.2,-1.0 2.0,-1.0 1.4,0 2.5,1.1 2.5,2.5 0,1.4 -1.1,2.5 -2.5,2.5 -0.4,0 -0.7,-0.1 -1.1,-0.3 -0.4,-0.2 -0.9,-0.2 -1.2,0.1 -0.4,0.3 -0.5,0.7 -0.5,1.2 l 0.8,5.2 c 0.3,2.3 -0.4,4.7 -1.9,6.5 z m 6.5,15.9 -1.5,2.2 c -1.0,1.5 -0.8,3.4 0.3,4.7 0.7,0.8 1.8,1.3 2.8,1.3 h 4.2 c 0.8,0 1.4,0.6 1.5,1.3 h -9.7 c 0.1,-0.2 0.1,-0.5 0.1,-0.7 0,-1.0 -0.5,-1.9 -1.3,-2.5 L 39.3,49.5 V 38.5 h 1.4 c 1.1,0 2.2,0.5 2.8,1.5 0.8,1.2 0.8,2.7 0,3.8 z m 6.1,-24.6 c -0.9,-0.1 -1.9,0.2 -2.6,0.8 -0.7,0.6 -1.1,1.5 -1.1,2.4 v 3.7 c 0,1.7 0.7,3.4 2.0,4.6 l 3.0,2.7 c 1.5,1.3 2.3,3.1 2.5,4.9 0.2,2.0 -0.5,4.0 -1.9,5.5 -1.4,1.5 -3.3,2.3 -5.3,2.3 H 44.9 l 0.6,-0.9 c 0,0 0,-0.1 0.1,-0.1 h 0.6 c 2.6,0 5.0,-1.6 5.9,-3.9 0.9,-2.4 0.3,-5.1 -1.6,-6.9 l -3.1,-2.8 c -1.5,-1.4 -2.4,-3.3 -2.4,-5.3 v -3.6 c 0,-2.4 1.8,-4.3 4.1,-4.4 1.2,-0.1 2.3,0.4 3.2,1.2 0.9,0.8 1.3,1.9 1.3,3.1 v 2.1 c 0,0.3 -0.2,0.5 -0.5,0.5 -0.3,0 -0.5,-0.2 -0.5,-0.5 V 22.4 c 0,-1.7 -1.2,-3.1 -2.8,-3.3 z"
        style="fill:#000000;stroke:#222222;stroke-width:0.1px"
    />
    <path
        d="m 33.1,16.6 c 0,0.6 -0.5,1.1 -1.1,1.1 -0.6,0 -1.1,-0.5 -1.1,-1.1 0,-0.6 0.5,-1.1 1.1,-1.1 0.6,0 1.1,0.5 1.1,1.1 z"
        style="fill:#000000;stroke:#222222;stroke-width:0.1px"
    />
    <path
        d="m 26.4,16.6 c 0,0.6 -0.5,1.1 -1.1,1.1 -0.6,0 -1.1,-0.5 -1.1,-1.1 0,-0.6 0.5,-1.1 1.1,-1.1 0.6,0 1.1,0.5 1.1,1.1 z"
        style="fill:#000000;stroke:#222222;stroke-width:0.1px"
    />
    <path
        d="m 24.9,23.1 c 0,0.5 0.4,0.9 0.9,0.9 0.5,0 0.9,-0.4 0.9,-0.9 0,-0.3 0.3,-0.6 0.6,-0.6 0.3,0 0.6,0.3 0.6,0.6 v 1.4 c 0,0.5 0.4,0.9 0.9,0.9 0.5,0 0.9,-0.4 0.9,-0.9 v -1.4 c 0,-0.3 0.3,-0.6 0.6,-0.6 0.3,0 0.6,0.3 0.6,0.6 0,0.5 0.4,0.9 0.9,0.9 0.5,0 0.9,-0.4 0.9,-0.9 0,-1.3 -1.0,-2.3 -2.3,-2.3 -0.6,0 -1.1,0.2 -1.5,0.5 -0.4,-0.3 -0.9,-0.5 -1.5,-0.5 -1.3,0 -2.3,1.0 -2.3,2.3 z"
        style="fill:#000000;stroke:#222222;stroke-width:0.1px"
    />
</svg>