<svg
    xmlns="http://www.w3.org/2000/svg"
    height="60"
    width="60"
    viewbox="0 0 60 60"
>
    <rect
        x="0.25"
        y="0.25"
        width="59.5"
        height="59.5"
        rx="5"
        ry="5"
        style="fill:#cd7f32;stroke:#000000;stroke-width:0.5px"
    />
    <path
        d="M 6.6,24.8 C 6.8,24.5 7.0,24.2 7.2,24.0 L 10.3,18.8 C 20.8,3.9 31.1,5.1 44.3,12.0 c 6.3,3.3 9.9,7.1 10.5,11.3 0.3,1.9 -0.1,3.9 -0.9,5.6 1.2,1.2 4.3,4.7 3.6,8.8 -0.5,3.2 -3.3,5.9 -8.2,7.8 C 38.2,49.9 35.6,51.8 34.6,52.9 L 32.8,51.2 c 1.3,-1.4 4.2,-3.5 15.5,-8.0 4.0,-1.6 6.3,-3.6 6.7,-5.9 0.4,-2.6 -1.5,-5.1 -2.6,-6.2 -0.1,0.2 -0.3,0.3 -0.4,0.5 -1.1,1.1 -2.9,1.6 -5.0,1.7 -0.5,1.2 -1.9,3.4 -5.1,4.9 l -1.0,-2.3 c 1.7,-0.8 2.7,-1.8 3.3,-2.6 -1.6,-0.1 -3.2,-0.3 -5.0,-0.6 -0.7,0.9 -2.0,2.2 -4.7,4.0 l -1.4,-2.1 c 1.5,-1.0 2.5,-1.8 3.1,-2.4 -1.1,-0.2 -2.0,-0.3 -2.5,-0.3 -0.7,0 -1.8,0.5 -3.1,1.1 -0.6,0.3 -1.2,0.5 -1.8,0.8 -0.2,1.5 -1.2,5.2 -5.7,7.9 L 21.9,39.5 c 2.5,-1.5 3.6,-3.3 4.1,-4.6 -1.2,0.4 -2.5,0.7 -4.0,0.8 -0.5,1.1 -1.7,3.0 -4.2,3.7 l -0.7,-2.4 c 0.9,-0.3 1.5,-0.7 1.9,-1.2 -0.7,-0.1 -1.4,-0.2 -2.0,-0.5 -0.6,0.4 -1.2,0.7 -1.8,1.0 -1.3,0.6 -2.7,1.3 -4.4,3.1 -1.8,1.9 -3.5,2.4 -4.7,2.4 -0.7,0 -1.2,-0.1 -1.6,-0.3 C 3.5,41.2 2.4,40.3 2.4,39.3 2.4,38.3 4.6,27.8 6.6,24.8 Z M 52.3,23.7 c -0.3,-2.2 -1.8,-4.4 -4.4,-6.4 0.9,3.5 1.6,9.0 -0.6,13.4 1.3,-0.1 2.3,-0.4 2.9,-1.0 0.6,-0.6 2.6,-2.9 2.1,-6.0 z m -18.6,5.6 c 0.8,0 2.0,0.2 3.7,0.5 1.9,0.3 4.5,0.8 7.0,0.9 3.6,-5.2 0.9,-13.9 0.3,-15.6 -0.5,-0.3 -1.0,-0.6 -1.6,-0.9 -0.4,-0.2 -0.7,-0.4 -1.1,-0.5 1.3,3.7 2.9,10.1 0.7,15.1 l -2.3,-1.0 C 43.0,22.1 39.4,13.6 38.7,12.1 c -1.6,-0.7 -3.2,-1.3 -4.7,-1.7 2.2,3.5 5.4,9.8 4.0,16.6 L 35.6,26.5 C 37.2,18.8 31.8,11.3 30.5,9.7 28.7,9.5 27.0,9.5 25.4,9.9 c 2.6,2.2 6.5,6.4 7.2,12.1 L 30.1,22.2 C 29.4,16.4 24.4,12.2 22.5,10.8 c -3.4,1.5 -6.7,4.5 -10.1,9.3 l -0.1,0.3 c 0.9,0 1.9,0.2 2.7,0.8 0.6,0.5 1.3,1.4 1.3,3.0 l 0,0.2 c -0.3,1.4 -0.9,5.6 0.7,7.6 0.6,0.8 1.6,1.2 2.9,1.2 4.3,0 7.3,-1.4 9.8,-2.6 1.6,-0.7 2.9,-1.4 4.2,-1.4 z M 5.8,39.3 c 0.9,0.1 2.0,-0.5 3.0,-1.6 2.0,-2.1 3.9,-3.0 5.2,-3.6 0.3,-0.1 0.6,-0.3 0.8,-0.4 -2.4,-3.1 -1.4,-8.6 -1.2,-9.6 0,-0.6 -0.2,-0.8 -0.3,-0.8 -0.2,-0.1 -0.5,-0.2 -0.8,-0.3 -0.7,0.3 -2.7,1.4 -3.9,3.3 -1.5,2.2 -3.4,10.9 -3.7,12.7 0.1,0.1 0.4,0.3 0.9,0.3 z"
        style="fill:#000000;stroke:#222222;stroke-width:0.1px"
    />
    <path
        d="m 10.0,30.6 c 0,0.7 0.5,1.2 1.2,1.2 0.7,0 1.2,-0.5 1.2,-1.2 0,-0.7 -0.5,-1.2 -1.2,-1.2 -0.7,0 -1.2,0.5 -1.2,1.2"
        style="fill:#000000;stroke:#222222;stroke-width:0.1px"
    />
</svg>