<svg
    xmlns="http://www.w3.org/2000/svg"
    height="50"
    width="50"
    viewbox="0 0 50 50"
>
    <circle
        cx="25"
        cy="25"
        r="24.75"
        style="fill:#daa520;stroke:#000000;stroke-width:0.5px"
    />
    <path
        d="m 39.1,41.8 c -1.0,1.0 -2.3,1.5 -3.8,1.5 -1.5,-0.1 -2.8,-0.8 -3.6,-1.9 1.0,-1.0 2.3,-1.5 3.8,-1.5 1.5,0.1 2.8,0.8 3.6,1.9 z m -5.7,-4.2 c 0.2,-1.5 -0.2,-2.9 -1.1,-3.9 -1.1,0.8 -2.0,2.0 -2.2,3.5 -0.2,1.5 0.2,2.9 1.1,3.9 1.1,-0.8 2.0,-2.0 2.2,-3.5 z m 6.2,-1.4 c -1.4,0.4 -2.5,1.4 -3.1,2.7 1.2,0.7 2.6,0.9 4.1,0.5 1.4,-0.4 2.5,-1.4 3.1,-2.7 -1.2,-0.7 -2.6,-0.9 -4.1,-0.5 z m -3.6,2.5 c 0.8,-1.1 1.2,-2.5 0.9,-4.0 -0.3,-1.5 -1.2,-2.6 -2.4,-3.3 -0.8,1.1 -1.2,2.5 -0.9,4.0 0.3,1.4 1.2,2.6 2.4,3.3 z m 6.2,-7.5 c -1.2,0.9 -1.9,2.2 -2.0,3.6 1.3,0.3 2.8,0 4.0,-0.9 1.2,-0.9 1.9,-2.2 2.0,-3.6 -1.3,-0.3 -2.8,0 -4.0,0.9 z m -3.1,-0.5 c -0.8,-1.3 -2.0,-2.0 -3.4,-2.3 -0.4,1.3 -0.2,2.8 0.6,4.0 0.8,1.3 2.0,2.0 3.4,2.3 0.4,-1.3 0.2,-2.8 -0.6,-4.0 z m 3.8,-5.1 c -0.8,1.2 -1.0,2.7 -0.6,4.0 1.4,-0.2 2.6,-1.0 3.4,-2.2 0.8,-1.2 1.0,-2.7 0.6,-4.0 -1.4,0.2 -2.6,1.0 -3.4,2.2 z m -1.2,4.2 c -0.1,-1.4 -0.7,-2.7 -1.9,-3.6 -1.2,-0.9 -2.6,-1.2 -4.0,-1.0 0.1,1.4 0.7,2.7 1.9,3.6 1.2,0.9 2.6,1.2 4.0,1.0 z m 0.7,-5.6 c 1.2,-0.7 2.1,-1.8 2.5,-3.3 0.3,-1.4 0,-2.9 -0.8,-4.0 -1.2,0.7 -2.1,1.8 -2.5,3.3 -0.3,1.4 0,2.9 0.8,4.0 z m -3.4,-2.4 c -1.4,-0.5 -2.9,-0.3 -4.1,0.4 0.6,1.3 1.6,2.3 3.0,2.7 1.4,0.5 2.9,0.3 4.1,-0.4 -0.6,-1.3 -1.6,-2.3 -3.0,-2.7 z m 1.7,-2.8 c 0.9,-1.0 1.4,-2.4 1.2,-3.9 -0.2,-1.5 -1.0,-2.7 -2.1,-3.5 -0.9,1.0 -1.4,2.4 -1.2,3.9 0.2,1.5 1.0,2.7 2.1,3.5 z m -4.0,2.2 c 1.5,0 2.8,-0.7 3.7,-1.8 -1.0,-1.0 -2.3,-1.6 -3.8,-1.5 -1.5,0 -2.8,0.7 -3.7,1.8 1.0,1.0 2.3,1.6 3.8,1.5 z m -2.1,-4.4 c 1.3,0.8 2.7,1.0 4.0,0.6 -0.2,-1.4 -1.0,-2.6 -2.3,-3.4 -1.3,-0.8 -2.7,-1.0 -4.0,-0.6 0.2,1.4 1.0,2.6 2.3,3.4 z m -8.1,25.6 c -0.6,0.1 -1.1,0.2 -1.6,0.3 -0.5,-0.1 -1.0,-0.2 -1.6,-0.3 -2.9,-0.3 -3.9,-1.3 -3.9,-1.3 l -0.4,0.4 -0.5,0.4 c 0.1,0.1 1.3,1.2 4.5,1.6 -1.1,0.8 -1.6,1.8 -1.6,2.7 h 1.2 c 0,-0.8 0.7,-1.8 2.2,-2.3 1.5,0.5 2.2,1.5 2.2,2.3 h 1.2 c 0,-0.9 -0.5,-1.9 -1.6,-2.7 3.2,-0.4 4.4,-1.5 4.5,-1.6 l -0.9,-0.9 c 0,0 -1.0,1.0 -3.9,1.3 z M 14.5,40.0 c -1.5,0.1 -2.8,0.8 -3.6,1.9 1.0,1.0 2.3,1.5 3.8,1.5 1.5,-0.1 2.8,-0.8 3.6,-1.9 -1.0,-1.0 -2.3,-1.5 -3.8,-1.5 z m 2.0,-2.4 c 0.2,1.5 1.0,2.7 2.2,3.5 0.9,-1.1 1.3,-2.5 1.1,-3.9 -0.2,-1.5 -1.0,-2.7 -2.2,-3.5 -0.9,1.1 -1.3,2.5 -1.1,3.9 z m -6.2,-1.4 c -1.4,-0.4 -2.9,-0.2 -4.1,0.5 0.6,1.2 1.7,2.2 3.1,2.7 1.4,0.4 2.9,0.2 4.1,-0.5 -0.6,-1.2 -1.7,-2.2 -3.1,-2.7 z m 6.0,-0.8 c 0.3,-1.5 0,-2.9 -0.9,-4.0 -1.2,0.7 -2.1,1.9 -2.4,3.3 -0.3,1.5 0,2.9 0.9,4.0 1.2,-0.7 2.1,-1.9 2.4,-3.3 z M 9.8,34.8 C 9.7,33.4 9.0,32.1 7.8,31.2 6.6,30.3 5.2,30.0 3.9,30.3 c 0.1,1.4 0.8,2.7 2.0,3.6 1.2,0.9 2.6,1.2 4.0,0.9 z m 3.9,-2.3 c 0.8,-1.3 0.9,-2.7 0.6,-4.0 -1.4,0.2 -2.6,1.0 -3.4,2.3 -0.8,1.3 -0.9,2.7 -0.6,4.0 1.4,-0.2 2.6,-1.0 3.4,-2.3 z M 7.8,29.7 C 8.1,28.4 7.9,26.9 7.1,25.7 6.3,24.4 5.0,23.6 3.7,23.4 c -0.4,1.3 -0.2,2.8 0.6,4.0 0.8,1.2 2.1,2.0 3.4,2.2 z m 4.5,-0.8 c 1.2,-0.9 1.8,-2.2 1.9,-3.6 -1.4,-0.2 -2.8,0.1 -4.0,1.0 -1.2,0.9 -1.8,2.2 -1.9,3.6 1.4,0.2 2.8,-0.1 4.0,-1.0 z M 7.6,24.2 C 8.4,23.1 8.7,21.6 8.4,20.2 8.0,18.8 7.1,17.6 5.9,16.9 c -0.8,1.1 -1.1,2.6 -0.8,4.0 0.3,1.4 1.3,2.6 2.5,3.3 z m 4.5,0.8 c 1.4,-0.5 2.5,-1.5 3.0,-2.7 -1.2,-0.7 -2.7,-0.9 -4.1,-0.4 -1.4,0.5 -2.5,1.5 -3.0,2.7 1.2,0.7 2.7,0.9 4.1,0.4 z m -0.7,-9.5 c 0.2,-1.5 -0.3,-2.9 -1.2,-3.9 -1.1,0.8 -1.9,2.0 -2.1,3.5 -0.2,1.5 0.3,2.9 1.2,3.9 1.1,-0.8 1.9,-2.0 2.1,-3.5 z m 2.0,2.4 c -1.5,0 -2.8,0.5 -3.8,1.5 0.9,1.1 2.2,1.7 3.7,1.8 1.5,0 2.8,-0.5 3.8,-1.5 -0.9,-1.1 -2.2,-1.7 -3.7,-1.8 z m 2.0,-1.1 c 1.3,-0.8 2.0,-2.0 2.3,-3.4 -1.3,-0.4 -2.8,-0.2 -4.0,0.6 -1.3,0.8 -2.0,2.0 -2.3,3.4 1.3,0.4 2.8,0.2 4.0,-0.6 z"
        style="fill:#b8860b;stroke:none"
    />
</svg>