<svg
    xmlns="http://www.w3.org/2000/svg"
    height="60"
    width="60"
    viewbox="0 0 60 60"
>
    <rect
        x="0.25"
        y="0.25"
        width="59.5"
        height="59.5"
        rx="5"
        ry="5"
        style="fill:#dbd7d2;stroke:#000000;stroke-width:0.5px"
    />
    <path
        d="M 53.3,13.1 53.0,12.5 C 52.6,11.6 51.9,11.0 51.1,10.7 c -0.8,-0.3 -1.7,-0.3 -2.5,0.1 -3.1,1.4 -5.2,4.6 -5.2,8.1 v 12.9 c 0,0.4 -0.1,0.7 -0.4,1.0 l -2.7,3.1 c -0.1,0.1 -0.1,0.1 -0.1,0.2 -0.2,0 -0.5,0.1 -0.7,0.2 l -1.8,0.6 c 0.1,-0.4 0.1,-0.8 0.1,-1.3 V 35.1 c 0,-1.6 -0.4,-3.2 -1.1,-4.7 l -2.5,-5.0 c 0,0 0,-0.1 -0.1,-0.1 l 5.2,-2.0 c 0.3,-0.1 0.6,-0.4 0.7,-0.7 0.1,-0.3 0.1,-0.7 0,-1.0 L 36.5,13.8 c 2.0,-0.6 3.5,-2.5 3.5,-4.7 0,-2.7 -2.2,-4.9 -4.9,-4.9 -1.9,0 -3.5,1.1 -4.4,2.6 C 29.8,6.5 28.9,6.3 28.0,6.3 H 24.7 c -0.9,0 -1.9,0.2 -2.7,0.5 -0.8,-1.6 -2.5,-2.6 -4.4,-2.6 -2.7,0 -4.9,2.2 -4.9,4.9 0,2.2 1.5,4.1 3.5,4.7 l -3.4,7.9 c -0.1,0.3 -0.1,0.7 0,1.0 0.1,0.3 0.4,0.6 0.7,0.7 l 5.2,2.0 c 0,0 0,0 0,0.1 l -2.5,5.0 c -0.7,1.4 -1.1,3.0 -1.1,4.7 v 0.5 c 0,0.4 0,0.8 0.1,1.3 L 13.2,36.3 C 10.8,35.5 8.3,36.5 7.1,38.7 6.6,39.4 6.4,40.3 6.4,41.2 v 1.3 c 0,1.4 0.6,2.8 1.6,3.7 l 2.9,2.8 c -1.2,0.8 -2.0,2.1 -2.0,3.7 v 2.1 c 0,0.7 0.6,1.2 1.2,1.2 h 32.4 c 0.7,0 1.2,-0.6 1.2,-1.2 v -2.1 c 0,-1.5 -0.8,-2.9 -2.0,-3.7 l 2.9,-2.8 c 1.0,-1.0 1.6,-2.3 1.6,-3.7 v -1.3 c 0,-0.3 0,-0.5 -0.1,-0.8 l 2.4,-2.8 c 1.4,-1.6 2.2,-3.7 2.2,-5.8 V 18.9 c 0,-0.6 0.4,-1.1 0.9,-1.4 1.7,-0.8 2.4,-2.8 1.6,-4.4 z M 35.1,6.6 c 1.4,0 2.5,1.1 2.5,2.5 0,1.2 -0.9,2.2 -2.0,2.4 L 35.4,11.2 C 34.8,9.9 33.9,8.8 32.8,7.9 33.2,7.1 34.1,6.6 35.1,6.6 Z M 15.1,9.1 c 0,-1.4 1.1,-2.5 2.5,-2.5 1.0,0 1.8,0.5 2.2,1.4 -1.1,0.8 -2.0,1.9 -2.5,3.2 l -0.1,0.3 c -1.1,-0.2 -2.0,-1.2 -2.0,-2.4 z m 0.4,12.5 0.5,-1.2 2.6,0.9 c 0.1,0 0.2,0 0.3,0 0.4,0 0.7,-0.2 0.8,-0.6 0.2,-0.5 -0.1,-1.0 -0.5,-1.1 l -2.4,-0.9 0.4,-1.0 1.0,0.4 c 0.1,0 0.2,0.1 0.3,0.1 0.4,0 0.7,-0.2 0.8,-0.6 0.2,-0.5 -0.1,-1.0 -0.5,-1.1 l -0.9,-0.3 1.7,-4.0 c 0.5,-1.1 1.3,-2.1 2.4,-2.7 0,0 0,0 0.01,0 0.8,-0.5 1.8,-0.7 2.8,-0.7 h 3.3 c 1.0,0 1.9,0.3 2.8,0.7 0,0 0,0 0,0 1.0,0.6 1.9,1.5 2.4,2.6 l 1.7,4.0 -0.9,0.3 c -0.5,0.2 -0.7,0.7 -0.5,1.1 0.1,0.4 0.5,0.6 0.8,0.6 0.1,0 0.2,0 0.3,-0.1 l 1.0,-0.4 0.4,1.0 -2.4,0.9 c -0.5,0.2 -0.7,0.7 -0.5,1.1 0.1,0.4 0.5,0.6 0.8,0.6 0.1,0 0.2,0 0.3,0 l 2.6,-0.9 0.5,1.2 -4.2,1.6 0,-0.1 c 0,-0.5 -0.4,-0.9 -0.9,-0.9 -0.5,0 -0.9,0.4 -0.9,0.9 v 1.8 c 0,0.3 -0.1,0.6 -0.4,0.8 -0.2,0.2 -0.6,0.3 -0.9,0.2 l -2.7,-0.7 v -0.5 c 1.1,-0.4 2.2,-1.5 2.7,-2.3 0.3,-0.5 0.3,-1.1 0,-1.6 -0.1,-0.1 -0.2,-0.3 -0.3,-0.4 v -4.3 c 0,-0.5 0.4,-0.9 0.9,-0.9 h 1.6 c 0.5,0 0.9,-0.4 0.9,-0.9 0,-0.5 -0.4,-0.9 -0.9,-0.9 h -1.6 c -1.5,0 -2.7,1.2 -2.7,2.7 v 4.0 h -3.0 v -4.0 c 0,-1.5 -1.2,-2.7 -2.7,-2.7 H 20.6 c -0.5,0 -0.9,0.4 -0.9,0.9 0,0.5 0.4,0.9 0.9,0.9 h 1.6 c 0.5,0 0.9,0.4 0.9,0.9 v 4.3 c -0.1,0.1 -0.2,0.2 -0.3,0.3 -0.3,0.5 -0.3,1.1 0,1.6 0.4,0.8 1.6,1.9 2.7,2.3 v 0.5 l -2.7,0.7 c -0.3,0.1 -0.6,0 -0.9,-0.2 -0.3,-0.2 -0.4,-0.5 -0.4,-0.8 v -1.8 c 0,-0.5 -0.4,-0.9 -0.9,-0.9 -0.5,0 -0.9,0.4 -0.9,0.9 v 0.1 z m 13.4,5.9 c -0.1,0.5 -0.5,0.9 -1.0,0.9 h -3.0 c -0.5,0 -1.0,-0.4 -1.0,-0.9 l 2.5,-0.6 z m -4.3,-5.6 h 3.5 c -0.5,0.6 -1.4,1.3 -1.8,1.3 -0.3,0 -1.2,-0.7 -1.8,-1.3 z M 17.0,53.4 H 16.2 v -0.5 c 0,-0.5 -0.4,-0.9 -0.9,-0.9 -0.5,0 -0.9,0.4 -0.9,0.9 v 0.5 h -0.6 v -0.5 c 0,-0.5 -0.4,-0.9 -0.9,-0.9 -0.5,0 -0.9,0.4 -0.9,0.9 v 0.5 h -0.8 v -0.8 c 0,-1.0 0.8,-1.8 1.8,-1.8 h 2.0 c 1.0,0 1.8,0.8 1.8,1.8 z m 1.2,-3.8 C 17.4,48.8 16.3,48.3 15.1,48.3 h -1.4 l -1.0,-0.9 2.0,-2.3 c 0.3,-0.4 0.3,-0.9 -0.1,-1.2 -0.4,-0.3 -0.9,-0.3 -1.2,0.1 l -1.9,2.2 -1.9,-1.8 C 9.2,43.9 8.9,43.2 8.9,42.4 v -1.3 c 0,-0.5 0.1,-0.9 0.3,-1.3 0.6,-1.1 2.0,-1.6 3.2,-1.3 l 0.4,0.1 -2.0,2.3 c -0.3,0.4 -0.3,0.9 0.1,1.2 0.2,0.1 0.4,0.2 0.6,0.2 0.2,0 0.5,-0.1 0.7,-0.3 l 2.5,-2.8 0.8,0.3 c 0.1,0 0.2,0 0.3,0.1 0.4,0.9 0.9,1.7 1.4,2.4 0.8,1.0 1.4,2.3 1.6,3.6 l 0.5,3.1 c -0.4,0.2 -0.8,0.5 -1.1,0.8 z m 6.9,3.0 v 0.8 h -0.8 v -0.5 c 0,-0.5 -0.4,-0.9 -0.9,-0.9 -0.5,0 -0.9,0.4 -0.9,0.9 v 0.5 h -0.6 v -0.5 c 0,-0.5 -0.4,-0.9 -0.9,-0.9 -0.5,0 -0.9,0.4 -0.9,0.9 v 0.5 h -0.8 v -0.8 c 0,-1.0 0.8,-1.8 1.8,-1.8 h 2.0 c 1.0,0 1.8,0.8 1.8,1.7 0,0 0,0.1 0,0.1 z M 21.2,39.1 c 0.8,1.0 2.2,2.0 3.9,2.3 v 3.7 h -2.2 c -0.5,0 -0.9,0.4 -0.9,0.9 0,0.5 0.4,0.9 0.9,0.9 h 2.2 v 1.9 C 24.5,48.5 23.9,48.3 23.3,48.3 h -1.5 l -0.5,-3.0 c -0.1,-0.5 -0.2,-0.9 -0.3,-1.4 h 1.8 c 0.5,0 0.9,-0.4 0.9,-0.9 0,-0.5 -0.4,-0.9 -0.9,-0.9 H 20.2 C 19.9,41.6 19.5,41.0 19.1,40.5 18.0,39.1 17.3,37.4 17.3,35.6 v -0.5 c 0,-0.1 0,-0.1 0,-0.2 l 2.8,1.0 c 0.8,0.3 1.6,0.4 2.4,0.4 h 0.8 c 0.5,0 0.9,-0.4 0.9,-0.9 0,-0.5 -0.4,-0.9 -0.9,-0.9 h -0.8 c -0.6,0 -1.2,-0.1 -1.8,-0.3 l -3.2,-1.1 c 0.1,-0.6 0.3,-1.1 0.6,-1.6 l 0.1,-0.1 2.7,0.9 c 0.1,0 0.2,0 0.3,0 0.4,0 0.7,-0.2 0.8,-0.6 0.2,-0.5 -0.1,-1.0 -0.5,-1.1 l -2.5,-0.9 1.5,-3.0 c 0.1,0.1 0.1,0.1 0.2,0.2 0.4,0.3 0.8,0.5 1.3,0.6 0.2,1.4 1.3,2.5 2.8,2.5 h 3.0 c 1.4,0 2.6,-1.1 2.8,-2.5 0.5,-0.1 0.9,-0.3 1.3,-0.6 0.1,-0.1 0.1,-0.1 0.2,-0.2 l 1.5,3.0 -2.5,0.9 c -0.5,0.2 -0.7,0.7 -0.5,1.1 0.1,0.4 0.5,0.6 0.8,0.6 0.1,0 0.2,0 0.3,0 l 2.8,-0.9 0.1,0.1 c 0.3,0.5 0.5,1.0 0.6,1.6 l -3.2,1.1 c -0.6,0.2 -1.2,0.3 -1.8,0.3 h -0.8 c -0.5,0 -0.9,0.4 -0.9,0.9 0,0.5 0.4,0.9 0.9,0.9 h 0.8 c 0.8,0 1.6,-0.1 2.4,-0.4 l 2.9,-1.0 c 0,0.1 0,0.1 0,0.2 v 0.5 c 0,1.8 -0.6,3.5 -1.7,4.9 -0.4,0.5 -0.8,1.0 -1.1,1.6 h -2.6 c -0.5,0 -0.9,0.4 -0.9,0.9 0,0.5 0.4,0.9 0.9,0.9 h 1.8 c -0.1,0.5 -0.3,0.9 -0.3,1.4 l -0.5,3.0 H 29.4 c -0.7,0 -1.3,0.2 -1.8,0.4 v -1.8 h 2.1 c 0.5,0 0.9,-0.4 0.9,-0.9 0,-0.5 -0.4,-0.9 -0.9,-0.9 h -2.1 v -3.7 c 1.7,-0.4 3.1,-1.4 3.9,-2.3 0.4,-0.5 0.3,-1.3 -0.2,-1.7 -0.5,-0.4 -1.3,-0.3 -1.7,0.2 -0.6,0.7 -2.0,1.5 -3.2,1.5 -1.2,0 -2.6,-0.8 -3.2,-1.5 -0.4,-0.5 -1.2,-0.6 -1.7,-0.2 -0.5,0.4 -0.6,1.2 -0.2,1.7 z M 33.2,53.4 H 32.4 V 52.9 c 0,-0.5 -0.4,-0.9 -0.9,-0.9 -0.5,0 -0.9,0.4 -0.9,0.9 v 0.5 h -0.6 V 52.9 c 0,-0.5 -0.4,-0.9 -0.9,-0.9 -0.5,0 -0.9,0.4 -0.9,0.9 v 0.5 h -0.8 v -0.8 c 0,-1.0 0.8,-1.8 1.8,-1.8 h 2.0 c 1.0,0 1.8,0.8 1.8,1.8 z m 8.1,0 H 40.5 V 52.9 c 0,-0.5 -0.4,-0.9 -0.9,-0.9 -0.5,0 -0.9,0.4 -0.9,0.9 v 0.5 h -0.6 V 52.9 c 0,-0.5 -0.4,-0.9 -0.9,-0.9 -0.5,0 -0.9,0.4 -0.9,0.9 v 0.5 h -0.8 v -0.8 c 0,-1.0 0.8,-1.8 1.8,-1.8 h 2.0 c 1.0,0 1.8,0.8 1.8,1.8 z m 2.4,-11.0 c 0,0.7 -0.3,1.4 -0.8,2.0 l -1.9,1.8 -1.9,-2.3 c -0.3,-0.4 -0.9,-0.4 -1.2,-0.1 -0.4,0.3 -0.4,0.9 -0.1,1.2 l 2.0,2.3 -0.9,0.9 h -1.4 c -1.2,0 -2.3,0.5 -3.1,1.3 -0.3,-0.3 -0.7,-0.6 -1.1,-0.8 l 0.5,-3.1 c 0.2,-1.3 0.8,-2.6 1.6,-3.6 0.6,-0.7 1.1,-1.5 1.4,-2.4 0.1,0 0.2,0 0.3,-0.1 l 0.8,-0.3 2.5,2.8 c 0.2,0.2 0.4,0.3 0.7,0.3 0.2,0 0.4,-0.1 0.6,-0.2 0.4,-0.3 0.4,-0.9 0.1,-1.2 l -2.0,-2.3 0.5,-0.1 c 1.2,-0.4 2.6,0.1 3.2,1.3 0.2,0.4 0.3,0.9 0.3,1.3 z m 1.3,-4.5 c -0.5,-0.7 -1.2,-1.2 -2.0,-1.5 l 1.1,-1.2 2.2,1.2 z m 3.2,-6.2 c 0,1.1 -0.3,2.3 -0.9,3.2 L 45.3,33.8 c 0.4,-0.6 0.6,-1.3 0.6,-2.0 v -0.9 h 2.5 z m 0,-2.7 h -2.5 v -4.2 h 2.5 z m 0,-6.0 h -2.5 v -4.2 h 2.5 z m 2.3,-7.8 c -0.8,0.4 -1.5,1.0 -1.9,1.8 h -2.6 c 0.5,-1.8 1.8,-3.3 3.5,-4.1 0.4,-0.2 1.0,0 1.2,0.4 l 0.3,0.6 c 0.2,0.4 0,1.0 -0.4,1.2 z"
        style="fill:#000000;stroke:#222222;stroke-width:0.1px"
    />
    <path
        d="m 32.4,16.8 c 0,0.6 -0.5,1.1 -1.1,1.1 -0.6,0 -1.1,-0.5 -1.1,-1.1 0,-0.6 0.5,-1.1 1.1,-1.1 0.6,0 1.1,0.5 1.1,1.1 z"
        style="fill:#000000;stroke:#222222;stroke-width:0.1px"
    />
    <path
        d="m 22.3,16.8 c 0,0.6 -0.5,1.1 -1.1,1.1 -0.6,0 -1.1,-0.5 -1.1,-1.1 0,-0.6 0.5,-1.1 1.1,-1.1 0.6,0 1.1,0.5 1.1,1.1 z"
        style="fill:#000000;stroke:#222222;stroke-width:0.1px"
    />
    <path
        d="m 23.5,11.9 h 5.6 c 0.5,0 0.9,-0.4 0.9,-0.9 0,-0.5 -0.4,-0.9 -0.9,-0.9 h -5.6 c -0.5,0 -0.9,0.4 -0.9,0.9 0,0.5 0.4,0.9 0.9,0.9 z"
        style="fill:#000000;stroke:#222222;stroke-width:0.1px"
    />
</svg>