<svg
    xmlns="http://www.w3.org/2000/svg"
    height="70"
    width="50"
    viewbox="0 0 50 70"
>
    <polygon
        points="5,35 5,70 25,57 45,70 45,35"
        style="fill:#91a3b0;stroke:#000000;stroke-width:0.5px"
    />
    <circle
        cx="25"
        cy="25"
        r="24.75"
        style="fill:#91a3b0;stroke:#000000;stroke-width:0.5px"
    />
    <path
        d="M 15.01,14.7 V 6 c 0.2,-0.1 0.4,-0.1 0.6,0 l 2,1.8 c 1,-1.4 3.6,-4.2 8.3,-4.2 5.6,0 8.8,4.8 8.8,4.8 l 0.3,0.4 c 0,0 -3.6,-2.8 -7.8,-1.3 -2.8,1 -4.1,2.9 -4.8,4.4 l 2,1.7 c 0.2,0.1 0.2,0.4 0,0.6 l -8.6,1.3 c -0.2,0.1 -0.4,0.1 -0.6,0 -0.2,-0.1 -0.1,-0.4 -0.1,-0.6 z"
        style="fill:#ff0000;stroke:#000000;stroke-width:0.1px"
    />
    <g>
        <circle
            cx="15"
            cy="27.5"
            r="9.2"
            style="fill:#daa520;stroke:#000000;stroke-width:0.2px"
        />
    </g>
    <path
        d="m 27.5,35.8 h 3.5 c 0.1,0 0.2,-0.1 0.2,-0.2 l 0,-7.8 c 0.6,-0.4 4.6,-2.8 8.7,0 v 7.8 c 0,0.1 0.1,0.2 0.2,0.2 h 3.5 c 0.1,0 0.2,-0.1 0.2,-0.2 L 43.9,22.9 c 0,-0.5 -0.4,-0.8 -0.8,-0.8 h -0.1 c 0.3,-0.3 0.5,-0.7 0.5,-1.2 0,-0.9 -0.7,-1.6 -1.6,-1.6 -0.9,0 -1.6,0.7 -1.6,1.6 0,0.5 0.2,0.9 0.5,1.2 h -0.1 c -0.3,0 -0.5,0.2 -0.7,0.4 -4.1,-2.3 -8.1,-0.5 -9.0,0 -0.1,-0.2 -0.4,-0.4 -0.7,-0.4 h -0.1 c 0.3,-0.3 0.5,-0.7 0.5,-1.2 0,-0.9 -0.7,-1.6 -1.6,-1.6 -0.9,0 -1.6,0.7 -1.6,1.6 0,0.5 0.2,0.9 0.5,1.2 h -0.1 c -0.5,0 -0.8,0.4 -0.8,0.8 l 0,12.7 c 0,0.1 0.1,0.2 0.2,0.2 z m 3.3,-7.9 v 2.2 h -3.1 l 0,-2.2 z m -3.1,2.6 h 1.3 v 0.7 c 0,0.1 0.1,0.2 0.2,0.2 0.1,0 0.2,-0.1 0.2,-0.2 v -0.7 h 1.3 v 2.2 h -3.1 z m 3.1,-3.1 h -1.3 v -0.7 c 0,-0.1 -0.1,-0.2 -0.2,-0.2 -0.1,0 -0.2,0.1 -0.2,0.2 v 0.7 h -1.3 l 0,-2.2 h 3.1 z m -1.3,7.9 v -0.7 c 0,-0.1 -0.1,-0.2 -0.2,-0.2 -0.1,0 -0.2,0.1 -0.2,0.2 l 0,0.7 h -1.3 v -2.2 h 3.1 l 0,2.2 z m 14.0,-7.5 v 2.2 H 40.4 l 0,-2.2 z m -3.1,2.6 h 1.3 v 0.7 c 0,0.1 0.1,0.2 0.2,0.2 0.1,0 0.2,-0.1 0.2,-0.2 V 30.5 h 1.3 v 2.2 h -3.1 z m 3.1,-3.1 h -1.3 v -0.7 c 0,-0.1 -0.1,-0.2 -0.2,-0.2 -0.1,0 -0.2,0.1 -0.2,0.2 v 0.7 H 40.4 l 0,-2.2 h 3.1 z m -1.3,7.9 v -0.7 c 0,-0.1 -0.1,-0.2 -0.2,-0.2 -0.1,0 -0.2,0.1 -0.2,0.2 l 0,0.7 h -1.3 v -2.2 h 3.1 l 0,2.2 z M 40.7,20.8 c 0,-0.7 0.5,-1.2 1.2,-1.2 0.7,0 1.2,0.5 1.2,1.2 0,0.7 -0.5,1.2 -1.2,1.2 -0.7,0 -1.2,-0.5 -1.2,-1.2 z m 0.1,1.6 h 0.9 v 0.7 c 0,0.1 0.1,0.2 0.2,0.2 0.1,0 0.2,-0.1 0.2,-0.2 v -0.7 h 0.9 c 0.2,0 0.4,0.2 0.4,0.4 v 1.9 H 40.4 v -1.9 c 0,-0.2 0.2,-0.4 0.4,-0.4 z m -0.8,0.4 c 0,0 0,0 0,0.1 v 4.4 c -3.9,-2.5 -7.6,-0.7 -8.7,0 v -4.4 c 0,0 0,0 0,0 0.6,-0.3 4.6,-2.4 8.7,0 z M 28.1,20.8 c 0,-0.7 0.5,-1.2 1.2,-1.2 0.7,0 1.2,0.5 1.2,1.2 0,0.7 -0.5,1.2 -1.2,1.2 -0.7,0 -1.2,-0.5 -1.2,-1.2 z m 0.1,1.6 h 0.9 v 0.7 c 0,0.1 0.1,0.2 0.2,0.2 0.1,0 0.2,-0.1 0.2,-0.2 v -0.7 h 0.9 c 0.2,0 0.4,0.2 0.4,0.4 v 1.9 h -3.1 v -1.9 c 0,-0.2 0.2,-0.4 0.4,-0.4 z"
        style="stroke:#000000;stroke-width:0.1px"
    />
    <path
        d="m 20.2,33.8 c -0.4,0.4 -0.9,0.6 -1.4,0.6 -0.6,0 -1,-0.3 -1.3,-0.7 0.4,-0.4 0.9,-0.6 1.4,-0.6 0.6,0 1,0.3 1.3,0.7 z m -2.1,-1.6 c 0.1,-0.6 -0.1,-1.1 -0.4,-1.5 -0.4,0.3 -0.7,0.7 -0.8,1.3 -0.1,0.6 0.1,1.1 0.4,1.5 0.4,-0.3 0.7,-0.7 0.8,-1.3 z m 2.3,-0.5 c -0.5,0.1 -0.9,0.5 -1.2,1 0.4,0.3 1,0.3 1.5,0.2 0.5,-0.1 0.9,-0.5 1.2,-1 -0.4,-0.3 -1,-0.3 -1.5,-0.2 z m -1.3,0.9 c 0.3,-0.4 0.4,-0.9 0.3,-1.5 -0.1,-0.6 -0.4,-1 -0.9,-1.2 -0.3,0.4 -0.4,0.9 -0.3,1.5 0.1,0.5 0.4,1 0.9,1.2 z m 2.3,-2.8 c -0.4,0.3 -0.7,0.8 -0.7,1.3 0.5,0.1 1,0 1.5,-0.3 0.4,-0.3 0.7,-0.8 0.7,-1.3 -0.5,-0.1 -1,0 -1.5,0.3 z m -1.2,-0.1 c -0.3,-0.5 -0.7,-0.8 -1.2,-0.9 -0.1,0.5 -0.1,1 0.2,1.5 0.3,0.5 0.7,0.7 1.3,0.9 0.1,-0.5 0.1,-1 -0.2,-1.5 z m 1.4,-1.9 c -0.3,0.4 -0.4,1 -0.2,1.5 0.5,-0.1 1,-0.4 1.3,-0.8 0.3,-0.4 0.4,-1 0.2,-1.5 -0.5,0.1 -1,0.4 -1.3,0.8 z m -0.4,1.6 c 0,-0.5 -0.3,-1 -0.7,-1.3 -0.4,-0.3 -1,-0.4 -1.5,-0.4 0,0.5 0.3,1 0.7,1.3 0.4,0.3 1,0.4 1.5,0.4 z m 0.3,-2.1 c 0.4,-0.3 0.8,-0.7 0.9,-1.2 0.1,-0.5 0,-1.1 -0.3,-1.5 -0.4,0.3 -0.8,0.7 -0.9,1.2 -0.1,0.5 0,1.1 0.3,1.5 z m -1.3,-0.9 c -0.5,-0.2 -1.1,-0.1 -1.5,0.1 0.2,0.5 0.6,0.9 1.1,1 0.5,0.2 1.1,0.1 1.5,-0.1 -0.2,-0.5 -0.6,-0.9 -1.1,-1 z m 0.6,-1 c 0.3,-0.4 0.5,-0.9 0.4,-1.5 -0.1,-0.6 -0.4,-1 -0.8,-1.3 -0.3,0.4 -0.5,0.9 -0.4,1.5 0.1,0.6 0.4,1 0.8,1.3 z m -1.5,0.8 c 0.6,0 1,-0.3 1.4,-0.7 -0.4,-0.4 -0.9,-0.6 -1.4,-0.6 -0.6,0 -1,0.3 -1.4,0.7 0.4,0.4 0.9,0.6 1.4,0.6 z m -0.7,-1.7 c 0.5,0.3 1,0.4 1.5,0.2 -0.1,-0.5 -0.4,-1 -0.9,-1.3 -0.5,-0.3 -1,-0.4 -1.5,-0.2 0.1,0.5 0.4,1 0.9,1.3 z m -3,9.5 c -0.2,0 -0.4,0.1 -0.6,0.1 -0.2,0 -0.4,-0.1 -0.6,-0.1 -1.1,-0.1 -1.5,-0.5 -1.5,-0.5 l -0.1,0.1 -0.2,0.1 c 0,0 0.5,0.4 1.7,0.6 -0.4,0.3 -0.6,0.7 -0.6,1 h 0.4 c 0,-0.3 0.3,-0.7 0.8,-0.9 0.6,0.2 0.8,0.6 0.8,0.9 h 0.4 c 0,-0.3 -0.2,-0.7 -0.6,-1 1.2,-0.1 1.6,-0.6 1.7,-0.6 l -0.3,-0.3 c 0,0 -0.4,0.4 -1.5,0.5 z m -4.5,-0.9 c -0.6,0 -1,0.3 -1.3,0.7 0.4,0.4 0.9,0.6 1.4,0.6 0.6,0 1,-0.3 1.3,-0.7 -0.4,-0.4 -0.9,-0.6 -1.4,-0.6 z m 0.7,-0.9 c 0.1,0.6 0.4,1 0.8,1.3 0.3,-0.4 0.5,-0.9 0.4,-1.5 -0.1,-0.6 -0.4,-1 -0.8,-1.3 -0.3,0.4 -0.5,0.9 -0.4,1.5 z m -2.3,-0.5 c -0.5,-0.1 -1.1,-0.1 -1.5,0.2 0.2,0.4 0.6,0.8 1.2,1 0.5,0.1 1.1,0.1 1.5,-0.2 -0.2,-0.4 -0.6,-0.8 -1.2,-1 z m 2.2,-0.3 c 0.1,-0.6 0,-1.1 -0.3,-1.5 -0.4,0.3 -0.8,0.7 -0.9,1.2 -0.1,0.6 0,1.1 0.3,1.5 0.4,-0.3 0.8,-0.7 0.9,-1.2 z m -2.4,-0.2 c 0,-0.5 -0.3,-1 -0.7,-1.3 -0.4,-0.3 -1,-0.4 -1.5,-0.3 0,0.5 0.3,1 0.7,1.3 0.4,0.3 1,0.4 1.5,0.3 z m 1.5,-0.9 c 0.3,-0.5 0.3,-1 0.2,-1.5 -0.5,0.1 -1,0.4 -1.3,0.9 -0.3,0.5 -0.3,1 -0.2,1.5 0.5,-0.1 1,-0.4 1.3,-0.9 z m -2.2,-1 c 0.1,-0.5 0,-1 -0.3,-1.5 -0.3,-0.5 -0.8,-0.8 -1.3,-0.9 -0.1,0.5 -0.1,1 0.2,1.5 0.3,0.4 0.8,0.7 1.3,0.8 z m 1.7,-0.3 c 0.4,-0.3 0.7,-0.8 0.7,-1.3 -0.5,-0.1 -1,0 -1.5,0.4 -0.4,0.3 -0.7,0.8 -0.7,1.3 0.5,0.1 1,0 1.5,-0.4 z m -1.8,-1.8 c 0.3,-0.4 0.4,-1 0.3,-1.5 -0.1,-0.5 -0.5,-1 -0.9,-1.2 -0.3,0.4 -0.4,1 -0.3,1.5 0.1,0.5 0.5,1 0.9,1.2 z m 1.7,0.3 c 0.5,-0.2 0.9,-0.6 1.1,-1 -0.4,-0.3 -1,-0.3 -1.5,-0.1 -0.5,0.2 -0.9,0.6 -1.1,1 0.4,0.3 1,0.3 1.5,0.1 z m -0.3,-3.5 c 0.1,-0.6 -0.1,-1.1 -0.4,-1.5 -0.4,0.3 -0.7,0.7 -0.8,1.3 -0.1,0.6 0.1,1.1 0.4,1.5 0.4,-0.3 0.7,-0.7 0.8,-1.3 z m 0.7,0.9 c -0.6,0 -1,0.2 -1.4,0.6 0.3,0.4 0.8,0.6 1.4,0.7 0.6,0 1,-0.2 1.4,-0.6 -0.3,-0.4 -0.8,-0.6 -1.4,-0.7 z m 0.7,-0.4 c 0.5,-0.3 0.7,-0.7 0.9,-1.3 -0.5,-0.1 -1,-0.1 -1.5,0.2 -0.5,0.3 -0.7,0.7 -0.9,1.3 0.5,0.1 1,0.1 1.5,-0.2 z"
        style="fill:#b8860b;stroke:none"
    />
    <path
        d="m 12.1,50.0 c 0.1,-0.5 -0.3,-0.9 -0.4,-1.6 -0.2,-1.0 0.2,-1.8 0,-2.2 0.1,0.1 0.2,0.3 0.3,0.4 0.5,0.9 0.5,2.1 0.4,2.8 0.2,-0.3 0.4,-0.7 0.6,-1.0 0,0 0.1,0 0.2,0 -0.3,0.7 -0.7,1.4 -1.0,2.1 0.5,-0.4 0.9,-0.8 1.6,-0.7 0.1,0 0.3,0.1 0.3,0.1 -0.2,0 -0.5,0.6 -1.2,0.9 -0.3,0.1 -0.7,0.1 -1.0,0.2 -0.2,0.3 -0.3,0.7 -0.5,1.1 0.6,-0.4 1.1,-1.2 2.1,-1.0 0.1,0 0.3,0 0.4,0.1 -0.2,0 -0.7,0.8 -1.4,1.1 -0.4,0.1 -1.0,0 -1.3,0.2 -0.2,0.5 -0.4,0.9 -0.5,1.5 0.6,-0.5 1.1,-1.7 2.8,-1.5 0.2,0 0.4,0.1 0.6,0.2 -0.4,0.1 -1.0,1.2 -2.0,1.6 -0.6,0.3 -1.3,-0.1 -1.7,0.2 -0.1,0.4 -0.2,0.0 -0.3,1.4 0.7,-0.5 1.2,-1.5 2.5,-1.0 0.2,0.1 0.4,0.3 0.6,0.4 -0.3,0.2 -0.8,0.8 -1.7,1.0 -0.6,0.1 -1.2,-0.2 -1.5,0 -0.1,0.5 -0.1,1.0 -0.2,1.5 1.0,-0.4 1.9,-2.0 3.4,-1.0 0.2,0.1 0.4,0.3 0.6,0.5 -0.4,-0.1 -1.2,0.9 -2.3,1.0 -0.7,0.1 -1.3,-0.3 -1.8,0 0,0.6 0,1.2 0,1.9 0.9,-0.7 1.3,-1.8 3.6,-1.7 0.4,0 0.8,0.1 1.1,0.2 -0.6,0.1 -0.7,1.3 -2.1,1.8 -0.9,0.3 -2.3,-0.1 -2.7,0.3 0,0.6 0.1,1.2 0.1,1.9 1.4,-0.5 2.1,-2.1 4.9,-1.3 0.4,0.1 0.9,0.3 1.3,0.5 -0.7,0 -1.2,1.5 -2.8,1.7 -1.2,0.2 -2.8,-0.8 -3.3,-0.3 l 0,0 c 0.1,0.8 0.2,1.6 0.3,2.5 0,0 -0.1,0.6 -0.5,0.5 C 9.8,66.0 9.9,65.6 9.9,65.6 9.9,64.6 9.8,63.6 9.7,62.7 l 0,0 C 9.3,61.9 8.4,62.7 7.5,62.2 6.3,61.5 5.7,59.5 5.3,59.5 5.5,59.3 5.8,59.1 6.1,59.1 8.0,58.5 8.6,60.4 9.7,61.8 9.7,61.2 9.6,60.6 9.6,60.0 9.3,59.0 8.7,59.6 8.1,58.9 7.3,57.9 7.1,56.1 6.7,55.9 c 0.2,0 0.5,0 0.7,0 1.4,0.3 1.8,1.9 2.2,3.2 0,-0.6 0,-1.2 0.1,-1.8 C 9.5,56.8 9.0,56.9 8.6,56.4 7.9,55.6 7.8,54.3 7.5,54.1 c 0.2,0 0.4,0 0.5,0 1.1,0.3 1.4,1.7 1.8,2.6 0.1,-0.5 0.1,-1.0 0.2,-1.4 -0.2,-0.7 -0.9,-0.7 -1.3,-1.5 -0.7,-1.1 -0.7,-2.8 -1.0,-3.1 0.2,0.1 0.4,0.1 0.6,0.2 1.3,0.6 1.6,2.7 1.9,3.8 0.1,-0.6 0.3,-1.1 0.5,-1.7 -0.2,-0.4 -0.7,-0.5 -1.0,-1.0 -0.5,-0.9 -0.5,-2.1 -0.8,-2.4 0.2,0 0.3,0.1 0.5,0.1 1.3,0.6 1.2,2.2 1.4,2.9 0.1,-0.4 0.3,-0.7 0.5,-1.1 0,-0.5 -0.6,-0.9 -0.8,-1.6 -0.4,-1.1 -0.1,-2.3 -0.3,-2.7 0.2,0.1 0.3,0.3 0.5,0.4 1.1,1.1 0.8,2.6 0.8,3.4 0.2,-0.3 0.4,-0.7 0.6,-1.1 z"
        style="fill:#000000;stroke:none"
    />
</svg>