<svg
    xmlns="http://www.w3.org/2000/svg" 
    height="62.622px"
    width="72.309px"
    viewbox="0 0 72.309 62.622"
>
    <circle
        style="fill:#bgcolor;stroke:#000000;stroke-width:1px"
        cy="31.311"
        cx="36.155"
        r="28"
    />
    <path
        style="fill:#fgcolor;stroke:none"
        d="m 59.7,24.6 -14.0,10.1 5.4,16.4 c 0.1,0.3 0,0.6 -0.2,0.7 -0.2,0.2 -0.5,0.2 -0.8,0 L 36.2,41.7 22.2,51.8 c -0.2,0.2 -0.5,0.2 -0.8,0 -0.2,-0.2 -0.3,-0.5 -0.2,-0.7 L 26.6,34.7 12.6,24.6 c -0.2,-0.2 -0.3,-0.5 -0.2,-0.7 0.1,-0.3 0.3,-0.4 0.6,-0.4 l 17.2,0 5.3,-16.4 c 0.1,-0.3 0.3,-0.4 0.6,-0.4 0.3,0 0.5,0.2 0.6,0.4 l 5.3,16.4 17.2,0 c 0.3,0 0.5,0.2 0.6,0.4 0.1,0.3 0,0.6 -0.2,0.7 z"
    />
</svg>
