<svg
    xmlns="http://www.w3.org/2000/svg"
    height="100px"
    width="100px"
    viewbox="0 0 100 100"
>
    <rect
        style="fill:#fffda4;stroke:#000000;stroke-width:3px"
        x="0px"
        y="0px"
        width="100px"
        height="100px"
    />
    <g>
        <g>
            <polygon
                style="fill:#fcefde;stroke:#ff0000;stroke-width:2.5px"
                points="81.1,3.7 91.3,3.7 96.5,12.6 91.3,21.5 81.1,21.5 75.9,12.6"
            />
            <polygon
                style="fill:none;stroke:#000000;stroke-width:1px"
                points="80.5,2.7 91.9,2.7 97.6,12.6 91.9,22.5 80.5,22.5 74.8,12.6"
            />
        </g>
        <g>
            <rect
                style="fill:#ff0000;stroke:none"
                width="11.3"
                height="2.9"
                x="80.6"
                y="14.4"
            />
            <rect
                style="fill:#ff0000;stroke:none"
                width="7.1"
                height="2.9"
                x="82.7"
                y="11.1"
            />
            <rect
                style="fill:#ff0000;stroke:none"
                width="3.8"
                height="2.9"
                x="84.3"
                y="7.7"
            />
        </g>
    </g>
    <path
        style="fill:#000000;stroke:none"
        d="m 12.7,15.5 c -0.3,1.7 -0.7,3.4 -1.0,5.1 -0.6,0 -1.4,0.2 -1.6,-0.6 0,-1.0 0.4,-1.9 0.5,-2.9 0.1,-0.6 0.2,-1.1 0.3,-1.7 -1.0,0 -2.0,0 -3.0,0 -0.3,1.5 -0.6,3.0 -0.9,4.5 -0.3,0.8 -1.2,0.6 -1.9,0.6 0.3,-1.7 0.7,-3.4 1.0,-5.1 -0.7,0 -1.4,0.1 -2.0,0 -0.5,-0.3 -0.3,-1.2 -0.1,-1.5 0.8,0 1.6,0 2.4,0 0.3,-1.3 0.5,-2.6 0.8,-3.9 -0.9,0 -1.9,0 -2.8,0 0.1,-0.6 0.1,-1.5 0.9,-1.6 0.7,0 1.4,0 2.1,0 0.3,-1.5 0.6,-3.0 0.9,-4.5 0.3,-0.8 1.2,-0.6 1.9,-0.6 -0.3,1.7 -0.7,3.4 -1.0,5.1 1.0,0 2.0,0 3.0,0 0.3,-1.7 0.7,-3.4 1.0,-5.1 0.6,0.1 1.4,-0.2 1.6,0.5 0,0.9 -0.3,1.8 -0.5,2.7 -0.1,0.6 -0.3,1.3 -0.4,1.9 0.8,0 1.7,0 2.5,0 -0.1,0.6 -0.1,1.5 -0.9,1.6 -0.6,0 -1.2,0 -1.9,0 -0.3,1.3 -0.5,2.6 -0.8,3.9 0.8,0 1.6,-0.1 2.4,0.1 0.5,0.3 0.3,1.2 0.1,1.5 -0.9,0 -1.9,0 -2.8,0 z m -4.5,-1.6 c 1.0,0 2.0,0 3.0,0 0.3,-1.3 0.5,-2.6 0.8,-3.9 -1.0,0 -2.0,0 -3.0,0 -0.3,1.3 -0.5,2.6 -0.8,3.9 z"
    />
    <path
        style="fill:#000000;stroke:none"
        d="m 28.9,4.3 c 0,1.0 -1.1,1.1 -1.8,1.0 -1.6,0 -3.2,0 -4.8,0 -0.3,1.5 -0.5,3.0 -0.8,4.5 2.2,-0.5 4.9,-0.5 6.6,1.2 2.3,2.4 1.7,6.8 -1.0,8.6 -2.6,1.7 -6.2,1.3 -8.5,-0.7 0.4,-0.4 0.6,-1.1 1.2,-1.2 0.9,0.3 1.7,1.0 2.8,1.1 1.7,0.4 3.8,-0.4 4.5,-2.1 0.7,-1.6 0.5,-4.0 -1.3,-4.9 -1.6,-0.8 -3.4,-0.4 -5.0,0 -0.4,-0.1 -0.9,-0.3 -1.3,-0.4 0.5,-2.7 0.9,-5.4 1.4,-8.0 2.7,0 5.4,0 8.1,0 0,0.3 0,0.6 0,0.9 z"
    />
    <path
        style="fill:#000000;stroke:none"
        d="m 28.7,34.1 q 0.7,0 1.3,0.2 0.6,0.2 1.1,0.6 0.4,0.4 0.7,0.9 0.2,0.5 0.2,1.2 0,0.5 -0.1,1.0 -0.1,0.4 -0.4,0.8 -0.3,0.3 -0.6,0.5 -0.4,0.2 -0.8,0.4 1.1,0.3 1.7,1.0 0.6,0.7 0.6,1.7 0,0.8 -0.3,1.4 -0.3,0.6 -0.8,1.1 -0.5,0.4 -1.2,0.7 -0.7,0.2 -1.5,0.2 -0.9,0 -1.6,-0.2 -0.6,-0.2 -1.1,-0.6 -0.4,-0.4 -0.7,-0.9 -0.3,-0.6 -0.5,-1.2 l 0.6,-0.3 q 0.2,-0.1 0.5,-0.1 0.2,0 0.3,0.3 0.1,0.2 0.3,0.5 0.2,0.3 0.4,0.6 0.3,0.3 0.7,0.5 0.4,0.2 1.1,0.2 0.6,0 1.0,-0.2 0.5,-0.2 0.8,-0.5 0.3,-0.3 0.5,-0.7 0.2,-0.4 0.2,-0.8 0,-0.5 -0.1,-0.8 -0.1,-0.4 -0.4,-0.7 -0.3,-0.3 -0.9,-0.4 -0.6,-0.2 -1.5,-0.2 v -1.0 q 0.7,0 1.2,-0.2 0.5,-0.2 0.8,-0.4 0.3,-0.3 0.5,-0.6 0.2,-0.4 0.2,-0.8 0,-0.5 -0.2,-0.9 -0.2,-0.4 -0.4,-0.6 -0.3,-0.2 -0.6,-0.4 -0.4,-0.1 -0.8,-0.1 -0.4,0 -0.8,0.1 -0.4,0.1 -0.7,0.4 -0.3,0.2 -0.5,0.5 -0.2,0.3 -0.3,0.7 -0.1,0.3 -0.3,0.4 -0.2,0.1 -0.4,0 l -0.7,-0.1 q 0.1,-0.8 0.4,-1.3 0.3,-0.6 0.8,-1.0 0.5,-0.4 1.1,-0.6 0.6,-0.2 1.4,-0.2 z"
    />
    <path
        style="fill:#000000;stroke:none"
        d="m 38.5,36.4 v 3.4 h 3.3 v 1.1 h -3.3 v 3.4 h -1.2 v -3.4 h -3.2 v -1.1 h 3.2 v -3.4 z"
    />
    <g>
        <circle
            style="fill:#ffffff;stroke:#000000;stroke-width:1px"
            cy="40"
            cx="57"
            r="12"
        />
        <path
            style="fill:#000000;stroke:none"
            d="M 49.7,44.3 49.3,43.9 c -0.1,-0.1 -0.1,-0.3 0,-0.4 L 60.5,32.3 c 0.1,-0.1 0.3,-0.1 0.4,0 l 0.4,0.4 c 0.1,0.1 0.1,0.3 0,0.4 L 50.1,44.3 c -0.1,0.1 -0.3,0.1 -0.4,0 z"
        />
        <path
            style="fill:#000000;stroke:none"
            d="m 64.9,46.7 v 1.1 H 49.1 v -1.1 h 4.7 c 0.6,-1.7 0.9,-3.3 0.9,-4.8 0,-0.1 0.1,-0.2 0.2,-0.1 0.7,0.5 1.5,1.5 1.8,3.2 0.8,-0.9 0.8,-1.9 0.8,-3.0 0,-0.1 0.2,-0.2 0.2,-0.1 0.6,0.8 1.0,2.1 1.2,3.1 1.0,-1.2 1.6,-2.6 1.9,-4.1 0,-0.1 0.2,-0.2 0.2,0 0.8,1.7 0.9,3.7 0.9,5.9 z"
        />
        <path
            style="fill:#000000;stroke:none"
            d="m 64.4,43.0 c 0,0 -0.1,0 -0.1,0 -0.7,-3.1 -2.8,-5.7 -4.3,-7.3 L 61.9,33.7 c 0,0 0,0 0,0 2.0,2.2 3.9,5.5 2.4,9.3 z"
        />
    </g>
    <path
        style="fill:#000000;stroke:none"
        d="m 50.1,57.3 v 3.4 h 3.3 v 1.1 h -3.3 v 3.4 h -1.2 v -3.4 h -3.2 v -1.1 h 3.2 v -3.4 z"
    />
    <g>
        <circle
            style="fill:#ffffff;stroke:#000000;stroke-width:1px"
            cy="82"
            cx="15.4"
            r="12"
        />
        <path
            style="fill:#000000;stroke:#000000;stroke-width:0.2px"
            d="m 24.7,80.2 -5.5,4.0 2.1,6.4 c 0,0.1 0,0.2 -0.1,0.3 -0.1,0.1 -0.2,0.1 -0.3,0 l -5.5,-4.0 -5.5,4.0 c -0.1,0.1 -0.2,0.1 -0.3,0 -0.1,-0.1 -0.1,-0.2 -0.1,-0.3 l 2.2,-6.4 -5.5,-4.0 c -0.1,-0.1 -0.1,-0.2 -0.1,-0.3 0,-0.1 0.1,-0.2 0.2,-0.2 H 13.0 l 2.1,-6.4 c 0,-0.1 0.1,-0.2 0.2,-0.2 0.1,0 0.2,0.1 0.2,0.2 l 2.1,6.4 h 6.7 c 0.1,0 0.2,0.1 0.2,0.2 0,0.1 0,0.2 -0.1,0.3 z"
        />
    </g>
    <path
        style="fill:#000000;stroke:none"
        d="m 30.895999,87.7 q -0.104,0.28 -0.328,0.416 -0.216,0.136 -0.448,0.136 h -0.6 l 4.808,-11.976 q 0.096,-0.256 0.288,-0.392 0.2,-0.136 0.456,-0.136 h 0.608 z"
    />
    <g>
        <circle
            style="fill:#ffffff;stroke:#000000;stroke-width:1px"
            cy="82"
            cx="49.8"
            r="12"
        />
        <path
            style="fill:#000000;stroke:none"
            d="m 49.9,71.1 c -0.4,0 -1.2,0 -2.1,0.1 -0.8,0.1 -1.7,0.5 -2.0,0.9 -0.2,0.2 -0.1,0.8 0,1.0 0,0 0.3,0.3 0.6,0.4 0.3,0.1 0.6,0.3 0.6,0.2 l 0.3,0.1 v 0.3 c 0,0.2 -0.1,0.4 -0.2,0.5 -0.1,0.1 -0.1,0.2 -0.2,0.3 0,0.2 -0.1,0.5 0.3,1.2 l 0.2,0.3 -0.3,0.3 c -1.0,1.0 -1.8,2.4 -2.4,3.8 -0.5,1.4 -0.7,2.8 -0.4,3.8 0.3,1.0 1.0,1.9 1.7,2.7 0.6,0.8 1.3,1.6 1.3,2.6 0,0.5 -0.3,0.8 -0.5,1.0 -0.2,0.2 -0.3,0.2 -0.3,0.5 0,0.1 0.3,0.6 0.8,1.0 0.6,0.4 1.4,0.8 2.4,0.8 1.0,0 1.8,-0.3 2.4,-0.8 0.6,-0.4 0.8,-1.0 0.8,-1.0 0,-0.3 -0.1,-0.3 -0.3,-0.5 -0.2,-0.2 -0.5,-0.5 -0.5,-1.0 0,-1.0 0.6,-1.7 1.3,-2.6 0.6,-0.8 1.3,-1.7 1.7,-2.7 0.3,-1.0 0.2,-2.3 -0.4,-3.8 -0.5,-1.4 -1.4,-2.9 -2.5,-3.9 l -0.2,-0.2 0.1,-0.3 c 0.3,-0.7 0.3,-0.9 0.3,-1.0 0,-0.2 -0.3,-0.5 -0.3,-1.0 v -0.3 l 0.3,-0.1 c 0,0 0.3,-0.1 0.6,-0.2 0.3,-0.1 0.6,-0.3 0.6,-0.4 0.2,-0.3 0.2,-0.8 0,-1.0 0,-0.4 -0.8,-0.7 -1.7,-0.8 -0.8,-0.1 -1.7,-0.1 -2.1,-0.1 z m -5.4,2.8 c -0.2,0 -0.4,0.1 -0.7,0.2 -1.8,1.1 -0.5,4.6 0.1,6.3 0,-0.1 0,-0.1 0.1,-0.2 0.2,-0.5 0.4,-0.9 0.6,-1.3 -0.5,-1.3 -1.4,-3.3 -0.3,-4.0 0.5,-0.3 1.4,0.3 2.0,0.8 -0.1,-0.3 -0.1,-0.6 0,-0.8 -0.6,-0.5 -1.2,-1.0 -1.8,-1.0 z m 10.8,0 c -0.5,0 -1.1,0.4 -1.8,0.9 0,0.2 0.1,0.5 0,0.8 0.6,-0.5 1.4,-1.1 1.9,-0.8 1.1,0.8 0.3,2.6 -0.3,4.0 0.3,0.5 0.5,0.9 0.6,1.4 0,0 0,0.1 0,0.1 0.6,-1.8 1.8,-5.2 0,-6.3 -0.2,-0.1 -0.4,-0.2 -0.7,-0.2 z"
        />
    </g>
    <path
        style="fill:#000000;stroke:none"
        d="m 65.2,87.7 q -0.1,0.3 -0.3,0.4 -0.2,0.1 -0.4,0.1 h -0.6 l 4.8,-12.0 q 0.1,-0.3 0.3,-0.4 0.2,-0.1 0.5,-0.1 h 0.6 z"
    />
    <g>
        <circle
            style="fill:#ffffff;stroke:#000000;stroke-width:1px"
            cy="82"
            cx="84.1"
            r="12"
        />
        <path
            style="fill:#000000;stroke:none"
            d="m 81.0,74.7 c -0.8,0 -1.4,0.7 -1.4,1.4 0,0.7 0.4,1.1 1.1,1.3 l -1.4,3.3 c 0.7,0.1 1.1,0.7 1.1,1.3 0,0.8 -0.6,1.3 -1.3,1.3 -0.8,0 -1.3,-0.6 -1.3,-1.3 0,-0.6 0.3,-1.1 0.8,-1.2 l -2.0,-3.2 c 0.4,-0.3 0.6,-0.6 0.6,-1.1 0,-0.7 -0.6,-1.2 -1.2,-1.2 -0.7,0 -1.2,0.6 -1.2,1.2 0,0.7 0.6,1.2 1.2,1.2 0,0 0,0 0.1,0 l 1.7,9.1 h 12.6 l 1.7,-9.1 c 0,0 0,0 0.1,0 0.7,0 1.2,-0.6 1.2,-1.2 0,-0.7 -0.6,-1.2 -1.2,-1.2 -0.7,0 -1.2,0.6 -1.2,1.2 0,0.4 0.2,0.8 0.6,1.1 l -2.0,3.2 c 0.4,0.2 0.7,0.7 0.7,1.2 0,0.8 -0.6,1.3 -1.3,1.3 -0.8,0 -1.3,-0.6 -1.3,-1.3 0,-0.7 0.5,-1.2 1.1,-1.3 l -1.4,-3.3 c 0.6,-0.1 1.1,-0.7 1.1,-1.3 0,-0.8 -0.7,-1.4 -1.4,-1.4 -0.8,0 -1.4,0.7 -1.4,1.4 0,0.6 0.4,1.1 0.9,1.3 l -1.7,3.1 c 0.6,0.2 1.1,0.7 1.1,1.3 0,0.8 -0.7,1.4 -1.4,1.4 -0.8,0 -1.4,-0.7 -1.4,-1.4 0,-0.6 0.4,-1.1 1.0,-1.3 l -2.5,-3.0 c 0.6,-0.2 1,-0.7 1,-1.3 0,-0.8 -0.7,-1.4 -1.4,-1.4 z m -3.6,13.0 c -1.0,0.2 -1.0,1.6 0.2,1.6 h 0.3 v 0 h 11.8 v 0 h 0.3 c 1.1,0 1.1,-1.4 0.2,-1.6 z"
        />
    </g>
</svg>
