<svg
    xmlns="http://www.w3.org/2000/svg"
    height="100px"
    width="100px"
    viewbox="0 0 100 100"
>
    <rect
        style="fill:#fffda4;stroke:#000000;stroke-width:3px"
        x="0px"
        y="0px"
        width="100px"
        height="100px"
    />
    <g>
        <g>
            <polygon
                style="fill:#fcefde;stroke:#ff0000;stroke-width:2.5px"
                points="81.1,3.7 91.3,3.7 96.5,12.6 91.3,21.5 81.1,21.5 75.9,12.6"
            />
            <polygon
                style="fill:none;stroke:#000000;stroke-width:1px"
                points="80.5,2.7 91.9,2.7 97.6,12.6 91.9,22.5 80.5,22.5 74.8,12.6"
            />
        </g>
        <g>
            <rect
                style="fill:#ff0000;stroke:none"
                width="11.3"
                height="2.9"
                x="80.6"
                y="14.4"
            />
            <rect
                style="fill:#ff0000;stroke:none"
                width="7.1"
                height="2.9"
                x="82.7"
                y="11.1"
            />
            <rect
                style="fill:#ff0000;stroke:none"
                width="3.8"
                height="2.9"
                x="84.3"
                y="7.7"
            />
        </g>
    </g>
    <path
        style="fill:#000000;stroke:none"
        d="m 12.7,15.5 c -0.3,1.7 -0.7,3.4 -1.0,5.1 -0.6,0 -1.4,0.2 -1.6,-0.6 0,-1.0 0.4,-1.9 0.5,-2.9 0.1,-0.5 0.2,-1.1 0.3,-1.6 -1.0,0 -2.0,0 -3.0,0 -0.3,1.5 -0.6,3.0 -0.9,4.5 -0.3,0.8 -1.2,0.6 -1.9,0.6 0.3,-1.7 0.7,-3.4 1.0,-5.1 -0.7,0 -1.4,0.1 -2.0,0 -0.5,-0.3 -0.3,-1.2 -0.1,-1.5 0.8,0 1.6,0 2.4,0 0.3,-1.3 0.5,-2.6 0.8,-3.9 -0.9,0 -1.9,0 -2.8,0 0.1,-0.6 0.1,-1.5 0.9,-1.6 0.7,0 1.4,0 2.1,0 0.3,-1.5 0.6,-3.0 0.9,-4.5 0.3,-0.8 1.2,-0.6 1.9,-0.6 -0.3,1.7 -0.7,3.4 -1.0,5.0 1.0,0 2.0,0 3.0,0 0.3,-1.7 0.7,-3.4 1.0,-5.1 0.6,0.1 1.4,-0.2 1.6,0.5 0,0.9 -0.3,1.8 -0.5,2.7 -0.1,0.6 -0.3,1.2 -0.4,1.9 0.8,0 1.7,0 2.5,0 -0.1,0.6 -0.1,1.5 -0.9,1.6 -0.6,0 -1.2,0 -1.9,0 -0.3,1.3 -0.5,2.6 -0.8,3.9 0.8,0 1.6,-0.1 2.4,0.1 0.5,0.3 0.3,1.2 0.1,1.5 -0.9,0 -1.9,0 -2.8,0 z m -4.5,-1.6 c 1.0,0 2.0,0 3.0,0 0.3,-1.3 0.5,-2.6 0.8,-3.9 -1.0,0 -2.0,0 -3.0,0 -0.3,1.3 -0.5,2.6 -0.8,3.9 z"
    />
    <path
        style="fill:#000000;stroke:none"
        d="m 24.3,3.2 c 2.1,-0.1 4.4,1.1 4.9,3.2 0.5,1.8 -0.1,3.9 -1.9,4.7 -0.5,0.3 -1.4,0.4 -0.4,0.6 1.7,0.5 2.9,2.2 2.8,3.9 0.1,2.2 -1.5,4.2 -3.6,4.8 -2.1,0.6 -4.8,0.4 -6.4,-1.3 -0.6,-0.8 -1.7,-2.2 -1.3,-3.0 0.6,-0.2 1.5,-0.7 1.9,0 0.5,1.4 1.7,2.7 3.2,2.7 1.8,0.3 3.7,-0.8 4.0,-2.7 0.2,-1.2 -0.1,-2.7 -1.4,-3.2 -0.9,-0.5 -2.1,-0.4 -3.0,-0.6 0,-0.5 0,-1.0 0,-1.5 1.5,0 3.4,-0.4 3.9,-2.0 0.5,-1.4 -0.1,-3.4 -1.7,-3.8 -1.7,-0.6 -3.8,0.2 -4.4,2.0 0,0.9 -0.9,1.2 -1.7,1.0 -0.9,0.1 -0.6,-0.7 -0.4,-1.2 0.6,-2.0 2.4,-3.5 4.4,-3.7 0.3,0 0.6,-0.1 0.9,-0.1 z"
    />
    <path
        style="fill:#dddddd;stroke:#000000;stroke-width:0.2px"
        d="m 47.6,24.3 c -1.8,0 -3.2,1.3 -3.2,3.0 V 53.5 H 42.9 V 31.1 c 0,-1.6 -1.4,-3.0 -3.2,-3.0 -1.8,0 -3.2,1.3 -3.2,3.0 V 53.5 H 35.1 V 37.1 c 0,-1.6 -1.4,-3.0 -3.2,-3.0 -1.8,0 -3.2,1.3 -3.2,3.0 v 33.6 c 0,11.2 2.8,17.5 15.3,17.5 10.2,0 13.4,-4.9 15.1,-7.2 l 11.4,-19.4 c 1.2,-1.9 0.6,-3.3 -0.7,-4.4 -1.3,-1.1 -3.4,-0.9 -4.5,0.3 l -6.2,6.6 V 33.6 c 0,-1.6 -1.4,-3.0 -3.2,-3.0 -1.8,0 -3.2,1.3 -3.2,3.0 V 53.5 H 50.8 V 27.3 c 0,-1.6 -1.4,-3.0 -3.2,-3.0 z"
    />
    <path
        style="fill:#000000;stroke:none"
        d="m 52.9,58.5 v 1.3 q 0,0.6 -0.1,0.9 -0.1,0.4 -0.2,0.6 L 42.9,80.8 q -0.2,0.4 -0.6,0.7 -0.4,0.3 -1.0,0.3 h -2.1 l 9.8,-19.2 q 0.2,-0.4 0.4,-0.7 0.2,-0.3 0.5,-0.6 H 37.8 q -0.3,0 -0.5,-0.2 -0.2,-0.2 -0.2,-0.5 v -2.0 z"
    />
</svg>
