<svg
    xmlns="http://www.w3.org/2000/svg"
    height="100px"
    width="100px"
    viewbox="0 0 100 100"
>
    <rect
        style="fill:#fffda4;stroke:#000000;stroke-width:3px"
        x="0px"
        y="0px"
        width="100px"
        height="100px"
    />
    <g>
        <g>
            <polygon
                style="fill:#fcefde;stroke:#ff0000;stroke-width:2.5px"
                points="81.1,3.7 91.3,3.7 96.5,12.6 91.3,21.5 81.1,21.5 75.9,12.6"
            />
            <polygon
                style="fill:none;stroke:#000000;stroke-width:1px"
                points="80.5,2.7 91.9,2.7 97.6,12.6 91.9,22.5 80.5,22.5 74.8,12.6"
            />
        </g>
        <g>
            <rect
                style="fill:#ff0000;stroke:none"
                width="11.3"
                height="2.9"
                x="80.6"
                y="14.4"
            />
            <rect
                style="fill:#ff0000;stroke:none"
                width="7.1"
                height="2.9"
                x="82.7"
                y="11.1"
            />
            <rect
                style="fill:#ff0000;stroke:none"
                width="3.8"
                height="2.9"
                x="84.3"
                y="7.7"
            />
        </g>
    </g>
    <path
        style="fill:#000000;stroke:none"
        d="m 12.7,15.5 c -0.3,1.7 -0.7,3.4 -1.0,5.1 -0.6,0 -1.4,0.2 -1.6,-0.6 0,-1.0 0.4,-1.9 0.5,-2.9 0.1,-0.6 0.2,-1.1 0.3,-1.7 -1.0,0 -2.0,0 -3.0,0 -0.3,1.5 -0.6,3.0 -0.9,4.5 -0.3,0.8 -1.2,0.6 -1.9,0.6 0.3,-1.7 0.7,-3.4 1.0,-5.1 -0.7,0 -1.4,0.1 -2.0,0 -0.5,-0.3 -0.3,-1.2 -0.1,-1.5 0.8,0 1.6,0 2.4,0 0.3,-1.3 0.5,-2.6 0.8,-3.9 -0.9,0 -1.9,0 -2.8,0 0.1,-0.6 0.1,-1.5 0.9,-1.6 0.7,0 1.4,0 2.1,0 0.3,-1.5 0.6,-3.0 0.9,-4.5 0.3,-0.8 1.2,-0.6 1.9,-0.6 -0.3,1.7 -0.7,3.4 -1.0,5.1 1.0,0 2.0,0 3.0,0 0.3,-1.7 0.7,-3.4 1.0,-5.1 0.6,0.1 1.4,-0.2 1.6,0.5 0,0.9 -0.3,1.8 -0.5,2.7 -0.1,0.6 -0.3,1.3 -0.4,1.9 0.8,0 1.7,0 2.5,0 -0.1,0.6 -0.1,1.5 -0.9,1.6 -0.6,0 -1.2,0 -1.9,0 -0.3,1.3 -0.5,2.6 -0.8,3.9 0.8,0 1.6,-0.1 2.4,0.1 0.5,0.3 0.3,1.2 0.1,1.5 -0.9,0 -1.9,0 -2.8,0 z m -4.5,-1.6 c 1.0,0 2.0,0 3.0,0 0.3,-1.3 0.5,-2.6 0.8,-3.9 -1.0,0 -2.0,0 -3.0,0 -0.3,1.3 -0.5,2.6 -0.8,3.9 z"
    />
    <path
        style="fill:#000000;stroke:none"
        d="m 24.1,20.7 c -2.2,0.1 -4.7,-1.0 -5.5,-3.2 -0.7,-1.9 -0.2,-4.3 1.6,-5.3 0.5,-0.4 2.1,-0.5 0.8,-0.9 -2.3,-1.1 -2.7,-4.3 -1.3,-6.2 1.6,-2.1 4.9,-2.5 7.2,-1.3 2.2,1.0 3.1,4.1 1.8,6.2 -0.3,0.8 -1.9,1.4 -1.9,1.7 1.7,0.5 3.1,2.0 3.1,3.8 0.2,2.0 -1.0,4.1 -2.9,4.8 -0.9,0.4 -1.9,0.5 -2.9,0.5 z m 0,-1.7 c 1.6,0.1 3.3,-0.9 3.5,-2.5 0.3,-1.5 -0.4,-3.3 -2.0,-3.8 -1.7,-0.6 -4.0,-0.2 -4.8,1.6 -0.7,1.5 -0.2,3.7 1.5,4.4 0.6,0.3 1.2,0.4 1.8,0.4 z m 0,-8.3 c 1.4,0.1 2.9,-0.9 3.0,-2.3 0.4,-1.5 -0.5,-3.2 -2.0,-3.5 -1.5,-0.4 -3.5,0.1 -4.0,1.8 -0.5,1.5 0.2,3.5 1.8,3.9 0.4,0.1 0.7,0.1 1.1,0.1 z"
    />
    <g>
        <polygon
            style="fill:#67a7c4;stroke:#000000;stroke-width:2px"
            points="5.734,58.599 11.258,49.031 22.307,49.031 27.832,58.599 22.307,68.168 11.258,68.168"
        />
        <polygon
            style="fill:#fcefde;stroke:#000000;stroke-width:2px"
            points="22.307,49.030 27.831,39.462 38.880,39.462 44.405,49.030 38.880,58.599 27.831,58.599"
        />
        <polygon
            style="fill:#fcefde;stroke:#000000;stroke-width:2px"
            points="38.880,58.599 44.404,49.031 55.453,49.031 60.978,58.599 55.453,68.168 44.404,68.168"
        />
        <polygon
            style="fill:#fcefde;stroke:#000000;stroke-width:2px"
            points="55.453,49.030 60.977,39.462 72.026,39.462 77.551,49.030 72.026,58.599 60.977,58.599"
        />
        <polygon
            style="fill:#67a7c4;stroke:#000000;stroke-width:2px"
            points="72.027,58.599 77.551,49.031 88.600,49.031 94.125,58.599 88.600,68.168 77.551,68.168"
        />
    </g>
</svg>
