<svg
    xmlns="http://www.w3.org/2000/svg"
    height="100px"
    width="100px"
    viewbox="0 0 100 100"
>
    <rect
        style="fill:#fffda4;stroke:#000000;stroke-width:3px"
        x="0px"
        y="0px"
        width="100px"
        height="100px"
    />
    <g>
        <g>
            <polygon
                style="fill:#fcefde;stroke:#ff0000;stroke-width:2.5px"
                points="81.1,3.7 91.3,3.7 96.5,12.6 91.3,21.5 81.1,21.5 75.9,12.6"
            />
            <polygon
                style="fill:none;stroke:#000000;stroke-width:1px"
                points="80.5,2.7 91.9,2.7 97.6,12.6 91.9,22.5 80.5,22.5 74.8,12.6"
            />
        </g>
        <g>
            <rect
                style="fill:#ff0000;stroke:none"
                width="11.3"
                height="2.9"
                x="80.6"
                y="14.4"
            />
            <rect
                style="fill:#ff0000;stroke:none"
                width="7.1"
                height="2.9"
                x="82.7"
                y="11.1"
            />
            <rect
                style="fill:#ff0000;stroke:none"
                width="3.8"
                height="2.9"
                x="84.3"
                y="7.7"
            />
        </g>
    </g>
    <path
        style="fill:#000000;stroke:none"
        d="m 12.7,15.5 c -0.3,1.7 -0.7,3.4 -1.0,5.1 -0.6,0 -1.4,0.2 -1.6,-0.6 0,-1.0 0.4,-1.9 0.5,-2.9 0.1,-0.6 0.2,-1.1 0.3,-1.7 -1.0,0 -2.0,0 -3.0,0 -0.3,1.5 -0.6,3.0 -0.9,4.5 -0.3,0.8 -1.2,0.6 -1.9,0.6 0.3,-1.7 0.7,-3.4 1.0,-5.1 -0.7,0 -1.4,0.1 -2.0,0 -0.5,-0.3 -0.3,-1.2 -0.1,-1.5 0.8,0 1.6,0 2.4,0 0.3,-1.3 0.5,-2.6 0.8,-3.9 -0.9,0 -1.9,0 -2.8,0 0.1,-0.6 0.1,-1.5 0.9,-1.6 0.7,0 1.4,0 2.1,0 0.3,-1.5 0.6,-3.0 0.9,-4.5 0.3,-0.8 1.2,-0.6 1.9,-0.6 -0.3,1.7 -0.7,3.4 -1.0,5.1 1.0,0 2.0,0 3.0,0 0.3,-1.7 0.7,-3.4 1.0,-5.1 0.6,0.1 1.4,-0.2 1.6,0.5 0,0.9 -0.3,1.8 -0.5,2.7 -0.1,0.6 -0.3,1.3 -0.4,1.9 0.8,0 1.7,0 2.5,0 -0.1,0.6 -0.1,1.5 -0.9,1.6 -0.6,0 -1.2,0 -1.9,0 -0.3,1.3 -0.5,2.6 -0.8,3.9 0.8,0 1.6,-0.1 2.4,0.1 0.5,0.3 0.3,1.2 0.1,1.5 -0.9,0 -1.9,0 -2.8,0 z m -4.5,-1.6 c 1.0,0 2.0,0 3.0,0 0.3,-1.3 0.5,-2.6 0.8,-3.9 -1.0,0 -2.0,0 -3.0,0 -0.3,1.3 -0.5,2.6 -0.8,3.9 z"
    />
    <path
        style="fill:#000000;stroke:none"
        d="m 22.8,9.8 c -0.2,0.4 -1.3,1.5 -0.4,0.8 2.5,-1.4 6.1,-0.4 7.2,2.4 1.0,2.5 0,5.7 -2.3,7.0 -2.3,1.3 -5.7,1.1 -7.5,-1.0 -1.8,-2.1 -1.7,-5.3 -0.3,-7.6 1.2,-1.9 2.6,-3.6 3.9,-5.5 0.6,-0.7 1.1,-1.5 1.7,-2.2 0.8,-0.5 1.7,-0.2 2.6,-0.3 0.6,-0.1 -0.2,0.5 -0.3,0.7 -1.5,1.9 -3.0,3.8 -4.6,5.8 z m -2.3,5.4 c -0.1,1.6 0.9,3.3 2.6,3.6 1.8,0.4 4.0,-0.4 4.6,-2.3 0.6,-1.8 -0.1,-4.1 -2.0,-4.7 -1.9,-0.7 -4.4,0.1 -5.0,2.2 -0.1,0.4 -0.2,0.8 -0.2,1.2 z"
    />
   <g>
        <circle
            style="fill:#ffffff;stroke:#000000;stroke-width:1px"
            cy="42"
            cx="15.4"
            r="12"
        />
        <path
            style="fill:#000000;stroke:#000000;stroke-width:0.2px"
            d="m 24.6,40.2 -5.5,4.0 2.1,6.4 c 0,0.1 0,0.2 -0.1,0.3 -0.1,0.1 -0.2,0.1 -0.3,0 l -5.5,-4.0 -5.5,4 c -0.1,0.1 -0.2,0.1 -0.3,0 -0.1,-0.1 -0.1,-0.2 -0.1,-0.3 l 2.2,-6.4 -5.5,-4 c -0.1,-0.1 -0.1,-0.2 -0.1,-0.3 0,-0.1 0.1,-0.2 0.2,-0.2 H 12.9 l 2.1,-6.4 c 0,-0.1 0.1,-0.2 0.2,-0.2 0.1,0 0.2,0.1 0.2,0.2 l 2.1,6.4 h 6.7 c 0.1,0 0.2,0.1 0.2,0.2 0,0.1 0,0.2 -0.1,0.3 z"
        />
    </g>
    <path
        style="fill:#000000;stroke:none"
        d="m 30.9,47.7 q -0.1,0.3 -0.3,0.4 -0.2,0.1 -0.4,0.1 h -0.6 l 4.8,-12.0 q 0.1,-0.3 0.3,-0.4 0.2,-0.1 0.5,-0.1 h 0.6 z"
    />
    <g>
        <circle
            style="fill:#ffffff;stroke:#000000;stroke-width:1px"
            cy="42"
            cx="49.8"
            r="12"
        />
        <path
            style="fill:#000000;stroke:none"
            d="m 49.9,31.1 c -0.4,0 -1.2,0 -2.1,0.1 -0.8,0.1 -1.7,0.5 -2.0,0.9 -0.2,0.2 -0.1,0.8 0,1 0,0 0.3,0.3 0.6,0.4 0.3,0.1 0.6,0.3 0.6,0.2 l 0.3,0.1 v 0.3 c 0,0.2 -0.1,0.4 -0.2,0.5 -0.1,0.1 -0.1,0.2 -0.2,0.3 0,0.2 -0.1,0.5 0.3,1.2 l 0.2,0.3 -0.3,0.3 c -1.0,1.0 -1.8,2.4 -2.4,3.8 -0.5,1.4 -0.7,2.8 -0.4,3.8 0.3,1.0 1.0,1.9 1.7,2.7 0.6,0.8 1.3,1.6 1.3,2.6 0,0.5 -0.3,0.8 -0.5,1.0 -0.2,0.2 -0.3,0.2 -0.3,0.5 0,0.1 0.3,0.6 0.8,1.0 0.6,0.4 1.4,0.8 2.4,0.8 1.0,0 1.8,-0.3 2.4,-0.8 0.6,-0.4 0.8,-1.0 0.8,-1.0 0,-0.3 -0.1,-0.3 -0.3,-0.5 -0.2,-0.2 -0.5,-0.5 -0.5,-1.0 0,-1.0 0.6,-1.7 1.3,-2.6 0.6,-0.8 1.3,-1.7 1.7,-2.7 0.3,-1.0 0.2,-2.3 -0.4,-3.8 -0.5,-1.4 -1.4,-2.9 -2.5,-3.9 l -0.2,-0.2 0.1,-0.3 c 0.3,-0.7 0.3,-0.9 0.3,-1 0,-0.2 -0.3,-0.5 -0.3,-1 v -0.3 l 0.3,-0.1 c 0,0 0.3,-0.1 0.6,-0.2 0.3,-0.1 0.6,-0.3 0.6,-0.4 0.2,-0.3 0.2,-0.8 0,-1 0,-0.4 -0.8,-0.7 -1.7,-0.8 -0.8,-0.1 -1.7,-0.1 -2.1,-0.1 z m -5.4,2.8 c -0.2,0 -0.4,0.1 -0.7,0.2 -1.8,1.1 -0.5,4.6 0.1,6.3 0,-0.1 0,-0.1 0.1,-0.2 0.2,-0.5 0.4,-0.9 0.6,-1.3 -0.5,-1.3 -1.4,-3.3 -0.3,-4.0 0.5,-0.3 1.4,0.3 2,0.8 -0.1,-0.3 -0.1,-0.6 0,-0.8 -0.6,-0.5 -1.2,-1.0 -1.8,-1.0 z m 10.8,0 c -0.5,0 -1.1,0.4 -1.8,0.9 0,0.2 0.1,0.5 0,0.8 0.6,-0.5 1.4,-1.1 1.9,-0.8 1.1,0.8 0.3,2.6 -0.3,4.0 0.3,0.5 0.5,0.9 0.6,1.4 0,0 0,0.1 0,0.1 0.6,-1.8 1.8,-5.2 0,-6.3 -0.2,-0.1 -0.4,-0.2 -0.7,-0.2 z"
        />
    </g>
    <path
        style="fill:#000000;stroke:none"
        d="m 65.2,47.7 q -0.1,0.3 -0.3,0.4 -0.2,0.1 -0.4,0.1 h -0.6 l 4.8,-12.0 q 0.1,-0.3 0.3,-0.4 0.2,-0.1 0.5,-0.1 h 0.6 z"
    />
    <g>
        <circle
            style="fill:#ffffff;stroke:#000000;stroke-width:1px"
            cy="42"
            cx="84.1"
            r="12"
        />
        <path
            style="fill:#000000;stroke:none"
            d="m 81.0,34.7 c -0.8,0 -1.4,0.7 -1.4,1.4 0,0.7 0.4,1.1 1.1,1.3 l -1.4,3.3 c 0.7,0.1 1.1,0.7 1.1,1.3 0,0.8 -0.6,1.3 -1.3,1.3 -0.8,0 -1.3,-0.6 -1.3,-1.3 0,-0.6 0.3,-1.1 0.8,-1.2 l -2.0,-3.2 c 0.4,-0.3 0.6,-0.6 0.6,-1.1 0,-0.7 -0.6,-1.2 -1.2,-1.2 -0.7,0 -1.2,0.6 -1.2,1.2 0,0.7 0.6,1.2 1.2,1.2 0,0 0,0 0.1,0 l 1.7,9.1 h 12.6 l 1.7,-9.1 c 0,0 0,0 0.1,0 0.7,0 1.2,-0.6 1.2,-1.2 0,-0.7 -0.6,-1.2 -1.2,-1.2 -0.7,0 -1.2,0.6 -1.2,1.2 0,0.4 0.2,0.8 0.6,1.1 l -2.0,3.2 c 0.4,0.2 0.7,0.7 0.7,1.2 0,0.8 -0.6,1.3 -1.3,1.3 -0.8,0 -1.3,-0.6 -1.3,-1.3 0,-0.7 0.5,-1.2 1.1,-1.3 l -1.4,-3.3 c 0.6,-0.1 1.1,-0.7 1.1,-1.3 0,-0.8 -0.7,-1.4 -1.4,-1.4 -0.8,0 -1.4,0.7 -1.4,1.4 0,0.6 0.4,1.1 0.9,1.3 l -1.7,3.1 c 0.6,0.2 1.1,0.7 1.1,1.3 0,0.8 -0.7,1.4 -1.4,1.4 -0.8,0 -1.4,-0.7 -1.4,-1.4 0,-0.6 0.4,-1.1 1.0,-1.3 l -2.5,-3.0 c 0.6,-0.2 1.0,-0.7 1.0,-1.3 0,-0.8 -0.7,-1.4 -1.4,-1.4 z m -3.6,13.0 c -1.0,0.2 -1.0,1.6 0.2,1.6 h 0.3 v 0 h 11.8 v 0 h 0.3 c 1.1,0 1.1,-1.4 0.2,-1.6 z"
        />
    </g>
    <g>
        <polygon
            style="fill:#66c99c;stroke:#000000;stroke-width:2px"
            points="58.571,60.854 67.146,75.706 58.571,90.559 41.421,90.559 32.846,75.706 41.421,60.854"
        />
        <path
            style="fill:#000000;stroke:none"
            d="m 49.4,74.0 c 0,-0.3 -0.2,-0.6 -0.6,-0.6 h -0.6 c 0.7,-0.7 1.2,-1.8 1.2,-2.9 0,-0.3 -0.2,-0.6 -0.6,-0.6 h -1.2 c -0.2,0 -0.5,0 -0.8,0.1 0.1,-0.4 0.2,-0.8 0.2,-1.2 0,-1.9 -1.3,-3.3 -2.7,-4.0 -0.1,-0.1 -0.3,-0.1 -0.5,0 -1.3,0.6 -2.7,2.2 -2.7,4.0 0,0.4 0.1,0.8 0.2,1.2 -0.2,0 -0.5,-0.1 -0.8,-0.1 h -1.2 c -0.3,0 -0.6,0.2 -0.6,0.6 0,1.1 0.5,2.2 1.2,2.9 h -0.6 c -0.3,0 -0.6,0.2 -0.6,0.6 0,1.1 0.5,2.2 1.2,2.9 h -0.6 c -0.3,0 -0.6,0.2 -0.6,0.6 0,1.1 0.5,2.2 1.2,2.9 h -0.6 c -0.3,0 -0.6,0.2 -0.6,0.6 0,2.3 1.8,4.1 4.1,4.1 h 0.6 v 1.2 c 0,0.3 0.2,0.6 0.6,0.6 0.3,0 0.6,-0.2 0.6,-0.6 v -1.2 h 0.6 c 2.3,0 4.1,-1.8 4.1,-4.1 0,-0.3 -0.2,-0.6 -0.6,-0.6 H 48.1 c 0.7,-0.7 1.2,-1.8 1.2,-2.9 0,-0.3 -0.2,-0.6 -0.6,-0.6 H 48.1 c 0.7,-0.7 1.2,-1.8 1.2,-2.9 z m -5.8,0.7 c 0,0 0,0 0,0 h 0 z m 0,3.4 v 0 c 0,0 0,0 0,0 z m 1.2,0 h 0 c 0,0 0,0 0,0 z m 0,-3.4 v 0 h 0 c 0,0 0,0 0,0 z m 3.4,-3.6 c -0.2,1.3 -1.4,2.4 -2.9,2.4 h -0.5 c 0.2,-1.3 1.4,-2.4 2.9,-2.4 z m -5.8,-2.4 c 0,-1.2 0.8,-2.3 1.8,-2.9 0.9,0.5 1.8,1.6 1.8,2.9 0,0.9 -0.4,1.7 -1.0,2.3 0,0 -0.1,0.1 -0.1,0.1 -0.2,0.1 -0.4,0.3 -0.6,0.4 -0.2,-0.1 -0.4,-0.3 -0.6,-0.4 0,0 -0.1,-0.1 -0.1,-0.1 -0.6,-0.6 -1.0,-1.4 -1.0,-2.3 z m -1.8,2.4 c 1.4,0 2.6,1.0 2.9,2.4 h -0.5 c -1.4,0 -2.6,-1.0 -2.9,-2.4 z m 0,3.5 c 1.4,0 2.6,1.0 2.9,2.4 h -0.5 c -1.4,0 -2.6,-1.0 -2.9,-2.4 z m 0,3.5 c 1.4,0 2.6,1.0 2.9,2.4 h -0.5 c -1.5,0 -2.6,-1.0 -2.9,-2.4 z m 2.4,5.9 c -1.4,0 -2.6,-1.0 -2.9,-2.4 h 0.5 c 1.4,0 2.6,1.0 2.9,2.4 z m 0.5,-2.4 h 0 v 0 c 0,0 0,0 0,0 z m 1.2,0 v 0 h 0 c 0,0 0,0 0,0 z m 0.6,2.3 h -0.5 c 0.2,-1.3 1.4,-2.4 2.9,-2.4 h 0.5 c -0.2,1.3 -1.5,2.4 -2.9,2.4 z m 0,-3.5 h -0.5 c 0.2,-1.3 1.4,-2.4 2.9,-2.4 h 0.5 c -0.2,1.3 -1.5,2.4 -2.9,2.4 z m 0,-3.5 h -0.5 c 0.2,-1.3 1.4,-2.4 2.9,-2.4 h 0.5 c -0.2,1.3 -1.5,2.4 -2.9,2.4 z"
        />
    </g>
</svg>
