<svg
    xmlns="http://www.w3.org/2000/svg"
    height="100px"
    width="100px"
    viewbox="0 0 100 100"
>
    <rect
        style="fill:#fffda4;stroke:#000000;stroke-width:3px"
        x="0px"
        y="0px"
        width="100px"
        height="100px"
    />
    <g>
        <g>
            <polygon
                style="fill:#fcefde;stroke:#ff0000;stroke-width:2.5px"
                points="81.1,3.7 91.3,3.7 96.5,12.6 91.3,21.5 81.1,21.5 75.9,12.6"
            />
            <polygon
                style="fill:none;stroke:#000000;stroke-width:1px"
                points="80.5,2.7 91.9,2.7 97.6,12.6 91.9,22.5 80.5,22.5 74.8,12.6"
            />
        </g>
        <g>
            <rect
                style="fill:#ff0000;stroke:none"
                width="11.3"
                height="2.9"
                x="80.6"
                y="14.4"
            />
            <rect
                style="fill:#ff0000;stroke:none"
                width="7.1"
                height="2.9"
                x="82.7"
                y="11.1"
            />
            <rect
                style="fill:#ff0000;stroke:none"
                width="3.8"
                height="2.9"
                x="84.3"
                y="7.7"
            />
        </g>
    </g>
    <path
        style="fill:#000000;stroke:none"
        d="m 12.7,15.5 c -0.3,1.7 -0.7,3.4 -1.0,5.1 -0.6,0 -1.4,0.2 -1.6,-0.6 0,-1.0 0.4,-1.9 0.5,-2.9 0.1,-0.6 0.2,-1.1 0.3,-1.7 -1.0,0 -2.0,0 -3.0,0 -0.3,1.5 -0.6,3.0 -0.9,4.5 -0.3,0.8 -1.2,0.6 -1.9,0.6 0.3,-1.7 0.7,-3.4 1.0,-5.1 -0.7,0 -1.4,0.1 -2.0,0 -0.5,-0.3 -0.3,-1.2 -0.1,-1.5 0.8,0 1.6,0 2.4,0 0.3,-1.3 0.5,-2.6 0.8,-3.9 -0.9,0 -1.9,0 -2.8,0 0.1,-0.6 0.1,-1.5 0.9,-1.6 0.7,0 1.4,0 2.1,0 0.3,-1.5 0.6,-3.0 0.9,-4.5 0.3,-0.8 1.2,-0.6 1.9,-0.6 -0.3,1.7 -0.7,3.4 -1.0,5.1 1.0,0 2.0,0 3.0,0 0.3,-1.7 0.7,-3.4 1.0,-5.1 0.6,0.1 1.4,-0.2 1.6,0.5 0,0.9 -0.3,1.8 -0.5,2.7 -0.1,0.6 -0.3,1.3 -0.4,1.9 0.8,0 1.7,0 2.5,0 -0.1,0.6 -0.1,1.5 -0.9,1.6 -0.6,0 -1.2,0 -1.9,0 -0.3,1.3 -0.5,2.6 -0.8,3.9 0.8,0 1.6,-0.1 2.4,0.1 0.5,0.3 0.3,1.2 0.1,1.5 -0.9,0 -1.9,0 -2.8,0 z m -4.5,-1.6 c 1.0,0 2.0,0 3.0,0 0.3,-1.3 0.5,-2.68 0.8,-3.9 -1.0,0 -2.0,0 -3.0,0 -0.3,1.3 -0.5,2.6 -0.8,3.9 z"
    />
    <path
        style="fill:#000000;stroke:none"
        d="m 24.2,3.2 c 2.1,-0.1 4.4,1.2 5.0,3.4 0.6,2.1 -0.3,4.3 -1.7,5.9 -2.0,2.2 -4.1,4.3 -6.2,6.4 1.7,-0.5 3.5,-0.2 5.3,-0.3 0.9,0 1.8,-0.1 2.7,0 0.7,0.3 0.4,1.2 0.4,1.7 0.1,0.5 -0.6,0.1 -0.9,0.2 -3.5,0 -7.0,0 -10.5,0 0,-0.7 0,-1.4 0.6,-1.8 2.2,-2.2 4.5,-4.4 6.6,-6.7 1.3,-1.4 2.3,-3.6 1.5,-5.5 -0.9,-1.8 -3.6,-2.0 -5.1,-0.7 -0.8,0.5 -0.8,1.7 -1.4,2.3 -0.6,0.2 -1.2,-0.1 -1.8,-0.1 0.2,-2.2 1.8,-4.2 3.9,-4.6 0.6,-0.1 1.1,-0.2 1.7,-0.2 z"
    />
    <path
        style="fill:#000000;stroke:none"
        d="m 45.1,81.3 c -5.2,0 -10.2,-2.1 -13.8,-5.7 -3.7,-3.7 -5.7,-8.6 -5.7,-13.8 0,-5.2 2.1,-10.2 5.7,-13.8 3.7,-3.7 8.6,-5.7 13.8,-5.7 5.2,0 10.2,2.1 13.8,5.7 3.7,3.7 5.7,8.6 5.7,13.8 H 54.9 L 70.5,85.2 86.2,61.8 h -9.8 c 0,-8.3 -3.3,-16.2 -9.2,-22.1 -5.9,-5.9 -13.8,-9.2 -22.1,-9.2 -8.3,0 -16.2,3.3 -22.1,9.2 -5.9,5.9 -9.2,13.8 -9.2,22.1 0,8.3 3.3,16.2 9.2,22.1 5.9,5.9 13.8,9.2 22.1,9.2 z"
    />
</svg>
