<svg
    xmlns="http://www.w3.org/2000/svg" 
    height="62.622px"
    width="72.309px"
    viewbox="0 0 72.309 62.622"
>
    <polygon
        style="fill:#b8acac;stroke:#000000;stroke-width:2px"
        points="71.131,31.311 53.631,61.622 18.631,61.622 1.131,31.311 18.631,1.0 53.631,1.000"
    />
    <path
        style="fill:#000000;stroke:none"
        d="m 29.6,14.0 c -1.8,0 -3.3,1.5 -3.3,3.3 0,1.5 1.0,2.8 2.5,3.2 l -3.4,7.8 c 1.5,0.3 2.6,1.6 2.6,3.2 0,1.8 -1.4,3.2 -3.2,3.2 -1.8,0 -3.2,-1.4 -3.2,-3.2 0,-1.3 0.7,-2.4 1.8,-2.9 l -4.8,-7.5 c 0.8,-0.6 1.3,-1.4 1.3,-2.5 0,-1.7 -1.4,-3.0 -3.0,-3.0 -1.7,0 -3.0,1.4 -3.0,3.0 0,1.7 1.4,3 3.0,3.0 0.1,0 0.1,0 0.2,0 l 4,21.5 h 30.0 l 4.0,-21.5 c 0.1,0 0.1,0 0.2,0 1.7,0 3.0,-1.4 3.0,-3.0 0,-1.7 -1.4,-3.0 -3.0,-3.0 -1.7,0 -3.0,1.4 -3.0,3.0 0,1.0 0.5,1.9 1.3,2.5 l -4.8,7.5 c 1.0,0.5 1.7,1.6 1.7,2.9 0,1.8 -1.4,3.2 -3.2,3.2 -1.8,0 -3.2,-1.4 -3.2,-3.2 0,-1.6 1.2,-3.0 2.8,-3.2 l -3.3,-7.7 c 1.4,-0.3 2.5,-1.6 2.5,-3.2 0,-1.8 -1.5,-3.3 -3.3,-3.3 -1.8,0 -3.3,1.5 -3.3,3.3 0,1.4 0.9,2.6 2.1,3.1 l -4.2,7.2 c 1.4,0.4 2.4,1.7 2.4,3.2 0,1.9 -1.5,3.4 -3.4,3.4 -1.9,0 -3.4,-1.5 -3.4,-3.4 0,-1.4 0.9,-2.7 2.2,-3.2 l -4.2,-7.3 c 1.3,-0.5 2.2,-1.7 2.2,-3.1 0,-1.8 -1.5,-3.3 -3.3,-3.3 z m -8.6,30.9 c -2.3,0.4 -2.2,3.8 0.4,3.8 h 0.6 v 0 h 27.9 v 0 h 0.7 c 2.5,0 2.6,-3.4 0.4,-3.8 h -30.1 z"
    />
</svg>
