<svg
    xmlns="http://www.w3.org/2000/svg" 
    height="62.621777px"
    width="72.309402px"
    viewbox="0 0 72.309402 62.621777"
>
    <polygon
        style="fill:#66c99c;stroke:#000000;stroke-width:2px"
        points="71.1307734,31.310889132455344 53.6307734,61.621778264910695 18.6307734,61.6217782649107 1.1307734,31.310889132455348 18.6307734,1.0 53.6307734,0.9999999999999929"
    />
    <path
        style="fill:#000000;stroke:none"
        d="m 34.8,27.7 c 0,-0.7 -0.5,-1.2 -1.2,-1.2 h -1.3 c 1.5,-1.5 2.5,-3.6 2.5,-5.9 0,-0.7 -0.5,-1.2 -1.2,-1.2 h -2.4 c -0.5,0 -1.1,0.1 -1.6,0.2 0.3,-0.8 0.4,-1.6 0.4,-2.5 0,-3.8 -2.7,-6.8 -5.4,-8.2 -0.3,-0.2 -0.7,-0.2 -1.1,0 -2.7,1.3 -5.4,4.4 -5.4,8.2 0,0.9 0.2,1.7 0.4,2.5 -0.5,-0.1 -1.1,-0.2 -1.6,-0.2 h -2.4 c -0.7,0 -1.2,0.5 -1.2,1.2 0,2.3 1.0,4.4 2.5,5.9 h -1.3 c -0.7,0 -1.2,0.5 -1.2,1.2 0,2.3 1.0,4.4 2.5,5.9 h -1.3 c -0.7,0 -1.2,0.5 -1.2,1.2 0,2.3 1.0,4.4 2.5,5.9 h -1.3 c -0.7,0 -1.2,0.5 -1.2,1.2 0,4.6 3.7,8.3 8.3,8.3 h 1.2 v 2.4 c 0,0.7 0.5,1.2 1.2,1.2 0.7,0 1.2,-0.5 1.2,-1.2 v -2.4 h 1.2 c 4.6,0 8.3,-3.7 8.3,-8.3 0,-0.7 -0.5,-1.2 -1.2,-1.2 h -1.3 c 1.5,-1.5 2.5,-3.6 2.5,-5.9 0,-0.7 -0.5,-1.2 -1.2,-1.2 h -1.3 c 1.5,-1.5 2.5,-3.6 2.5,-5.9 z M 23.0,29.1 c 0,0 -0.1,-0.1 -0.1,-0.1 l 0.1,0 z m 0,7.0 v 0.1 c 0,0 -0.1,-0.1 -0.1,-0.1 z m 2.4,0 h 0.1 c 0,0 -0.1,0.1 -0.1,0.1 z m 0,-7.0 v -0.1 h 0.1 c 0,0 -0.1,0.1 -0.1,0.1 z m 7.0,-7.3 c -0.5,2.7 -2.9,4.8 -5.8,4.8 h -1.1 c 0.5,-2.7 2.9,-4.8 5.8,-4.8 z M 20.6,17.0 c 0,-2.5 1.7,-4.6 3.6,-5.8 1.8,1.1 3.6,3.2 3.6,5.8 0,1.8 -0.9,3.5 -2.1,4.6 -0.1,0.1 -0.2,0.2 -0.2,0.2 -0.4,0.3 -0.8,0.7 -1.2,0.9 -0.4,-0.2 -0.8,-0.6 -1.2,-0.9 -0.1,-0.1 -0.2,-0.2 -0.2,-0.2 -1.2,-1.2 -2.1,-2.8 -2.1,-4.6 z m -3.6,4.8 c 2.9,0 5.3,2.0 5.8,4.8 l -1.1,0 c -2.9,0 -5.3,-2.0 -5.8,-4.8 z m 0,7.1 c 2.9,0 5.3,2.0 5.8,4.8 l -1.1,0 c -2.9,0 -5.3,-2.0 -5.8,-4.8 z m 0,7.1 c 2.9,0 5.3,2.0 5.8,4.8 l -1.1,0 c -3.0,0 -5.3,-2.0 -5.8,-4.8 z m 4.8,11.9 c -2.9,0 -5.3,-2.0 -5.8,-4.8 l 1.1,0 c 2.9,0 5.3,2.0 5.8,4.8 z m 1.1,-4.8 h 0.1 v 0.1 c 0,0 -0.1,-0.1 -0.1,-0.1 z m 2.5,0.1 V 43.2 h 0.1 c 0,0 -0.1,0.1 -0.1,0.1 z m 1.2,4.6 h -1.1 c 0.5,-2.7 2.9,-4.8 5.8,-4.8 h 1.1 c -0.5,2.7 -3.0,4.8 -5.8,4.8 z m 0,-7.1 h -1.1 c 0.5,-2.7 2.9,-4.8 5.8,-4.8 h 1.1 c -0.5,2.7 -3.0,4.8 -5.8,4.8 z m 0,-7.1 h -1.1 c 0.5,-2.7 2.9,-4.8 5.8,-4.8 h 1.1 c -0.5,2.7 -3.0,4.8 -5.8,4.8 z"
    />
    <path
        style="fill:#000000;stroke:none"
        d="m 57.3,18.5 q 0,0.8 -0.5,1.3 -0.5,0.5 -1.6,0.5 h -9.0 l -1.3,7.5 q 1.1,-0.3 2.1,-0.4 1.0,-0.1 2.0,-0.1 2.2,0 4.0,0.7 1.7,0.7 2.9,1.8 1.2,1.2 1.7,2.7 0.6,1.6 0.6,3.4 0,2.3 -0.8,4.1 -0.8,1.8 -2.2,3.2 -1.4,1.3 -3.3,2.0 -1.9,0.7 -4.1,0.7 -1.3,0 -2.4,-0.3 -1.2,-0.2 -2.2,-0.7 -1.0,-0.4 -1.9,-1.0 -0.9,-0.5 -1.5,-1.1 l 1.1,-1.5 q 0.4,-0.5 0.9,-0.5 0.4,0 0.9,0.3 0.5,0.3 1.2,0.7 0.7,0.4 1.7,0.7 1.0,0.3 2.3,0.3 1.5,0 2.7,-0.5 1.2,-0.5 2.1,-1.4 0.9,-0.9 1.3,-2.1 0.5,-1.2 0.5,-2.8 0,-1.3 -0.4,-2.4 -0.4,-1.1 -1.2,-1.8 -0.8,-0.8 -2.0,-1.2 -1.2,-0.4 -2.8,-0.4 -1.1,0 -2.3,0.2 -1.2,0.2 -2.4,0.6 l -2.2,-0.7 2.3,-13.4 h 13.6 z"
    />
</svg>
