<svg
    xmlns="http://www.w3.org/2000/svg"
    height="62.622px"
    width="72.309px"
    viewbox="0 0 72.309 62.622"
>
    <path
        style="fill:#dddddd;stroke:#000000;stroke-width:0.2px"
        d="m 56.4,32.5 c -1.3,-1.0 -3.1,-0.9 -4.2,0.3 l -5.8,6.2 V 10.4 c 0,-1.5 -1.3,-2.8 -3.0,-2.8 -1.7,0 -3.0,1.2 -3.0,2.8 V 28.9 H 38.5 V 4.4 c 0,-1.5 -1.3,-2.8 -3.0,-2.8 -1.7,0 -3.0,1.2 -3.0,2.8 V 28.9 H 31.1 L 31.1,8.0 c 0,-1.5 -1.3,-2.8 -3.0,-2.8 -1.7,0 -3.0,1.2 -3.0,2.8 V 28.9 h -1.2 v -15.3 c 0,-1.5 -1.3,-2.8 -3.0,-2.8 -1.7,0 -3.0,1.2 -3.0,2.8 V 45.1 c 0,10.5 2.6,16.4 14.3,16.4 9.5,0 12.6,-4.6 14.2,-6.7 L 57.0,36.5 c 1.1,-1.8 0.6,-3.1 -0.6,-4.1 z"
    />
</svg>
