<svg
    xmlns="http://www.w3.org/2000/svg" 
    height="62.622px"
    width="72.309px"
    viewbox="0 0 72.309 62.622"
>
    <circle
        style="fill:#bgcolor;stroke:#000000;stroke-width:1px"
        cy="31.311"
        cx="36.155"
        r="28"
    />
    <g>
        <path
            style="fill:#fgcolor;stroke:none"
            d="m 17.5,40.3 -1.0,-1.0 c -0.3,-0.3 -0.3,-0.7 0,-1.0 L 45.1,9.6 c 0.3,-0.3 0.7,-0.3 1.0,0 l 1.0,1.0 c 0.3,0.3 0.3,0.7 0,1.0 L 18.5,40.3 c -0.3,0.3 -0.7,0.3 -1.0,0 z"
        />
        <path
            style="fill:#fgcolor;stroke:none"
            d="m 56.1,46.3 v 2.9 l -40.0,0 v -2.9 h 12.0 c 1.6,-4.3 2.3,-8.5 2.3,-12.3 0,-0.2 0.3,-0.4 0.5,-0.2 1.7,1.3 3.8,3.9 4.5,8.2 2.0,-2.3 2.1,-4.8 2.1,-7.7 0,-0.3 0.4,-0.4 0.5,-0.2 1.4,2.1 2.6,5.3 3.0,7.9 2.6,-3.1 4.1,-6.6 4.9,-10.5 0.1,-0.3 0.4,-0.4 0.6,-0.1 2.0,4.2 2.4,9.3 2.4,14.9 z"
        />
        <path
            style="fill:#fgcolor;stroke:none"
            d="m 54.8,36.9 c -0.1,0.1 -0.3,0.1 -0.3,0 -1.8,-8.0 -7.0,-14.4 -11.0,-18.6 l 5.1,-5.1 c 0,0 0,0 0,0 5.0,5.7 9.9,13.9 6.1,23.7 z"
        />
    </g>
</svg>
