<svg
    xmlns="http://www.w3.org/2000/svg" 
    height="62.622px"
    width="72.309px"
    viewbox="0 0 72.309 62.622"
>
    <polygon
        style="fill:#b8acac;stroke:#000000;stroke-width:2px"
        points="71.131,31.311 53.631,61.622 18.631,61.622 1.131,31.311 18.631,1.000 53.631,1.000"
    />
    <path
        style="fill:#000000;stroke:none"
        d="m 18.8,19.1 c -1.2,0 -2.2,1.0 -2.2,2.2 0,1.0 0.7,1.8 1.6,2.1 l -2.2,5.1 c 1.0,0.2 1.7,1.0 1.7,2.1 0,1.2 -0.9,2.1 -2.1,2.1 -1.2,0 -2.1,-0.9 -2.1,-2.1 0,-0.9 0.5,-1.6 1.2,-1.9 l -3.1,-4.9 c 0.5,-0.4 0.9,-0.9 0.9,-1.6 0,-1.1 -0.9,-2.0 -2.0,-2.0 -1.1,0 -2.0,0.9 -2.0,2.0 0,1.1 0.9,2.0 2.0,2.0 0.1,0 0.1,0 0.1,0 l 2.6,14.1 H 32.8 l 2.6,-14.1 c 0.1,0 0.1,0 0.1,0 1.1,0 2.0,-0.9 2.0,-2.0 0,-1.1 -0.9,-2.0 -2.0,-2.0 -1.1,0 -2.0,0.9 -2.0,2.0 0,0.7 0.3,1.2 0.9,1.6 l -3.1,4.9 c 0.7,0.3 1.1,1.0 1.1,1.9 0,1.2 -0.9,2.1 -2.1,2.1 -1.2,0 -2.1,-0.9 -2.1,-2.1 0,-1.0 0.8,-2.0 1.8,-2.1 l -2.2,-5.0 c 0.9,-0.2 1.6,-1.0 1.6,-2.1 0,-1.2 -1.0,-2.2 -2.2,-2.2 -1.2,0 -2.2,1.0 -2.2,2.2 0,0.9 0.6,1.7 1.4,2.0 l -2.7,4.7 c 0.9,0.3 1.6,1.1 1.6,2.1 0,1.2 -1.0,2.2 -2.2,2.2 -1.2,0 -2.2,-1.0 -2.2,-2.2 0,-0.9 0.6,-1.8 1.4,-2.1 l -2.7,-4.8 c 0.9,-0.3 1.4,-1.1 1.4,-2.0 0,-1.2 -1.0,-2.2 -2.2,-2.2 z m -5.6,20.2 c -1.5,0.3 -1.4,2.5 0.3,2.5 h 0.4 v 0 h 18.3 v 0 h 0.5 c 1.6,0 1.7,-2.2 0.3,-2.5 H 13.1 Z"
    />
    <path
        style="fill:#000000;stroke:none"
        d="m 65.9,26.6 -8.9,6.4 3.4,10.4 c 0.1,0.2 0,0.4 -0.1,0.4 -0.1,0.1 -0.3,0.1 -0.5,0 l -8.8,-6.4 -8.9,6.4 c -0.1,0.1 -0.3,0.1 -0.5,0 -0.1,-0.1 -0.2,-0.3 -0.1,-0.4 l 3.4,-10.4 -8.9,-6.4 c -0.1,-0.1 -0.2,-0.3 -0.1,-0.4 0.1,-0.2 0.2,-0.3 0.4,-0.3 h 10.9 l 3.4,-10.4 c 0.1,-0.2 0.2,-0.3 0.4,-0.3 0.2,0 0.3,0.1 0.4,0.3 l 3.4,10.4 h 10.9 c 0.2,0 0.3,0.1 0.4,0.3 0.1,0.2 0,0.4 -0.1,0.4 z"
    />
</svg>
