<svg
    xmlns="http://www.w3.org/2000/svg" 
    height="62.622px"
    width="72.309px"
    viewbox="0 0 72.309 62.622"
>
    <circle
        style="fill:#bgcolor;stroke:#000000;stroke-width:1px"
        cy="31.311"
        cx="36.155"
        r="28"
    />
    <path
        style="fill:#fgcolor;stroke:none"
        d="m 36.2,5.3 c -0.9,0 -2.9,0 -5.0,0.3 -2.0,0.3 -4.0,1.1 -4.8,2.1 -0.4,0.5 -0.3,1.8 0.1,2.4 0.1,0.1 0.8,0.6 1.5,0.9 0.7,0.3 1.4,0.4 1.4,0.4 l 0.8,0.2 v 0.8 c 0,0.5 -0.2,1.0 -0.4,1.3 -0.2,0.3 -0.3,0.5 -0.4,0.8 -0.1,0.5 -0.2,1.2 0.6,2.8 l 0.4,0.7 -0.8,0.7 c -2.4,2.5 -4.4,5.8 -5.7,9.1 -1.3,3.4 -1.6,6.7 -0.9,9.0 0.8,2.4 2.5,4.5 4.0,6.5 1.5,2.0 3.1,3.9 3.1,6.1 0,1.2 -0.7,2.0 -1.2,2.5 -0.4,0.4 -0.6,0.5 -0.6,1.1 0,0.2 0.6,1.5 2.0,2.5 1.4,1.0 3.4,1.8 5.8,1.8 2.4,0 4.4,-0.8 5.8,-1.8 1.4,-1.0 2.0,-2.3 2.0,-2.5 0,-0.6 -0.2,-0.6 -0.6,-1.1 -0.4,-0.4 -1.2,-1.3 -1.2,-2.5 0,-2.3 1.5,-4.1 3.1,-6.1 1.5,-2.0 3.2,-4.1 4.0,-6.5 0.8,-2.3 0.4,-5.6 -0.9,-9.0 -1.3,-3.4 -3.4,-6.8 -5.9,-9.3 l -0.5,-0.5 0.3,-0.6 c 0.8,-1.6 0.7,-2.1 0.6,-2.5 -0.1,-0.4 -0.7,-1.1 -0.7,-2.3 v -0.8 l 0.8,-0.2 c 0,0 0.7,-0.2 1.4,-0.4 0.7,-0.3 1.5,-0.8 1.5,-0.9 0.4,-0.6 0.4,-1.9 0.1,-2.4 -0.8,-1.1 -2.8,-1.8 -4.8,-2.1 -2.0,-0.3 -4.1,-0.3 -5.0,-0.3 z M 23.2,12.0 c -0.5,0 -1.0,0.2 -1.6,0.5 -4.2,2.7 -1.2,10.9 0.2,15.1 0.1,-0.2 0.1,-0.3 0.2,-0.5 0.4,-1.1 0.9,-2.2 1.5,-3.2 -1.3,-3.2 -3.4,-7.9 -0.8,-9.6 1.2,-0.8 3.3,0.7 4.8,2.0 -0.2,-0.7 -0.2,-1.4 -0.1,-1.9 -1.4,-1.3 -2.9,-2.3 -4.2,-2.3 z m 25.8,0 c -1.3,0 -2.7,0.9 -4.2,2.2 0.1,0.5 0.2,1.1 0,1.8 1.5,-1.3 3.4,-2.6 4.6,-1.8 2.6,1.8 0.6,6.3 -0.7,9.5 0.6,1.1 1.1,2.2 1.5,3.4 0,0.1 0.1,0.2 0.1,0.3 1.4,-4.3 4.2,-12.3 0.1,-15.0 -0.5,-0.3 -1.0,-0.5 -1.6,-0.5 z"
    />
</svg>
