<svg
    xmlns="http://www.w3.org/2000/svg"
    height="100px"
    width="100px"
    viewbox="0 0 100 100"
>
    <rect
        style="fill:#fffda4;stroke:#000000;stroke-width:3px"
        x="0px"
        y="0px"
        width="100px"
        height="100px"
    />
    <g>
        <g>
            <polygon
                style="fill:#fcefde;stroke:#ff0000;stroke-width:2.5px"
                points="81.1,3.7 91.3,3.7 96.5,12.6 91.3,21.5 81.1,21.5 75.9,12.6"
            />
            <polygon
                style="fill:none;stroke:#000000;stroke-width:1px"
                points="80.5,2.7 91.9,2.7 97.6,12.6 91.9,22.5 80.5,22.5 74.8,12.6"
            />
        </g>
        <g>
            <rect
                style="fill:#ff0000;stroke:none"
                width="11.3"
                height="2.9"
                x="80.6"
                y="14.4"
            />
            <rect
                style="fill:#ff0000;stroke:none"
                width="7.1"
                height="2.9"
                x="82.7"
                y="11.1"
            />
            <rect
                style="fill:#ff0000;stroke:none"
                width="3.8"
                height="2.9"
                x="84.3"
                y="7.7"
            />
        </g>
    </g>
    <path
        style="fill:#000000;stroke:none"
        d="m 12.7,15.5 c -0.3,1.7 -0.7,3.4 -1.0,5.1 -0.6,0 -1.4,0.2 -1.6,-0.6 0,-1.0 0.4,-1.9 0.5,-2.9 0.1,-0.6 0.2,-1.1 0.3,-1.7 -1.0,0 -2.0,0 -3.0,0 -0.3,1.5 -0.6,3.0 -0.9,4.5 -0.3,0.8 -1.2,0.6 -1.9,0.6 0.3,-1.7 0.7,-3.4 1.0,-5.1 -0.7,0 -1.4,0.1 -2.0,0 -0.5,-0.3 -0.3,-1.2 -0.1,-1.5 0.8,0 1.6,0 2.4,0 0.3,-1.3 0.5,-2.6 0.8,-3.9 -0.9,0 -1.9,0 -2.8,0 0.1,-0.6 0.1,-1.5 0.9,-1.6 0.7,0 1.4,0 2.1,0 0.3,-1.5 0.6,-3.0 0.9,-4.5 0.3,-0.8 1.2,-0.6 1.9,-0.6 -0.3,1.7 -0.7,3.4 -1.0,5.1 1.0,0 2.0,0 3.0,0 0.3,-1.7 0.7,-3.4 1.0,-5.1 0.6,0.1 1.4,-0.2 1.6,0.5 0,0.9 -0.3,1.8 -0.5,2.7 -0.1,0.6 -0.3,1.3 -0.4,1.9 0.8,0 1.7,0 2.5,0 -0.1,0.6 -0.1,1.5 -0.9,1.6 -0.6,0 -1.2,0 -1.9,0 -0.3,1.3 -0.5,2.6 -0.8,3.9 0.8,0 1.6,-0.1 2.4,0.1 0.5,0.3 0.3,1.2 0.1,1.5 -0.9,0 -1.9,0 -2.8,0 z m -4.5,-1.6 c 1.0,0 2.0,0 3.0,0 0.3,-1.3 0.5,-2.6 0.8,-3.9 -1.0,0 -2.0,0 -3.0,0 -0.3,1.3 -0.5,2.6 -0.8,3.9 z"
    />
    <path
        style="fill:#000000;stroke:none"
        d="m 30.1,3.3 c 0,0.8 0,1.7 -0.5,2.5 -2.3,4.7 -4.7,9.4 -7.0,14.1 -0.5,0.9 -1.6,0.5 -2.4,0.6 -0.5,0 0.2,-0.6 0.2,-0.8 2.3,-4.6 4.7,-9.2 7.0,-13.8 0.6,-0.6 0.4,-0.7 -0.3,-0.6 -2.7,0 -5.5,0 -8.2,0 -0.7,-0.1 -0.5,-1.0 -0.5,-1.5 -0.2,-0.5 0.2,-0.6 0.6,-0.5 3.7,0 7.4,0 11.0,0 z"
    />
    <polygon
        style="fill:#b8acac;stroke:#000000;stroke-width:2px"
        points="31.571,27.854 40.146,42.706 31.571,57.559 14.421,57.559 5.846,42.706 14.421,27.854"
    />
    <polygon
        style="fill:#b8acac;stroke:#000000;stroke-width:2px"
        points="31.571,62.854 40.146,77.706 31.571,92.559 14.421,92.559 5.846,77.706 14.421,62.854"
    />
    <path
        style="fill:#000000;stroke:none"
        d="m 37.75,86.155144 h 2.392578 q 4.785156,0 6.220703,-1.469727 1.469727,-1.469726 1.469727,-6.357422 v -8.476562 q 0,-5.332031 1.538086,-7.758789 1.538086,-2.426758 5.332031,-3.34961 -3.793945,-0.854492 -5.332031,-3.28125 -1.538086,-2.426757 -1.538086,-7.792968 v -8.476563 q 0,-4.853516 -1.469727,-6.323242 -1.435547,-1.503906 -6.220703,-1.503906 H 37.75 v -4.887696 h 2.15332 q 8.510742,0 11.347657,2.529297 2.871093,2.495117 2.871093,10.048828 v 8.203125 q 0,5.092774 1.845703,7.075196 1.845704,1.948242 6.699219,1.948242 h 2.119141 v 4.887695 h -2.119141 q -4.853515,0 -6.699219,1.982422 -1.845703,1.982422 -1.845703,7.143555 v 8.168945 q 0,7.553711 -2.871093,10.083008 -2.836915,2.529297 -11.347657,2.529297 H 37.75 Z"
    />
    <path
        style="fill:#000000;stroke:none"
        d="m 74.3,52.9 v 5.1 h 4.9 v 1.6 h -4.9 v 5.2 h -1.7 v -5.2 h -4.9 v -1.6 h 4.9 v -5.1 z"
    />
    <path
        style="fill:#000000;stroke:none"
        d="m 83.4,65.2 h 3.7 v -11.7 q 0,-0.5 0,-1.1 l -3.1,2.6 q -0.2,0.1 -0.3,0.2 -0.2,0 -0.3,0 -0.1,0 -0.3,-0.1 -0.1,-0.1 -0.2,-0.2 l -0.7,-0.9 5.1,-4.4 h 1.7 v 15.6 h 3.4 v 1.6 h -9.2 z"
    />
</svg>
