<svg
    xmlns="http://www.w3.org/2000/svg" 
    height="62.622px"
    width="72.309px"
    viewbox="0 0 72.309 62.622"
>
    <polygon
        style="fill:#b8acac;stroke:#000000;stroke-width:2px"
        points="71.131,31.311 53.631,61.622 18.631,61.622 1.131,31.311 18.631,1.000 53.631,1.000"
    />
    <path
        style="fill:#000000;stroke:none"
        d="m 59.7,26.6 -14.0,10.1 5.4,16.4 c 0.1,0.3 0,0.6 -0.2,0.7 -0.2,0.2 -0.5,0.2 -0.8,0 l -13.9,-10.1 -14.0,10.1 c -0.2,0.2 -0.5,0.2 -0.8,0 -0.2,-0.2 -0.3,-0.5 -0.2,-0.7 l 5.4,-16.4 -14.0,-10.1 c -0.2,-0.2 -0.3,-0.5 -0.2,-0.7 0.1,-0.3 0.3,-0.4 0.6,-0.4 h 17.2 l 5.3,-16.4 c 0.1,-0.3 0.3,-0.4 0.6,-0.4 0.3,0 0.5,0.2 0.6,0.4 l 5.3,16.4 h 17.2 c 0.3,0 0.5,0.2 0.6,0.4 0.1,0.3 0,0.6 -0.2,0.7 z"
    />
</svg>
