<svg
    xmlns="http://www.w3.org/2000/svg"
    height="100px"
    width="100px"
    viewbox="0 0 100 100"
>
    <rect
        style="fill:#fffda4;stroke:#000000;stroke-width:3px"
        x="0px"
        y="0px"
        width="100px"
        height="100px"
    />
    <g>
        <g>
            <polygon
                style="fill:#fcefde;stroke:#ff0000;stroke-width:2.5px"
                points="81.1,3.7 91.3,3.7 96.5,12.6 91.3,21.5 81.1,21.5 75.9,12.6"
            />
            <polygon
                style="fill:none;stroke:#000000;stroke-width:1px"
                points="80.5,2.7 91.9,2.7 97.6,12.6 91.9,22.5 80.5,22.5 74.8,12.6"
            />
        </g>
        <g>
            <rect
                style="fill:#ff0000;stroke:none"
                width="11.3"
                height="2.9"
                x="80.6"
                y="14.4"
            />
            <rect
                style="fill:#ff0000;stroke:none"
                width="7.1"
                height="2.9"
                x="82.7"
                y="11.1"
            />
            <rect
                style="fill:#ff0000;stroke:none"
                width="3.8"
                height="2.9"
                x="84.3"
                y="7.7"
            />
        </g>
    </g>
    <path
        style="fill:#000000;stroke:none"
        d="m 12.7,15.5 c -0.3,1.7 -0.7,3.4 -1.0,5.1 -0.6,0 -1.4,0.2 -1.6,-0.6 0,-1.0 0.4,-1.9 0.5,-2.9 0.1,-0.6 0.2,-1.1 0.3,-1.7 -1.0,0 -2.0,0 -3.0,0 -0.3,1.5 -0.6,3.0 -0.9,4.5 -0.3,0.8 -1.2,0.6 -1.9,0.6 0.3,-1.7 0.7,-3.4 1.0,-5.1 -0.7,0 -1.4,0.1 -2.0,0 -0.5,-0.3 -0.3,-1.2 -0.1,-1.5 0.8,0 1.6,0 2.4,0 0.3,-1.3 0.5,-2.6 0.8,-3.9 -0.9,0 -1.9,0 -2.8,0 0.1,-0.6 0.1,-1.5 0.9,-1.6 0.7,0 1.4,0 2.1,0 0.3,-1.5 0.6,-3.0 0.9,-4.5 0.3,-0.8 1.2,-0.6 1.9,-0.6 -0.3,1.7 -0.7,3.4 -1.0,5.1 1.0,0 2.0,0 3.0,0 0.3,-1.7 0.7,-3.4 1.0,-5.1 0.6,0.1 1.4,-0.2 1.6,0.5 0,0.9 -0.3,1.8 -0.5,2.7 -0.1,0.6 -0.3,1.3 -0.4,1.9 0.8,0 1.7,0 2.5,0 -0.1,0.6 -0.1,1.5 -0.9,1.6 -0.6,0 -1.2,0 -1.9,0 -0.3,1.3 -0.5,2.6 -0.8,3.9 0.8,0 1.6,-0.1 2.4,0.1 0.5,0.3 0.3,1.2 0.1,1.5 -0.9,0 -1.9,0 -2.8,0 z m -4.5,-1.6 c 1.0,0 2.0,0 3.0,0 0.3,-1.3 0.5,-2.6 0.8,-3.9 -1.0,0 -2.0,0 -3.0,0 -0.3,1.3 -0.5,2.6 -0.8,3.9 z"
    />
    <path
        style="fill:#000000;stroke:none"
        d="m 25.5,13.7 c 0.3,-0.4 1.4,-1.8 0.4,-0.9 -2.3,1.4 -5.7,0.8 -6.9,-1.7 -1.3,-2.4 -0.5,-5.7 1.9,-7.1 2.5,-1.5 6.2,-1.0 7.8,1.5 1.5,2.4 0.9,5.5 -0.6,7.7 -1.6,2.3 -3.2,4.7 -4.8,7.0 -0.7,0.6 -1.6,0.3 -2.4,0.4 -0.6,0.1 -0.5,-0.1 -0.2,-0.5 1.6,-2.1 3.2,-4.2 4.9,-6.4 z m 2.0,-5.2 c 0.1,-1.6 -1.1,-3.2 -2.7,-3.5 -1.7,-0.4 -3.8,0.7 -4.2,2.5 -0.4,1.6 0.2,3.6 1.9,4.1 1.8,0.6 4.1,0 4.8,-1.9 0.2,-0.4 0.2,-0.8 0.2,-1.3 z"
    />
    <g>
        <polygon
            style="fill:#67a7c4;stroke:#000000;stroke-width:2px"
            points="33.271,75.938 27.747,66.369 33.271,56.801 44.320,56.801 49.845,66.369 44.320,75.938"
        />
        <polygon
            style="fill:#67a7c4;stroke:#000000;stroke-width:2px"
            points="44.32,75.938 49.845,85.506 44.320,95.075 33.271,95.075 27.747,85.506 33.271,75.938"
        />
        <polygon
            style="fill:#67a7c4;stroke:#000000;stroke-width:2px"
            points="60.894,66.369 49.845,66.369 44.321,56.800 49.845,47.232 60.894,47.232 66.419,56.800"
        />
        <polygon
            style="fill:#67a7c4;stroke:#000000;stroke-width:2px"
            points="49.845,47.232 44.321,37.663 49.845,28.095 60.894,28.095 66.419,37.663 60.894,47.232"
        />
        <polygon
            style="fill:#67a7c4;stroke:#000000;stroke-width:2px"
            points="60.894,28.095 49.845,28.095 44.321,18.526 49.845,8.958 60.894,8.958 66.419,18.526"
        />
    </g>
</svg>
