<svg
    xmlns="http://www.w3.org/2000/svg" 
    height="62.622px"
    width="72.309px"
    viewbox="0 0 72.309 62.622"
>
    <polygon
        style="fill:#b8acac;stroke:#000000;stroke-width:2px"
        points="71.131,31.311 53.631,61.622 18.631,61.622 1.131,31.311 18.631,1.000 53.631,1.000"
    />
    <path
        style="fill:#000000;stroke:none"
        d="m 37.6,26.4 -8.9,6.4 3.4,10.4 c 0.1,0.2 0,0.4 -0.1,0.4 -0.1,0.1 -0.3,0.1 -0.5,0 l -8.8,-6.4 -8.9,6.4 c -0.1,0.1 -0.3,0.1 -0.5,0 -0.1,-0.1 -0.2,-0.3 -0.1,-0.4 l 3.4,-10.4 -8.9,-6.4 c -0.1,-0.1 -0.2,-0.3 -0.1,-0.4 0.1,-0.2 0.2,-0.3 0.4,-0.3 H 18.9 L 22.3,15.3 c 0.1,-0.2 0.2,-0.3 0.4,-0.3 0.2,0 0.3,0.1 0.4,0.3 l 3.4,10.4 h 10.9 c 0.2,0 0.3,0.1 0.4,0.3 0.1,0.2 0,0.4 -0.1,0.4 z"
    />
    <path
        style="fill:#000000;stroke:none"
        d="m 48.5,15.0 c -0.5,0 -1.7,0 -2.9,0.2 -1.1,0.2 -2.3,0.6 -2.8,1.2 -0.2,0.3 -0.2,1.0 0.1,1.4 0.1,0.1 0.5,0.3 0.9,0.5 0.4,0.2 0.8,0.2 0.8,0.2 l 0.5,0.1 v 0.5 c 0,0.3 -0.1,0.6 -0.2,0.7 -0.1,0.2 -0.2,0.3 -0.2,0.5 -0.1,0.3 -0.1,0.7 0.3,1.6 l 0.2,0.4 -0.5,0.4 c -1.4,1.4 -2.5,3.3 -3.3,5.2 -0.7,1.9 -0.9,3.8 -0.5,5.2 0.5,1.4 1.4,2.6 2.3,3.7 0.9,1.1 1.8,2.2 1.8,3.5 0,0.7 -0.4,1.1 -0.7,1.4 -0.2,0.2 -0.3,0.3 -0.3,0.6 0,0.1 0.3,0.9 1.1,1.4 0.8,0.6 1.9,1.0 3.3,1.0 1.4,0 2.5,-0.5 3.3,-1.0 0.8,-0.6 1.1,-1.3 1.1,-1.4 0,-0.3 -0.1,-0.3 -0.3,-0.6 -0.2,-0.2 -0.7,-0.7 -0.7,-1.4 0,-1.3 0.9,-2.4 1.8,-3.5 0.9,-1.1 1.8,-2.4 2.3,-3.7 0.5,-1.3 0.2,-3.2 -0.5,-5.2 -0.7,-1.9 -1.9,-3.9 -3.4,-5.3 l -0.3,-0.3 0.2,-0.3 c 0.5,-0.9 0.4,-1.2 0.3,-1.4 -0.1,-0.2 -0.4,-0.6 -0.4,-1.3 V 18.7 l 0.5,-0.1 c 0,0 0.4,-0.1 0.8,-0.2 0.4,-0.2 0.9,-0.5 0.9,-0.5 0.2,-0.3 0.2,-1.1 0.1,-1.4 -0.5,-0.6 -1.6,-1.0 -2.8,-1.2 -1.1,-0.2 -2.4,-0.2 -2.9,-0.2 z m -7.5,3.8 c -0.3,0 -0.6,0.1 -0.9,0.3 -2.4,1.5 -0.7,6.3 0.1,8.7 0.1,-0.1 0.1,-0.2 0.1,-0.3 0.2,-0.6 0.5,-1.3 0.9,-1.8 -0.7,-1.8 -1.9,-4.5 -0.5,-5.5 0.7,-0.5 1.9,0.4 2.8,1.1 -0.1,-0.4 -0.1,-0.8 -0.1,-1.1 -0.8,-0.8 -1.7,-1.3 -2.4,-1.3 z m 14.8,0 c -0.7,0 -1.5,0.5 -2.4,1.3 0.1,0.3 0.1,0.6 0,1.0 0.9,-0.7 1.9,-1.5 2.6,-1.0 1.5,1.0 0.3,3.6 -0.4,5.4 0.3,0.6 0.6,1.3 0.9,1.9 0,0.1 0.1,0.1 0.1,0.2 0.8,-2.5 2.4,-7.1 0.1,-8.6 -0.3,-0.2 -0.6,-0.3 -0.9,-0.3 z"
    />
</svg>
