<?xml version="1.0" encoding="utf-8"?>
<svg viewBox="0 0 500 500" xmlns="http://www.w3.org/2000/svg">
  <path style="stroke: rgb(0, 0, 0); fill: #EEE; paint-order: stroke; stroke-width: 21px;" d="M 73.462 179.568 C 73.462 179.568 84.265 178.068 84.117 178.068 C 83.969 178.068 84.004 185.535 84.004 185.535 L 91.219 185.629 L 92.952 173.621 C 92.952 173.621 108.45 170.634 109.033 170.634 C 109.616 170.634 119.966 174.117 120.578 174.736 C 121.19 175.355 126.476 187.294 126.621 187.294 C 126.766 187.294 139.184 186.889 139.184 186.889 C 139.184 186.889 150.583 174.242 150.874 174.242 C 151.165 174.242 164.763 172.711 165.201 172.711 C 165.639 172.711 185.221 176.742 185.221 176.742 L 190.59 185.292 L 202.049 188.072 C 202.049 188.072 211.082 182.416 211.082 182.27 C 211.082 182.124 219.252 175.432 219.398 175.14 C 219.544 174.848 236.636 170.879 236.636 170.879 C 236.636 170.879 250.626 170.195 250.772 170.195 C 250.918 170.195 259.614 176.598 259.76 176.598 C 259.906 176.598 264.353 186.026 264.353 186.026 C 264.353 186.026 276.892 188.545 277.329 188.399 C 277.766 188.253 286.364 180.417 286.364 180.417 L 294.012 173.882 C 294.012 173.882 311.748 165.907 311.894 165.907 C 312.04 165.907 327.307 170.712 327.307 170.712 L 335.011 180.831 L 338.889 187.265 L 346.659 187.788 L 353.909 176.438 C 353.909 176.438 360.903 173.019 361.195 173.019 C 361.487 173.019 376.18 174.216 377.455 174.268 C 378.73 174.32 392.313 177.748 392.313 177.748 C 392.313 177.748 405.063 170.942 405.355 170.942 C 405.647 170.942 423.28 172.64 423.571 172.788 C 423.862 172.936 439.868 178.931 439.868 178.931 C 439.868 178.931 469.986 250.876 470.132 250.876 C 470.278 250.876 461.454 268.441 461.306 268.441 C 461.158 268.441 437.366 285.738 437.366 285.738 L 419.009 301.019 C 419.009 301.019 391.459 316.949 391.459 317.097 C 391.459 317.245 365.386 320.747 365.386 320.747 L 343.372 320.324 L 314.676 316.3 L 141.037 322.647 L 134.641 333.054 L 66.834 334.093 L 51.358 324.315 C 51.358 324.315 43.931 308.516 43.931 308.664 C 43.931 308.812 37.072 291.814 37.072 291.814 C 37.072 291.814 29.723 267.058 29.868 267.206 C 30.013 267.354 38.64 260.711 38.64 260.711 L 49.931 257.536 L 49.735 251.662 C 49.735 251.662 43.346 247.457 43.783 247.457 C 44.22 247.457 72.439 178.444 73.462 179.568 Z" transform="matrix(1, 0, 0, 1, -2.842170943040401e-14, 0)"/>
  <path style="stroke: rgb(0, 0, 0); fill: rgb(255, 255, 255);" d="M 139.184 211.885 L 229.129 214.705 L 289.958 216.132 L 356.555 213.534 C 356.555 213.534 433.726 204.082 433.726 204.231 C 433.726 204.38 443.314 212.264 442.425 212.56 C 441.536 212.856 417.918 221.024 417.918 221.024 C 417.918 221.024 366.968 224.782 366.524 224.93 C 366.08 225.078 292.38 229.744 289.32 230.104 C 286.26 230.464 227.838 228.984 226.801 228.984 C 225.764 228.984 180.51 225.984 180.362 225.984 C 180.214 225.984 136.536 211.123 139.184 211.885 Z" transform="matrix(1, 0, 0, 1, -2.842170943040401e-14, 0)"/>
  <path style="stroke: rgb(0, 0, 0); fill: rgb(255, 255, 255);" d="M 52.419 263.879 L 95.798 265.784 L 136.901 320.538 L 139.471 316.328 C 139.471 316.328 98.14 258.616 98.286 258.616 C 98.432 258.616 56.859 258.696 56.859 258.696 L 52.419 263.879 Z" transform="matrix(1, 0, 0, 1, -2.842170943040401e-14, 0)"/>
  <path style="stroke: rgb(0, 0, 0); fill: rgb(255, 255, 255);" d="M 117.288 267.942 L 339.268 271.207 C 339.268 271.207 363.737 267.926 363.883 267.926 C 364.029 267.926 407.142 244.186 407.288 244.186 C 407.434 244.186 439.995 219.107 439.995 219.107 L 424.241 223.246 C 424.241 223.246 385.911 248.398 385.615 248.398 C 385.319 248.398 353.47 260.984 352.999 261.294 C 352.528 261.604 297.239 263.286 297.239 263.286 L 117.288 267.942 Z" transform="matrix(1, 0, 0, 1, -2.842170943040401e-14, 0)"/>
  <path style="stroke: rgb(0, 0, 0); fill: rgb(255, 255, 255);" d="M 326.856 309.492 L 328.114 298.058 C 328.114 298.058 363.841 284.938 364.132 284.938 C 364.423 284.938 373.612 290.06 373.612 290.06 L 366.557 313.885 C 366.557 313.885 327.049 309.593 326.856 309.492 Z" transform="matrix(1, 0, 0, 1, -2.842170943040401e-14, 0)"/>
  <path style="stroke: rgb(0, 0, 0); fill: rgb(255, 255, 255);" d="M 453.739 269.763 L 436.917 230.842 C 436.917 230.842 428.9 234.84 428.752 234.694 C 428.604 234.548 447.728 275.738 447.873 275.738 C 448.018 275.738 452.723 271.714 453.739 269.763 Z" transform="matrix(1, 0, 0, 1, -2.842170943040401e-14, 0)"/>
  <path style="stroke: rgb(0, 0, 0); fill: rgb(255, 255, 255);" d="M 403.5 301.724 C 403.5 301.724 430.078 279.501 430.078 279.649 C 430.078 279.797 414.832 248.031 414.978 248.179 C 415.124 248.327 385.895 265.903 386.041 265.903 C 386.187 265.903 404.372 302.054 403.5 301.724 Z" transform="matrix(1, 0, 0, 1, -2.842170943040401e-14, 0)"/>
  <path style="stroke: rgb(0, 0, 0); fill: rgb(255, 255, 255);" d="M 59.758 237.636 C 59.758 237.636 56.115 250.977 56.261 250.977 C 56.407 250.977 91.532 251.963 91.532 251.963 L 96.165 235.066 C 96.165 235.066 61.294 236.7 59.758 237.636 Z" transform="matrix(1, 0, 0, 1, -2.842170943040401e-14, 0)"/>
  <path style="stroke: rgb(0, 0, 0); fill: rgb(255, 255, 255);" d="M 112.528 255.323 L 101.536 251.73 L 119.496 190.861 L 126.751 199.511 L 112.528 255.323 Z" transform="matrix(1, 0, 0, 1, -2.842170943040401e-14, 0)"/>
  <path style="stroke: rgb(0, 0, 0); fill: rgb(255, 255, 255);" d="M 141.403 190.763 C 141.403 190.763 423.343 188.243 423.506 188.081 C 423.669 187.919 422.022 193.358 422.184 193.358 C 422.346 193.358 141.555 196.629 141.555 196.629 L 141.403 190.763 Z" transform="matrix(1, 0, 0, 1, -2.842170943040401e-14, 0)"/>
  <path style="stroke: rgb(0, 0, 0); fill: rgb(255, 255, 255);" d="M 53.362 318.327 L 109.775 317.542 L 106.685 309.479 L 52.232 310.073 L 53.362 318.327 Z" transform="matrix(1, 0, 0, 1, -2.842170943040401e-14, 0)"/>
</svg>
