<?xml version="1.0" encoding="utf-8"?>
<svg viewBox="0 0 500 500" xmlns="http://www.w3.org/2000/svg">
  <path style="stroke: rgb(0, 0, 0); fill: #EEE; paint-order: stroke; stroke-width: 21px;" d="M 59.845 316.429 C 59.845 316.429 70.648 317.929 70.5 317.929 C 70.352 317.929 70.387 310.462 70.387 310.462 L 77.602 310.368 L 79.335 322.376 C 79.335 322.376 94.833 325.363 95.416 325.363 C 95.999 325.363 106.349 321.88 106.961 321.261 C 107.573 320.642 112.859 308.703 113.004 308.703 C 113.149 308.703 125.567 309.108 125.567 309.108 C 125.567 309.108 136.966 321.755 137.257 321.755 C 137.548 321.755 151.146 323.286 151.584 323.286 C 152.022 323.286 171.604 319.255 171.604 319.255 L 176.973 310.705 L 188.432 307.925 C 188.432 307.925 197.465 313.581 197.465 313.727 C 197.465 313.873 205.635 320.565 205.781 320.857 C 205.927 321.149 223.019 325.118 223.019 325.118 C 223.019 325.118 237.009 325.802 237.155 325.802 C 237.301 325.802 245.997 319.399 246.143 319.399 C 246.289 319.399 250.736 309.971 250.736 309.971 C 250.736 309.971 263.275 307.452 263.712 307.598 C 264.149 307.744 272.747 315.58 272.747 315.58 L 280.395 322.115 C 280.395 322.115 298.131 330.09 298.277 330.09 C 298.423 330.09 313.69 325.285 313.69 325.285 L 321.394 315.166 L 325.272 308.732 L 333.042 308.209 L 340.292 319.559 C 340.292 319.559 347.286 322.978 347.578 322.978 C 347.87 322.978 362.563 321.781 363.838 321.729 C 365.113 321.677 378.696 318.249 378.696 318.249 C 378.696 318.249 391.446 325.055 391.738 325.055 C 392.03 325.055 409.663 323.357 409.954 323.209 C 410.245 323.061 426.251 317.066 426.251 317.066 C 426.251 317.066 456.369 245.121 456.515 245.121 C 456.661 245.121 447.837 227.556 447.689 227.556 C 447.541 227.556 423.749 210.259 423.749 210.259 L 405.392 194.978 C 405.392 194.978 377.842 179.048 377.842 178.9 C 377.842 178.752 351.769 175.25 351.769 175.25 L 329.755 175.673 L 301.059 179.697 L 127.42 173.35 L 121.024 162.943 L 53.217 161.904 L 37.741 171.682 C 37.741 171.682 30.314 187.481 30.314 187.333 C 30.314 187.185 23.455 204.183 23.455 204.183 C 23.455 204.183 16.106 228.939 16.251 228.791 C 16.396 228.643 25.023 235.286 25.023 235.286 L 36.314 238.461 L 36.118 244.335 C 36.118 244.335 29.729 248.54 30.166 248.54 C 30.603 248.54 58.822 317.553 59.845 316.429 Z"/>
  <path style="stroke: rgb(0, 0, 0); fill: rgb(255, 255, 255);" d="M 125.567 284.112 L 215.512 281.292 L 276.341 279.865 L 342.938 282.463 C 342.938 282.463 420.109 291.915 420.109 291.766 C 420.109 291.617 429.697 283.733 428.808 283.437 C 427.919 283.141 404.301 274.973 404.301 274.973 C 404.301 274.973 353.351 271.215 352.907 271.067 C 352.463 270.919 278.763 266.253 275.703 265.893 C 272.643 265.533 214.221 267.013 213.184 267.013 C 212.147 267.013 166.893 270.013 166.745 270.013 C 166.597 270.013 122.919 284.874 125.567 284.112 Z"/>
  <path style="stroke: rgb(0, 0, 0); fill: rgb(255, 255, 255);" d="M 38.802 232.118 L 82.181 230.213 L 123.284 175.459 L 125.854 179.669 C 125.854 179.669 84.523 237.381 84.669 237.381 C 84.815 237.381 43.242 237.301 43.242 237.301 L 38.802 232.118 Z"/>
  <path style="stroke: rgb(0, 0, 0); fill: rgb(255, 255, 255);" d="M 103.671 228.055 L 325.651 224.79 C 325.651 224.79 350.12 228.071 350.266 228.071 C 350.412 228.071 393.525 251.811 393.671 251.811 C 393.817 251.811 426.378 276.89 426.378 276.89 L 410.624 272.751 C 410.624 272.751 372.294 247.599 371.998 247.599 C 371.702 247.599 339.853 235.013 339.382 234.703 C 338.911 234.393 283.622 232.711 283.622 232.711 L 103.671 228.055 Z"/>
  <path style="stroke: rgb(0, 0, 0); fill: rgb(255, 255, 255);" d="M 313.239 186.505 L 314.497 197.939 C 314.497 197.939 350.224 211.059 350.515 211.059 C 350.806 211.059 359.995 205.937 359.995 205.937 L 352.94 182.112 C 352.94 182.112 313.432 186.404 313.239 186.505 Z"/>
  <path style="stroke: rgb(0, 0, 0); fill: rgb(255, 255, 255);" d="M 440.122 226.234 L 423.3 265.155 C 423.3 265.155 415.283 261.157 415.135 261.303 C 414.987 261.449 434.111 220.259 434.256 220.259 C 434.401 220.259 439.106 224.283 440.122 226.234 Z"/>
  <path style="stroke: rgb(0, 0, 0); fill: rgb(255, 255, 255);" d="M 389.883 194.273 C 389.883 194.273 416.461 216.496 416.461 216.348 C 416.461 216.2 401.215 247.966 401.361 247.818 C 401.507 247.67 372.278 230.094 372.424 230.094 C 372.57 230.094 390.755 193.943 389.883 194.273 Z"/>
  <path style="stroke: rgb(0, 0, 0); fill: rgb(255, 255, 255);" d="M 46.141 258.361 C 46.141 258.361 42.498 245.02 42.644 245.02 C 42.79 245.02 77.915 244.034 77.915 244.034 L 82.548 260.931 C 82.548 260.931 47.677 259.297 46.141 258.361 Z"/>
  <path style="stroke: rgb(0, 0, 0); fill: rgb(255, 255, 255);" d="M 98.911 240.674 L 87.919 244.267 L 105.879 305.136 L 113.134 296.486 L 98.911 240.674 Z"/>
  <path style="stroke: rgb(0, 0, 0); fill: rgb(255, 255, 255);" d="M 127.786 305.234 C 127.786 305.234 409.726 307.754 409.889 307.916 C 410.052 308.078 408.405 302.639 408.567 302.639 C 408.729 302.639 127.938 299.368 127.938 299.368 L 127.786 305.234 Z"/>
  <path style="stroke: rgb(0, 0, 0); fill: rgb(255, 255, 255);" d="M 39.745 177.67 L 96.158 178.455 L 93.068 186.518 L 38.615 185.924 L 39.745 177.67 Z"/>
</svg>
