<svg xmlns="http://www.w3.org/2000/svg" width="736.00" height="942.31" viewbox="0 0 736.00 942.31">
        <g id="city-a2">
          <polygon id="hex-a2" points="63.75,83.14 47.88,110.64 16.13,110.64 0.25,83.14 16.12,55.65 47.88,55.65" style="fill:#fefefe;stroke:#000000;stroke-width:0.5px"/>
          <path d="m 36.89,63.50 -0.01,2.11 -1.55,1.43 2.11,0.01 1.43,1.55 0.01,-2.11 1.55,-1.43 -2.11,-0.01 z m 7.82,4.28 -1.65,1.31 -2.08,-0.31 1.31,1.65 -0.31,2.08 1.65,-1.31 2.08,0.31 -1.31,-1.65 z m -31.17,0.36 -0.61,1.39 0.66,0.28 21.86,9.57 0.7,0.31 -0.01,0.02 0.05,0.02 0.62,-1.41 -0.7,-0.31 -3.77,-1.65 a 8.76,3.74 0 0 1 4.45,-0.52 8.76,3.74 0 0 1 8.76,3.74 8.76,3.74 0 0 1 -8.76,3.74 8.76,3.74 0 0 1 -8.76,-3.74 8.76,3.74 0 0 1 0.71,-1.47 l -2.81,-1.22 c -1.07,0.47 -1.92,1 -2.49,1.53 -0.65,0.61 -0.92,1.18 -0.92,1.72 0,0.54 0.27,1.11 0.92,1.72 0.65,0.61 1.67,1.22 2.97,1.73 2.6,1.03 6.3,1.69 10.38,1.69 4.09,0 7.78,-0.67 10.38,-1.69 1.3,-0.51 2.32,-1.12 2.97,-1.73 0.65,-0.61 0.92,-1.18 0.92,-1.72 0,-0.54 -0.27,-1.11 -0.92,-1.72 -0.65,-0.61 -1.67,-1.22 -2.97,-1.73 -2.6,-1.03 -6.3,-1.69 -10.38,-1.69 -2.26,0 -4.39,0.2 -6.29,0.56 l -16.25,-7.12 z m 17.5,0.37 0.01,1.43 -1.04,0.98 1.43,-0.01 0.98,1.04 -0.01,-1.43 1.04,-0.98 -1.43,0.01 z m -2.46,17.25 c -0.01,1.28 -0.04,2.54 -0.09,3.78 5.77,2.54 10.81,2.54 16.6,0.01 -0.05,-1.25 -0.08,-2.51 -0.09,-3.79 -2.33,0.68 -5.16,1.06 -8.21,1.06 -3.05,0 -5.88,-0.39 -8.21,-1.06 z m -0.17,5.42 c -0.05,0.77 -0.11,1.53 -0.18,2.3 l 0.05,0.02 c 5.93,2.66 11.08,2.66 17.04,0 l 0.05,-0.02 c -0.07,-0.76 -0.13,-1.52 -0.18,-2.29 -5.72,2.36 -11.06,2.36 -16.77,-0.01 z m 17.13,3.89 c -5.98,2.57 -11.53,2.57 -17.49,0 -0.2,1.53 -0.46,3.07 -0.82,4.65 0,4.1 19.13,4.1 19.13,0 -0.36,-1.58 -0.62,-3.12 -0.82,-4.65 z" style="fill:#333333" />
        </g>
	<polygon id="hex-a4" points="63.75,138.57 47.88,166.07 16.13,166.07 0.25,138.57 16.12,111.08 47.88,111.08" style="fill:#c8e0c0;stroke:#000000;stroke-width:0.5px"/>
        <polygon id="hex-a6" points="63.75,194.00 47.88,221.50 16.13,221.50 0.25,194.00 16.12,166.51 47.88,166.51" style="fill:#a8c0a0;stroke:#000000;stroke-width:0.5px"/>
	<polygon id="hex-a8" points="63.75,249.44 47.88,276.93 16.13,276.93 0.25,249.44 16.12,221.94 47.88,221.94" style="fill:#c8e0c0;stroke:#000000;stroke-width:0.5px"/>
	<polygon id="hex-a10" points="63.75,304.86 47.88,332.36 16.13,332.36 0.25,304.86 16.12,277.37 47.88,277.37" style="fill:#c8e0c0;stroke:#000000;stroke-width:0.5px"/>
	<g id="city-a12">
          <polygon id="hex-a12" points="63.75,360.29 47.88,387.79 16.13,387.79 0.25,360.29 16.12,332.80 47.88,332.80" style="fill:#ff9f00;stroke:#000000;stroke-width:0.5px"/>
          <path d="m 17.71,340.54 c -2.44,0 -4.41,1.96 -4.41,4.41 0,2.44 1.97,4.41 4.41,4.41 2.44,0 4.41,-1.97 4.41,-4.41 0,-2.44 -1.97,-4.41 -4.41,-4.41 z m 11.19,2.25 c -0.22,0.35 -0.34,0.81 -0.38,1.3 -1.76,-0.06 -3.32,-0.09 -4.94,-0.06 0.07,0.53 0.09,1.03 0.03,1.53 1.68,-0.02 3.31,0 4.93,0.07 0.03,0.26 0.06,0.51 0.1,0.7 -1.01,2.07 -2.15,3.74 -2.74,5.97 0.19,2.09 0.44,4.51 1.96,6.59 0.42,1.69 0.77,3.37 1.24,5.05 0.18,-2.13 0.64,-4.4 1.81,-6.71 -0.16,-0.77 -0.18,-1.46 -0.11,-2.18 -0.36,-0.69 -0.83,-1.37 -1.63,-2.03 1.09,-2.02 1.12,-3.92 1.49,-6.09 l 1.65,-0.41 c 0.15,-0.2 0.28,-0.42 0.37,-0.64 2.63,0.22 5.19,0.53 7.68,0.93 0.05,-0.52 0.17,-1.02 0.35,-1.49 -2.51,-0.4 -5.09,-0.72 -7.73,-0.95 0,-0.39 -0.03,-0.79 -0.09,-1.2 -1.44,-0.23 -2.67,-0.52 -3.99,-0.38 z m 17.38,0.21 c -2.44,0 -4.41,1.96 -4.41,4.41 0,2.44 1.97,4.41 4.41,4.41 2.44,0 4.41,-1.97 4.41,-4.41 0,-2.44 -1.97,-4.41 -4.41,-4.41 z m -11.45,9.16 c -0.64,0 -1.24,0.33 -1.72,0.98 -0.49,0.64 -0.82,1.59 -0.82,2.65 0,0.56 0.09,1.15 0.25,1.62 0.75,-0.26 1.53,-0.64 2.26,-1.27 0.67,0.54 1.41,0.92 2.27,1.27 0.19,-0.5 0.297,-1.01 0.3,-1.62 0,-1.06 -0.33,-2.01 -0.82,-2.65 -0.48,-0.65 -1.09,-0.98 -1.72,-0.98 z m -0.03,4.99 c -0.58,0.9 -0.75,1.25 -1.84,1.09 0.45,0.63 1.08,1.2 1.86,1.19 0.88,-0.01 1.46,-0.55 1.85,-1.17 -0.95,0.07 -1.43,-0.26 -1.87,-1.11 z m 5.15,2.4 c 0.2,2.13 0.31,3.34 0.13,5.41 0.19,0.27 0.24,1.62 0.94,1.91 -1.09,0.55 -1.49,2.04 -2.09,2.63 -1.54,1.83 -2.64,4.69 -3.7,7.32 0.31,1.09 0.7,2.16 1.16,3.23 h 4.82 c -0.47,-2.31 -1.15,-4.64 -1.88,-6.96 0.29,-0.46 0.25,-0.34 0.55,-1.95 1.26,-0.86 4,-2.31 4.46,-4.2 -0.42,-1.69 -0.99,-2.78 -1.99,-4.23 0.24,-2.05 -1.37,-2.61 -2.41,-3.14 z m -8.5,0.29 c -0.3,0.88 -0.5,1.75 -0.64,2.62 l 1.18,-0.1 c -0.27,-0.82 -0.42,-1.7 -0.53,-2.52 z m 5.59,0.3 c -0.63,0.51 -1.39,0.82 -2.21,0.82 -0.63,0 -1.21,-0.18 -1.73,-0.48 0.04,0.2 0.08,0.41 0.13,0.61 0.16,0.72 0.4,1.42 0.68,1.9 0.27,0.47 0.51,0.64 0.75,0.65 0.26,0.02 0.56,-0.13 0.92,-0.57 0.37,-0.44 0.74,-1.12 1.03,-1.81 0.16,-0.38 0.31,-0.76 0.42,-1.12 z m 1.47,0.42 c -0.24,0.67 -0.45,1.24 -0.73,1.82 l 0.83,0.04 c -0.02,-0.62 -0.05,-1.24 -0.1,-1.86 z m -5.88,3.28 -2.01,0.17 c -0.05,0.65 -0.08,1.31 -0.09,1.95 l 8.02,-0.13 c 0.06,-0.62 0.08,-1.25 0.09,-1.87 l -1.74,-0.09 c -0.64,0.73 -1.57,1.33 -2.35,1.3 -0.87,-0.06 -1.51,-0.65 -1.92,-1.32 z m 5.56,3.52 -7.66,0.13 c -0.08,0.79 0.58,1.37 1.04,1.72 l 5.65,-0.02 c 0.61,-0.68 0.73,-0.95 0.97,-1.83 z m -7.9,2.75 c -1.22,3.31 -2.52,6.6 -3.49,9.93 h 4.5 c 0.57,-1.04 1.09,-2.11 1.53,-3.2 -0.06,-2.7 -1.23,-5.33 -2.53,-6.73 z m 5.96,0.62 -3.55,0.01 c 0.66,1.11 1,2.44 1.27,3.87 l 0.7,-0.07 c 0.52,-1.29 0.9,-2.6 1.58,-3.81 z" style="fill:#333333;stroke:none" />
        </g>
	<polygon id="hex-a14" points="63.75,415.72 47.88,443.22 16.13,443.22 0.25,415.72 16.12,388.23 47.88,388.23" style="fill:#c8e0c0;stroke:#000000;stroke-width:0.5px"/>
        <polygon id="hex-a16" points="63.75,471.15 47.88,498.65 16.13,498.65 0.25,471.15 16.12,443.66 47.88,443.66" style="fill:#a8c0a0;stroke:#000000;stroke-width:0.5px"/>
	<polygon id="hex-a18" points="63.75,526.59 47.88,554.08 16.13,554.08 0.25,526.59 16.12,499.09 47.88,499.09" style="fill:#c8e0c0;stroke:#000000;stroke-width:0.5px"/>
	<polygon id="hex-a20" points="63.75,582.01 47.88,609.51 16.13,609.51 0.25,582.01 16.12,554.52 47.88,554.52" style="fill:#c8e0c0;stroke:#000000;stroke-width:0.5px"/>
        <g id="city-a22">
          <polygon id="hex-a22" points="63.75,637.45 47.88,664.94 16.13,664.94 0.25,637.45 16.12,609.95 47.88,609.95" style="fill:#6495ed;stroke:#000000;stroke-width:0.5px"/>
          <path d="m 33.53,618.51 c -0.43,1.76 -0.76,3.17 -1.79,4.25 -1.93,2.06 -4.93,3.28 -9.71,1.94 -1.26,-0.36 -2.37,-1.29 -3.5,-2.68 l -1.18,0.96 c 1.23,1.5 2.57,2.7 4.27,3.18 h 0.01 c 1.22,0.35 2.37,0.52 3.44,0.57 0.69,2.29 1.05,4.49 2.47,6.65 0.17,3.44 -0.34,6.13 -0.92,9.45 -2.47,-0.36 -4.96,-1.17 -7.51,-2.58 l -0.35,1.53 c 9.05,4.8 17.4,2.45 26.44,-0.14 l -0.35,-1.49 c -5.56,1.6 -10.66,3.06 -15.75,2.89 0.73,-3.14 1.21,-6.28 1.49,-9.43 3.83,1.33 6.5,2.74 8.82,5.02 l 1.39,-1.33 c -2.15,-2.47 -5.76,-4.83 -9.43,-6.4 -0.56,-1.91 -1.07,-3.3 -1.11,-5.17 1.01,-0.51 1.88,-1.17 2.6,-1.94 1.34,-1.42 1.72,-3.18 2.14,-4.92 z m -7.36,0.56 c -0.08,0 -0.14,0.01 -0.22,0.02 -0.39,0.08 -0.73,0.36 -0.96,0.86 -0.24,0.5 -0.35,1.2 -0.19,1.94 0.14,0.74 0.5,1.35 0.91,1.72 0.41,0.36 0.84,0.5 1.22,0.42 0.39,-0.08 0.73,-0.36 0.96,-0.86 0.24,-0.5 0.34,-1.2 0.19,-1.94 -0.13,-0.73 -0.49,-1.34 -0.9,-1.71 -0.34,-0.3 -0.68,-0.45 -1.01,-0.45 z m -13.68,21.28 v 16.04 h 1.33 l 3.7,-16.04 z m 33.97,0 3.71,16.04 h 1.33 v -16.04 z" style="fill:#333333" />
        </g>
	<polygon id="hex-a24" points="63.75,692.88 47.88,720.37 16.13,720.37 0.25,692.88 16.12,665.38 47.88,665.38" style="fill:#c8e0c0;stroke:#000000;stroke-width:0.5px"/>
	<polygon id="hex-a26" points="63.75,748.31 47.88,775.80 16.13,775.80 0.25,748.31 16.12,720.81 47.88,720.81" style="fill:#a8c0a0;stroke:#000000;stroke-width:0.5px"/>
	<polygon id="hex-a28" points="63.75,803.74 47.88,831.23 16.13,831.23 0.25,803.74 16.12,776.24 47.88,776.24" style="fill:#c8e0c0;stroke:#000000;stroke-width:0.5px"/>
	<polygon id="hex-a30" points="63.75,859.17 47.88,886.66 16.13,886.66 0.25,859.17 16.12,831.67 47.88,831.67" style="fill:#c8e0c0;stroke:#000000;stroke-width:0.5px"/>
	<polygon id="hex-b1" points="111.75,55.43 95.88,82.93 64.12,82.93 48.25,55.43 64.12,27.93 95.88,27.93" style="fill:#c8e0c0;stroke:#000000;stroke-width:0.5px"/>
	<polygon id="hex-b3" points="111.75,110.86 95.88,138.36 64.12,138.36 48.25,110.86 64.12,83.36 95.88,83.36" style="fill:#c8e0c0;stroke:#000000;stroke-width:0.5px"/>
	<polygon id="hex-b5" points="111.75,166.29 95.88,193.79 64.12,193.79 48.25,166.29 64.12,138.79 95.88,138.79" style="fill:#c8e0c0;stroke:#000000;stroke-width:0.5px"/>
	<polygon id="hex-b7" points="111.75,221.72 95.88,249.22 64.12,249.22 48.25,221.72 64.12,194.22 95.88,194.22" style="fill:#c8e0c0;stroke:#000000;stroke-width:0.5px"/>
	<polygon id="hex-b9" points="111.75,277.15 95.88,304.65 64.12,304.65 48.25,277.15 64.12,249.65 95.88,249.65" style="fill:#c8e0c0;stroke:#000000;stroke-width:0.5px"/>
	<polygon id="hex-b11" points="111.75,332.58 95.88,360.08 64.12,360.08 48.25,332.58 64.12,305.08 95.88,305.08" style="fill:#c8e0c0;stroke:#000000;stroke-width:0.5px"/>
	<polygon id="hex-b13" points="111.75,388.01 95.88,415.51 64.12,415.51 48.25,388.01 64.12,360.51 95.88,360.51" style="fill:#c8e0c0;stroke:#000000;stroke-width:0.5px"/>
	<polygon id="hex-b15" points="111.75,443.44 95.88,470.94 64.12,470.94 48.25,443.44 64.12,415.94 95.88,415.94" style="fill:#c8e0c0;stroke:#000000;stroke-width:0.5px"/>
	<polygon id="hex-b17" points="111.75,498.87 95.88,526.37 64.12,526.37 48.25,498.87 64.12,471.37 95.88,471.37" style="fill:#c8e0c0;stroke:#000000;stroke-width:0.5px"/>
	<polygon id="hex-b19" points="111.75,554.30 95.88,581.80 64.12,581.80 48.25,554.30 64.12,526.80 95.88,526.80" style="fill:#c8e0c0;stroke:#000000;stroke-width:0.5px"/>
	<polygon id="hex-b21" points="111.75,609.73 95.88,637.23 64.12,637.23 48.25,609.73 64.12,582.23 95.88,582.23" style="fill:#c8e0c0;stroke:#000000;stroke-width:0.5px"/>
	<polygon id="hex-b23" points="111.75,665.16 95.88,692.66 64.12,692.66 48.25,665.16 64.12,637.66 95.88,637.66" style="fill:#c8e0c0;stroke:#000000;stroke-width:0.5px"/>
	<polygon id="hex-b25" points="111.75,720.59 95.88,748.09 64.12,748.09 48.25,720.59 64.12,693.09 95.88,693.09" style="fill:#c8e0c0;stroke:#000000;stroke-width:0.5px"/>
	<polygon id="hex-b27" points="111.75,776.02 95.88,803.52 64.12,803.52 48.25,776.02 64.12,748.52 95.88,748.52" style="fill:#c8e0c0;stroke:#000000;stroke-width:0.5px"/>
	<polygon id="hex-b29" points="111.75,831.45 95.88,858.95 64.12,858.95 48.25,831.45 64.12,803.95 95.88,803.95" style="fill:#c8e0c0;stroke:#000000;stroke-width:0.5px"/>
	<polygon id="hex-b31" points="111.75,886.88 95.88,914.38 64.12,914.38 48.25,886.88 64.12,859.38 95.88,859.38" style="fill:#c8e0c0;stroke:#000000;stroke-width:0.5px"/>
	<polygon id="hex-c2" points="159.75,83.14 143.88,110.64 112.12,110.64 96.25,83.14 112.12,55.65 143.88,55.65" style="fill:#a8c0a0;stroke:#000000;stroke-width:0.5px"/>
	<polygon id="hex-c4" points="159.75,138.57 143.88,166.07 112.12,166.07 96.25,138.57 112.12,111.08 143.88,111.08" style="fill:#c8e0c0;stroke:#000000;stroke-width:0.5px"/>
	<polygon id="hex-c6" points="159.75,194.00 143.88,221.50 112.12,221.50 96.25,194.00 112.12,166.51 143.88,166.51" style="fill:#c8e0c0;stroke:#000000;stroke-width:0.5px"/>
	<g id="city-c8">
          <polygon id="hex-c8" points="159.75,249.44 143.88,276.93 112.12,276.93 96.25,249.44 112.12,221.94 143.88,221.94" style="fill:#ffff66;stroke:#000000;stroke-width:0.5px"/>
          <path d="m 129.79,229.78 c -1.59,0 -2.85,1.31 -2.85,2.89 0,1.59 1.26,2.85 2.85,2.85 1.59,0 2.85,-1.26 2.85,-2.85 0,-1.59 -1.26,-2.89 -2.85,-2.89 z m -12.79,5.14 c -1.59,0 -2.85,1.31 -2.85,2.9 0,1.59 1.26,2.85 2.85,2.85 1.59,0 2.85,-1.26 2.85,-2.85 0,-1.59 -1.26,-2.9 -2.85,-2.9 z m 23.9,1.91 c -1.59,0 -2.85,1.31 -2.85,2.9 0,1.59 1.26,2.85 2.85,2.85 1.59,0 2.85,-1.26 2.85,-2.85 0,-1.59 -1.26,-2.9 -2.85,-2.9 z m -13.64,4.83 c -0.27,0 -0.55,0.04 -0.82,0.11 -2.16,0.58 -3.29,3.34 -2.53,6.17 0.29,1.1 0.83,2.04 1.5,2.76 -1.62,0.38 -2.87,1.13 -3.4,2.06 l -0.03,-0.01 -3.5,5.42 -4.26,-1.84 c -2.47,-1.36 -5.18,2.02 -2.57,3.5 l 7.94,3.7 3.2,-4.21 c 1.81,3.26 1.32,6.51 -2.11,9.77 h 14.22 c -3.35,-3.21 -3.57,-6.42 -1.96,-9.64 l 3.09,4.07 7.94,-3.7 c 0.98,-0.56 1.2,-1.38 0.98,-2.13 -0.69,0.44 -1.51,0.7 -2.38,0.7 -1.2,0 -2.28,-0.48 -3.08,-1.26 l -2.35,1.02 -3.5,-5.42 v 0 c -0.46,-0.77 -1.45,-1.43 -2.74,-1.84 0.98,-1.2 1.34,-3.1 0.82,-5.04 -0.66,-2.48 -2.55,-4.18 -4.46,-4.19 z m -13.8,5.13 c -1.59,0 -2.85,1.31 -2.85,2.89 0,1.59 1.26,2.85 2.85,2.85 1.59,0 2.85,-1.26 2.85,-2.85 0,-1.59 -1.26,-2.89 -2.85,-2.89 z m 29.1,4.3 c -1.59,0 -2.85,1.31 -2.85,2.9 0,1.59 1.26,2.85 2.85,2.85 1.59,0 2.85,-1.26 2.85,-2.85 0,-1.59 -1.26,-2.9 -2.85,-2.9 z" style="fill:#333333" />
        </g>
	<polygon id="hex-c10" points="159.75,304.86 143.88,332.36 112.12,332.36 96.25,304.86 112.12,277.37 143.88,277.37" style="fill:#c8e0c0;stroke:#000000;stroke-width:0.5px"/>
	<polygon id="hex-c12" points="159.75,360.29 143.88,387.79 112.12,387.79 96.25,360.29 112.12,332.80 143.88,332.80" style="fill:#a8c0a0;stroke:#000000;stroke-width:0.5px"/>
	<polygon id="hex-c14" points="159.75,415.72 143.88,443.22 112.12,443.22 96.25,415.72 112.12,388.23 143.88,388.23" style="fill:#c8e0c0;stroke:#000000;stroke-width:0.5px"/>
	<polygon id="hex-c16" points="159.75,471.15 143.88,498.65 112.12,498.65 96.25,471.15 112.12,443.66 143.88,443.66" style="fill:#c8e0c0;stroke:#000000;stroke-width:0.5px"/>
	<g id="city-c18">
          <polygon id="hex-c18" points="159.75,526.59 143.88,554.08 112.12,554.08 96.25,526.59 112.12,499.09 143.88,499.09" style="fill:#ffff66;stroke:#000000;stroke-width:0.5px"/>
          <path d="m 129.79,506.93 c -1.59,0 -2.85,1.31 -2.85,2.89 0,1.59 1.26,2.85 2.85,2.85 1.59,0 2.85,-1.26 2.85,-2.85 0,-1.59 -1.26,-2.89 -2.85,-2.89 z m -12.79,5.14 c -1.59,0 -2.85,1.31 -2.85,2.9 0,1.59 1.26,2.85 2.85,2.85 1.59,0 2.85,-1.26 2.85,-2.85 0,-1.59 -1.26,-2.9 -2.85,-2.9 z m 23.9,1.91 c -1.59,0 -2.85,1.31 -2.85,2.9 0,1.59 1.26,2.85 2.85,2.85 1.59,0 2.85,-1.26 2.85,-2.85 0,-1.59 -1.26,-2.9 -2.85,-2.9 z m -13.64,4.83 c -0.27,0 -0.55,0.04 -0.82,0.11 -2.16,0.58 -3.29,3.34 -2.53,6.17 0.29,1.1 0.83,2.04 1.5,2.76 -1.62,0.38 -2.87,1.13 -3.4,2.06 l -0.03,-0.01 -3.5,5.42 -4.26,-1.84 c -2.47,-1.36 -5.18,2.02 -2.57,3.5 l 7.94,3.7 3.2,-4.21 c 1.81,3.26 1.32,6.51 -2.11,9.77 h 14.22 c -3.35,-3.21 -3.57,-6.42 -1.96,-9.64 l 3.09,4.07 7.94,-3.7 c 0.98,-0.56 1.2,-1.38 0.98,-2.13 -0.69,0.44 -1.51,0.7 -2.38,0.7 -1.2,0 -2.28,-0.48 -3.08,-1.26 l -2.35,1.02 -3.5,-5.42 v 0 c -0.46,-0.77 -1.45,-1.43 -2.74,-1.84 0.98,-1.2 1.34,-3.1 0.82,-5.04 -0.66,-2.48 -2.55,-4.18 -4.46,-4.19 z m -13.8,5.13 c -1.59,0 -2.85,1.31 -2.85,2.89 0,1.59 1.26,2.85 2.85,2.85 1.59,0 2.85,-1.26 2.85,-2.85 0,-1.59 -1.26,-2.89 -2.85,-2.89 z m 29.1,4.3 c -1.59,0 -2.85,1.31 -2.85,2.9 0,1.59 1.26,2.85 2.85,2.85 1.59,0 2.85,-1.26 2.85,-2.85 0,-1.59 -1.26,-2.9 -2.85,-2.9 z" style="fill:#333333" />
        </g>
	<polygon id="hex-c20" points="159.75,582.01 143.88,609.51 112.12,609.51 96.25,582.01 112.12,554.52 143.88,554.52" style="fill:#c8e0c0;stroke:#000000;stroke-width:0.5px"/>
	<polygon id="hex-c22" points="159.75,637.45 143.88,664.94 112.12,664.94 96.25,637.45 112.12,609.95 143.88,609.95" style="fill:#a8c0a0;stroke:#000000;stroke-width:0.5px"/>
	<polygon id="hex-c24" points="159.75,692.88 143.88,720.37 112.12,720.37 96.25,692.88 112.12,665.38 143.88,665.38" style="fill:#c8e0c0;stroke:#000000;stroke-width:0.5px"/>
	<polygon id="hex-c26" points="159.75,748.31 143.88,775.80 112.12,775.80 96.25,748.31 112.12,720.81 143.88,720.81" style="fill:#c8e0c0;stroke:#000000;stroke-width:0.5px"/>
	<g id="city-c28">
          <polygon id="hex-c28" points="159.75,803.74 143.88,831.23 112.12,831.23 96.25,803.74 112.12,776.24 143.88,776.24" style="fill:#fefefe;stroke:#000000;stroke-width:0.5px"/>
          <path d="m 132.90,784.09 -0.01,2.11 -1.55,1.43 2.11,0.01 1.43,1.55 0.01,-2.11 1.55,-1.43 -2.11,-0.01 z m 7.82,4.28 -1.65,1.31 -2.08,-0.31 1.31,1.65 -0.31,2.08 1.65,-1.31 2.08,0.31 -1.31,-1.65 z m -31.17,0.36 -0.61,1.39 0.66,0.28 21.86,9.57 0.7,0.31 -0.01,0.02 0.05,0.02 0.62,-1.41 -0.7,-0.31 -3.77,-1.65 a 8.76,3.74 0 0 1 4.45,-0.52 8.76,3.74 0 0 1 8.76,3.74 8.76,3.74 0 0 1 -8.76,3.74 8.76,3.74 0 0 1 -8.76,-3.74 8.76,3.74 0 0 1 0.71,-1.47 l -2.81,-1.22 c -1.07,0.47 -1.92,1 -2.49,1.53 -0.65,0.61 -0.92,1.18 -0.92,1.72 0,0.54 0.27,1.11 0.92,1.72 0.65,0.61 1.67,1.22 2.97,1.73 2.6,1.03 6.3,1.69 10.38,1.69 4.09,0 7.78,-0.67 10.38,-1.69 1.3,-0.51 2.32,-1.12 2.97,-1.73 0.65,-0.61 0.92,-1.18 0.92,-1.72 0,-0.54 -0.27,-1.11 -0.92,-1.72 -0.65,-0.61 -1.67,-1.22 -2.97,-1.73 -2.6,-1.03 -6.3,-1.69 -10.38,-1.69 -2.26,0 -4.39,0.2 -6.29,0.56 l -16.25,-7.12 z m 17.5,0.37 0.01,1.43 -1.04,0.98 1.43,-0.01 0.98,1.04 -0.01,-1.43 1.04,-0.98 -1.43,0.01 z m -2.46,17.25 c -0.01,1.28 -0.04,2.54 -0.09,3.78 5.77,2.54 10.81,2.54 16.6,0.01 -0.05,-1.25 -0.08,-2.51 -0.09,-3.79 -2.33,0.68 -5.16,1.06 -8.21,1.06 -3.05,0 -5.88,-0.39 -8.21,-1.06 z m -0.17,5.42 c -0.05,0.77 -0.11,1.53 -0.18,2.3 l 0.05,0.02 c 5.93,2.66 11.08,2.66 17.04,0 l 0.05,-0.02 c -0.07,-0.76 -0.13,-1.52 -0.18,-2.29 -5.72,2.36 -11.06,2.36 -16.77,-0.01 z m 17.13,3.89 c -5.98,2.57 -11.53,2.57 -17.49,0 -0.2,1.53 -0.46,3.07 -0.82,4.65 0,4.1 19.13,4.1 19.13,0 -0.36,-1.58 -0.62,-3.12 -0.82,-4.65 z" style="fill:#333333" />
        </g>
	<polygon id="hex-c30" points="159.75,859.17 143.88,886.66 112.12,886.66 96.25,859.17 112.12,831.67 143.88,831.67" style="fill:#c8e0c0;stroke:#000000;stroke-width:0.5px"/>
	<polygon id="hex-d1" points="207.75,55.43 191.88,82.93 160.12,82.93 144.25,55.43 160.12,27.93 191.88,27.93" style="fill:#c8e0c0;stroke:#000000;stroke-width:0.5px"/>
	<polygon id="hex-d3" points="207.75,110.86 191.88,138.36 160.12,138.36 144.25,110.86 160.12,83.36 191.88,83.36" style="fill:#c8e0c0;stroke:#000000;stroke-width:0.5px"/>
	<polygon id="hex-d5" points="207.75,166.29 191.88,193.79 160.12,193.79 144.25,166.29 160.12,138.79 191.88,138.79" style="fill:#c8e0c0;stroke:#000000;stroke-width:0.5px"/>
	<polygon id="hex-d7" points="207.75,221.72 191.88,249.22 160.12,249.22 144.25,221.72 160.12,194.22 191.88,194.22" style="fill:#c8e0c0;stroke:#000000;stroke-width:0.5px"/>
	<polygon id="hex-d9" points="207.75,277.15 191.88,304.65 160.12,304.65 144.25,277.15 160.12,249.65 191.88,249.65" style="fill:#c8e0c0;stroke:#000000;stroke-width:0.5px"/>
	<polygon id="hex-d11" points="207.75,332.58 191.88,360.08 160.12,360.08 144.25,332.58 160.12,305.08 191.88,305.08" style="fill:#c8e0c0;stroke:#000000;stroke-width:0.5px"/>
	<polygon id="hex-d13" points="207.75,388.01 191.88,415.51 160.12,415.51 144.25,388.01 160.12,360.51 191.88,360.51" style="fill:#c8e0c0;stroke:#000000;stroke-width:0.5px"/>
	<polygon id="hex-d15" points="207.75,443.44 191.88,470.94 160.12,470.94 144.25,443.44 160.12,415.94 191.88,415.94" style="fill:#c8e0c0;stroke:#000000;stroke-width:0.5px"/>
	<polygon id="hex-d17" points="207.75,498.87 191.88,526.37 160.12,526.37 144.25,498.87 160.12,471.37 191.88,471.37" style="fill:#c8e0c0;stroke:#000000;stroke-width:0.5px"/>
	<polygon id="hex-d19" points="207.75,554.30 191.88,581.80 160.12,581.80 144.25,554.30 160.12,526.80 191.88,526.80" style="fill:#c8e0c0;stroke:#000000;stroke-width:0.5px"/>
	<polygon id="hex-d21" points="207.75,609.73 191.88,637.23 160.12,637.23 144.25,609.73 160.12,582.23 191.88,582.23" style="fill:#c8e0c0;stroke:#000000;stroke-width:0.5px"/>
	<polygon id="hex-d23" points="207.75,665.16 191.88,692.66 160.12,692.66 144.25,665.16 160.12,637.66 191.88,637.66" style="fill:#c8e0c0;stroke:#000000;stroke-width:0.5px"/>
	<polygon id="hex-d25" points="207.75,720.59 191.88,748.09 160.12,748.09 144.25,720.59 160.12,693.09 191.88,693.09" style="fill:#c8e0c0;stroke:#000000;stroke-width:0.5px"/>
	<polygon id="hex-d27" points="207.75,776.02 191.88,803.52 160.12,803.52 144.25,776.02 160.12,748.52 191.88,748.52" style="fill:#c8e0c0;stroke:#000000;stroke-width:0.5px"/>
	<polygon id="hex-d29" points="207.75,831.45 191.88,858.95 160.12,858.95 144.25,831.45 160.12,803.95 191.88,803.95" style="fill:#c8e0c0;stroke:#000000;stroke-width:0.5px"/>
	<polygon id="hex-d31" points="207.75,886.88 191.88,914.38 160.12,914.38 144.25,886.88 160.12,859.38 191.88,859.38" style="fill:#c8e0c0;stroke:#000000;stroke-width:0.5px"/>
	<polygon id="hex-e2" points="255.75,83.14 239.88,110.64 208.12,110.64 192.25,83.14 208.12,55.65 239.88,55.65" style="fill:#c8e0c0;stroke:#000000;stroke-width:0.5px"/>
	<g id="city-e4">
          <polygon id="hex-e4" points="255.75,138.57 239.88,166.07 208.12,166.07 192.25,138.57 208.12,111.08 239.88,111.08" style="fill:#ff9f00;stroke:#000000;stroke-width:0.5px"/>
          <path d="m 209.72,118.82 c -2.44,0 -4.41,1.96 -4.41,4.41 0,2.44 1.97,4.41 4.41,4.41 2.44,0 4.41,-1.97 4.41,-4.41 0,-2.44 -1.97,-4.41 -4.41,-4.41 z m 11.19,2.25 c -0.22,0.35 -0.34,0.81 -0.38,1.3 -1.76,-0.06 -3.32,-0.09 -4.94,-0.06 0.07,0.53 0.09,1.03 0.03,1.53 1.68,-0.02 3.31,0 4.93,0.07 0.03,0.26 0.06,0.51 0.1,0.7 -1.01,2.07 -2.15,3.74 -2.74,5.97 0.19,2.09 0.44,4.51 1.96,6.59 0.42,1.69 0.77,3.37 1.24,5.05 0.18,-2.13 0.64,-4.4 1.81,-6.71 -0.16,-0.77 -0.18,-1.46 -0.11,-2.18 -0.36,-0.69 -0.83,-1.37 -1.63,-2.03 1.09,-2.02 1.12,-3.92 1.49,-6.09 l 1.65,-0.41 c 0.15,-0.2 0.28,-0.42 0.37,-0.64 2.63,0.22 5.19,0.53 7.68,0.93 0.05,-0.52 0.17,-1.02 0.35,-1.49 -2.51,-0.4 -5.09,-0.72 -7.73,-0.95 0,-0.39 -0.03,-0.79 -0.09,-1.2 -1.44,-0.23 -2.67,-0.52 -3.99,-0.38 z m 17.38,0.21 c -2.44,0 -4.41,1.96 -4.41,4.41 0,2.44 1.97,4.41 4.41,4.41 2.44,0 4.41,-1.97 4.41,-4.41 0,-2.44 -1.97,-4.41 -4.41,-4.41 z m -11.45,9.16 c -0.64,0 -1.24,0.33 -1.72,0.98 -0.49,0.64 -0.82,1.59 -0.82,2.65 0,0.56 0.09,1.15 0.25,1.62 0.75,-0.26 1.53,-0.64 2.26,-1.27 0.67,0.54 1.41,0.92 2.27,1.27 0.19,-0.5 0.297,-1.01 0.3,-1.62 0,-1.06 -0.33,-2.01 -0.82,-2.65 -0.48,-0.65 -1.09,-0.98 -1.72,-0.98 z m -0.03,4.99 c -0.58,0.9 -0.75,1.25 -1.84,1.09 0.45,0.63 1.08,1.2 1.86,1.19 0.88,-0.01 1.46,-0.55 1.85,-1.17 -0.95,0.07 -1.43,-0.26 -1.87,-1.11 z m 5.15,2.4 c 0.2,2.13 0.31,3.34 0.13,5.41 0.19,0.27 0.24,1.62 0.94,1.91 -1.09,0.55 -1.49,2.04 -2.09,2.63 -1.54,1.83 -2.64,4.69 -3.7,7.32 0.31,1.09 0.7,2.16 1.16,3.23 h 4.82 c -0.47,-2.31 -1.15,-4.64 -1.88,-6.96 0.29,-0.46 0.25,-0.34 0.55,-1.95 1.26,-0.86 4,-2.31 4.46,-4.2 -0.42,-1.69 -0.99,-2.78 -1.99,-4.23 0.24,-2.05 -1.37,-2.61 -2.41,-3.14 z m -8.5,0.29 c -0.3,0.88 -0.5,1.75 -0.64,2.62 l 1.18,-0.1 c -0.27,-0.82 -0.42,-1.7 -0.53,-2.52 z m 5.59,0.3 c -0.63,0.51 -1.39,0.82 -2.21,0.82 -0.63,0 -1.21,-0.18 -1.73,-0.48 0.04,0.2 0.08,0.41 0.13,0.61 0.16,0.72 0.4,1.42 0.68,1.9 0.27,0.47 0.51,0.64 0.75,0.65 0.26,0.02 0.56,-0.13 0.92,-0.57 0.37,-0.44 0.74,-1.12 1.03,-1.81 0.16,-0.38 0.31,-0.76 0.42,-1.12 z m 1.47,0.42 c -0.24,0.67 -0.45,1.24 -0.73,1.82 l 0.83,0.04 c -0.02,-0.62 -0.05,-1.24 -0.1,-1.86 z m -5.88,3.28 -2.01,0.17 c -0.05,0.65 -0.08,1.31 -0.09,1.95 l 8.02,-0.13 c 0.06,-0.62 0.08,-1.25 0.09,-1.87 l -1.74,-0.09 c -0.64,0.73 -1.57,1.33 -2.35,1.3 -0.87,-0.06 -1.51,-0.65 -1.92,-1.32 z m 5.56,3.52 -7.66,0.13 c -0.08,0.79 0.58,1.37 1.04,1.72 l 5.65,-0.02 c 0.61,-0.68 0.73,-0.95 0.97,-1.83 z m -7.9,2.75 c -1.22,3.31 -2.52,6.6 -3.49,9.93 h 4.5 c 0.57,-1.04 1.09,-2.11 1.53,-3.2 -0.06,-2.7 -1.23,-5.33 -2.53,-6.73 z m 5.96,0.62 -3.55,0.01 c 0.66,1.11 1,2.44 1.27,3.87 l 0.7,-0.07 c 0.52,-1.29 0.9,-2.6 1.58,-3.81 z" style="fill:#333333;stroke:none" />
        </g>
	<polygon id="hex-e6" points="255.75,194.00 239.88,221.50 208.12,221.50 192.25,194.00 208.12,166.51 239.88,166.51" style="fill:#c8e0c0;stroke:#000000;stroke-width:0.5px"/>
	<polygon id="hex-e8" points="255.75,249.44 239.88,276.93 208.12,276.93 192.25,249.44 208.12,221.94 239.88,221.94" style="fill:#a8c0a0;stroke:#000000;stroke-width:0.5px"/>
	<polygon id="hex-e10" points="255.75,304.86 239.88,332.36 208.12,332.36 192.25,304.86 208.12,277.37 239.88,277.37" style="fill:#c8e0c0;stroke:#000000;stroke-width:0.5px"/>
	<polygon id="hex-e12" points="255.75,360.29 239.88,387.79 208.12,387.79 192.25,360.29 208.12,332.80 239.88,332.80" style="fill:#c8e0c0;stroke:#000000;stroke-width:0.5px"/>
	<g id="city-e14">
          <polygon id="hex-e14" points="255.75,415.72 239.88,443.22 208.12,443.22 192.25,415.72 208.12,388.23 239.88,388.23" style="fill:#da70d6;stroke:#000000;stroke-width:0.5px"/>
          <path d="m 223.89,395.98 c -1.05,0 -1.97,0.66 -2.69,1.61 -0.72,0.95 -1.31,2.24 -1.82,3.81 -1,3.13 -1.61,7.38 -1.61,12.06 0.12,4.38 0.38,8.17 1.61,12.07 0.5,1.56 1.1,2.85 1.82,3.81 0.54,0.72 1.2,1.27 1.93,1.5 v 3.13 h -5.94 v 1.51 h 13.4 v -1.51 h -5.94 v -3.13 c 0.74,-0.23 1.39,-0.78 1.93,-1.5 0.72,-0.95 1.31,-2.24 1.82,-3.81 0.35,-1.1 0.65,-2.34 0.9,-3.69 1.41,-0.56 2.69,-1.26 2.69,-1.26 1.77,0.23 4.04,0.64 4.61,1.61 0.33,0.57 -0.14,1.51 0.28,1.86 1.1,0.9 1.97,0.09 2.16,-0.51 0.18,-1.12 0.23,-2.15 -0.17,-3.06 -0.18,-0.42 -2.94,-2 -4.9,-2.6 2.28,0.38 5.93,0.75 6.06,1.25 0.22,0.82 -0.06,1.98 0.64,2.13 1.58,0.34 1.82,0.05 1.93,-1.26 0.08,-0.79 0.13,-1.49 -0.39,-2.14 -0.55,-0.69 -4.77,-1.81 -6.52,-2.14 2.08,-1.36 2.3,-1.63 3.04,-2.38 2.79,-0.38 3.66,-1.53 4.17,-3.32 0.9,-0.49 0.38,-1.65 -0.06,-1.67 -1.3,-0.06 -3.08,0.08 -4.29,-0.42 -0.47,-0.63 -1.27,-1.04 -2.15,-1.41 -0.27,-0.64 0.44,-2.14 -0.11,-2.73 -0.81,0.33 -1.83,1.95 -2.2,2.58 -0.15,-0.82 -0.72,-1.55 -1.16,-2.21 -1.95,2.37 -1.81,4.02 -3,6.66 -0.18,-3.63 -0.73,-6.88 -1.54,-9.41 -0.5,-1.57 -1.09,-2.86 -1.81,-3.81 -0.72,-0.96 -1.63,-1.62 -2.69,-1.62 z m 0,1.51 c 0.42,0 0.92,0.27 1.48,1.02 0.56,0.74 1.12,1.9 1.59,3.36 0.84,2.61 1.4,6.18 1.51,10.17 -3.41,1.55 -5.08,2.08 -7.84,2.97 0.11,3.66 0.29,4.75 1.1,7.56 1.78,0.33 4.08,0.28 5.92,-0.18 -0.2,0.98 -0.44,1.88 -0.69,2.69 -0.47,1.46 -1.03,2.62 -1.59,3.36 -0.56,0.74 -1.06,1.01 -1.48,1.01 -0.42,0 -0.92,-0.28 -1.48,-1.01 -0.56,-0.74 -1.12,-1.91 -1.59,-3.36 -1.09,-4.36 -1.52,-7.51 -1.53,-11.61 0,-4.56 0.59,-8.69 1.53,-11.6 0.47,-1.46 1.03,-2.62 1.59,-3.36 0.56,-0.74 1.06,-1.02 1.48,-1.02 z m 12.52,10.16 c 0.29,-0.01 0.59,0.35 0.68,0.84 0.1,0.52 -0.08,0.99 -0.38,1.05 -0.31,0.06 -0.64,-0.32 -0.74,-0.84 -0.09,-0.52 0.08,-0.98 0.38,-1.04 0.02,-0.01 0.04,-0.01 0.06,-0.01 z m -28.07,5.94 c 0.52,2.38 0.81,4.77 4.81,5.19 -0.85,2.71 -3.56,4.33 -7.37,6.67 -1.1,0.68 -1.58,2.21 -0.79,3.03 2.11,-0.77 5.01,-2.59 6.85,-3.91 -0.78,0.94 -2.22,2.4 -2.97,3.3 -1.12,1.32 -0.66,1.98 0.11,2.49 2.32,-1.66 4.89,-4.36 6.37,-6.45 l 1.86,-0.73 c -0.73,-2.76 -0.87,-4.97 -0.89,-7.39 -3.33,-0.25 -5.87,-0.61 -7.98,-2.2 z" style="fill:#333333" />
        </g>
	<polygon id="hex-e16" points="255.75,471.15 239.88,498.65 208.12,498.65 192.25,471.15 208.12,443.66 239.88,443.66" style="fill:#c8e0c0;stroke:#000000;stroke-width:0.5px"/>
	<polygon id="hex-e18" points="255.75,526.59 239.88,554.08 208.12,554.08 192.25,526.59 208.12,499.09 239.88,499.09" style="fill:#a8c0a0;stroke:#000000;stroke-width:0.5px"/>
	<polygon id="hex-e20" points="255.75,582.01 239.88,609.51 208.12,609.51 192.25,582.01 208.12,554.52 239.88,554.52" style="fill:#c8e0c0;stroke:#000000;stroke-width:0.5px"/>
	<polygon id="hex-e22" points="255.75,637.45 239.88,664.94 208.12,664.94 192.25,637.45 208.12,609.95 239.88,609.95" style="fill:#c8e0c0;stroke:#000000;stroke-width:0.5px"/>
	<g id="city-e24">
          <polygon id="hex-e24" points="255.75,692.88 239.88,720.37 208.12,720.37 192.25,692.88 208.12,665.38 239.88,665.38" style="fill:#da70d6;stroke:#000000;stroke-width:0.5px"/>
          <path d="m 223.89,673.13 c -1.05,0 -1.97,0.66 -2.69,1.61 -0.72,0.95 -1.31,2.24 -1.82,3.81 -1,3.13 -1.61,7.38 -1.61,12.06 0.12,4.38 0.38,8.17 1.61,12.07 0.5,1.56 1.1,2.85 1.82,3.81 0.54,0.72 1.2,1.27 1.93,1.5 v 3.13 h -5.94 v 1.51 h 13.4 v -1.51 h -5.94 v -3.13 c 0.74,-0.23 1.39,-0.78 1.93,-1.5 0.72,-0.95 1.31,-2.24 1.82,-3.81 0.35,-1.1 0.65,-2.34 0.9,-3.69 1.41,-0.56 2.69,-1.26 2.69,-1.26 1.77,0.23 4.04,0.64 4.61,1.61 0.33,0.57 -0.14,1.51 0.28,1.86 1.1,0.9 1.97,0.09 2.16,-0.51 0.18,-1.12 0.23,-2.15 -0.17,-3.06 -0.18,-0.42 -2.94,-2 -4.9,-2.6 2.28,0.38 5.93,0.75 6.06,1.25 0.22,0.82 -0.06,1.98 0.64,2.13 1.58,0.34 1.82,0.05 1.93,-1.26 0.08,-0.79 0.13,-1.49 -0.39,-2.14 -0.55,-0.69 -4.77,-1.81 -6.52,-2.14 2.08,-1.36 2.3,-1.63 3.04,-2.38 2.79,-0.38 3.66,-1.53 4.17,-3.32 0.9,-0.49 0.38,-1.65 -0.06,-1.67 -1.3,-0.06 -3.08,0.08 -4.29,-0.42 -0.47,-0.63 -1.27,-1.04 -2.15,-1.41 -0.27,-0.64 0.44,-2.14 -0.11,-2.73 -0.81,0.33 -1.83,1.95 -2.2,2.58 -0.15,-0.82 -0.72,-1.55 -1.16,-2.21 -1.95,2.37 -1.81,4.02 -3,6.66 -0.18,-3.63 -0.73,-6.88 -1.54,-9.41 -0.5,-1.57 -1.09,-2.86 -1.81,-3.81 -0.72,-0.96 -1.63,-1.62 -2.69,-1.62 z m 0,1.51 c 0.42,0 0.92,0.27 1.48,1.02 0.56,0.74 1.12,1.9 1.59,3.36 0.84,2.61 1.4,6.18 1.51,10.17 -3.41,1.55 -5.08,2.08 -7.84,2.97 0.11,3.66 0.29,4.75 1.1,7.56 1.78,0.33 4.08,0.28 5.92,-0.18 -0.2,0.98 -0.44,1.88 -0.69,2.69 -0.47,1.46 -1.03,2.62 -1.59,3.36 -0.56,0.74 -1.06,1.01 -1.48,1.01 -0.42,0 -0.92,-0.28 -1.48,-1.01 -0.56,-0.74 -1.12,-1.91 -1.59,-3.36 -1.09,-4.36 -1.52,-7.51 -1.53,-11.61 0,-4.56 0.59,-8.69 1.53,-11.6 0.47,-1.46 1.03,-2.62 1.59,-3.36 0.56,-0.74 1.06,-1.02 1.48,-1.02 z m 12.52,10.16 c 0.29,-0.01 0.59,0.35 0.68,0.84 0.1,0.52 -0.08,0.99 -0.38,1.05 -0.31,0.06 -0.64,-0.32 -0.74,-0.84 -0.09,-0.52 0.08,-0.98 0.38,-1.04 0.02,-0.01 0.04,-0.01 0.06,-0.01 z m -28.07,5.94 c 0.52,2.38 0.81,4.77 4.81,5.19 -0.85,2.71 -3.56,4.33 -7.37,6.67 -1.1,0.68 -1.58,2.21 -0.79,3.03 2.11,-0.77 5.01,-2.59 6.85,-3.91 -0.78,0.94 -2.22,2.4 -2.97,3.3 -1.12,1.32 -0.66,1.98 0.11,2.49 2.32,-1.66 4.89,-4.36 6.37,-6.45 l 1.86,-0.73 c -0.73,-2.76 -0.87,-4.97 -0.89,-7.39 -3.33,-0.25 -5.87,-0.61 -7.98,-2.2 z" style="fill:#333333" />
        </g>
	<polygon id="hex-e26" points="255.75,748.31 239.88,775.80 208.12,775.80 192.25,748.31 208.12,720.81 239.88,720.81" style="fill:#c8e0c0;stroke:#000000;stroke-width:0.5px"/>
	<polygon id="hex-e28" points="255.75,803.74 239.88,831.23 208.12,831.23 192.25,803.74 208.12,776.24 239.88,776.24" style="fill:#a8c0a0;stroke:#000000;stroke-width:0.5px"/>
	<polygon id="hex-e30" points="255.75,859.17 239.88,886.66 208.12,886.66 192.25,859.17 208.12,831.67 239.88,831.67" style="fill:#c8e0c0;stroke:#000000;stroke-width:0.5px"/>
	<polygon id="hex-f1" points="303.75,55.43 287.88,82.93 256.12,82.93 240.25,55.43 256.12,27.93 287.88,27.93" style="fill:#c8e0c0;stroke:#000000;stroke-width:0.5px"/>
	<polygon id="hex-f3" points="303.75,110.86 287.88,138.36 256.12,138.36 240.25,110.86 256.12,83.36 287.88,83.36" style="fill:#c8e0c0;stroke:#000000;stroke-width:0.5px"/>
	<polygon id="hex-f5" points="303.75,166.29 287.88,193.79 256.12,193.79 240.25,166.29 256.12,138.79 287.88,138.79" style="fill:#c8e0c0;stroke:#000000;stroke-width:0.5px"/>
	<polygon id="hex-f7" points="303.75,221.72 287.88,249.22 256.12,249.22 240.25,221.72 256.12,194.22 287.88,194.22" style="fill:#c8e0c0;stroke:#000000;stroke-width:0.5px"/>
	<polygon id="hex-f9" points="303.75,277.15 287.88,304.65 256.12,304.65 240.25,277.15 256.12,249.65 287.88,249.65" style="fill:#c8e0c0;stroke:#000000;stroke-width:0.5px"/>
	<polygon id="hex-f11" points="303.75,332.58 287.88,360.08 256.12,360.08 240.25,332.58 256.12,305.08 287.88,305.08" style="fill:#c8e0c0;stroke:#000000;stroke-width:0.5px"/>
	<polygon id="hex-f13" points="303.75,388.01 287.88,415.51 256.12,415.51 240.25,388.01 256.12,360.51 287.88,360.51" style="fill:#c8e0c0;stroke:#000000;stroke-width:0.5px"/>
	<polygon id="hex-f15" points="303.75,443.44 287.88,470.94 256.12,470.94 240.25,443.44 256.12,415.94 287.88,415.94" style="fill:#c8e0c0;stroke:#000000;stroke-width:0.5px"/>
	<polygon id="hex-f17" points="303.75,498.87 287.88,526.37 256.12,526.37 240.25,498.87 256.12,471.37 287.88,471.37" style="fill:#c8e0c0;stroke:#000000;stroke-width:0.5px"/>
	<polygon id="hex-f19" points="303.75,554.30 287.88,581.80 256.12,581.80 240.25,554.30 256.12,526.80 287.88,526.80" style="fill:#c8e0c0;stroke:#000000;stroke-width:0.5px"/>
	<polygon id="hex-f21" points="303.75,609.73 287.88,637.23 256.12,637.23 240.25,609.73 256.12,582.23 287.88,582.23" style="fill:#c8e0c0;stroke:#000000;stroke-width:0.5px"/>
	<polygon id="hex-f23" points="303.75,665.16 287.88,692.66 256.12,692.66 240.25,665.16 256.12,637.66 287.88,637.66" style="fill:#c8e0c0;stroke:#000000;stroke-width:0.5px"/>
	<polygon id="hex-f25" points="303.75,720.59 287.88,748.09 256.12,748.09 240.25,720.59 256.12,693.09 287.88,693.09" style="fill:#c8e0c0;stroke:#000000;stroke-width:0.5px"/>
	<polygon id="hex-f27" points="303.75,776.02 287.88,803.52 256.12,803.52 240.25,776.02 256.12,748.52 287.88,748.52" style="fill:#c8e0c0;stroke:#000000;stroke-width:0.5px"/>
	<polygon id="hex-f29" points="303.75,831.45 287.88,858.95 256.12,858.95 240.25,831.45 256.12,803.95 287.88,803.95" style="fill:#c8e0c0;stroke:#000000;stroke-width:0.5px"/>
	<polygon id="hex-f31" points="303.75,886.88 287.88,914.38 256.12,914.38 240.25,886.88 256.12,859.38 287.88,859.38" style="fill:#c8e0c0;stroke:#000000;stroke-width:0.5px"/>
	<g id="city-g0">
          <polygon id="hex-g0" points="351.75,27.71 335.88,55.21 304.12,55.21 288.25,27.72 304.12,0.22 335.88,0.22" style="fill:#fefefe;stroke:#000000;stroke-width:0.5px"/>
          <path d="m 324.90,8.07 -0.01,2.11 -1.55,1.43 2.11,0.01 1.43,1.55 0.01,-2.11 1.55,-1.43 -2.11,-0.01 z m 7.82,4.28 -1.65,1.31 -2.08,-0.31 1.31,1.65 -0.31,2.08 1.65,-1.31 2.08,0.31 -1.31,-1.65 z m -31.17,0.36 -0.61,1.39 0.66,0.28 21.86,9.57 0.7,0.31 -0.01,0.02 0.05,0.02 0.62,-1.41 -0.7,-0.31 -3.77,-1.65 a 8.76,3.74 0 0 1 4.45,-0.52 8.76,3.74 0 0 1 8.76,3.74 8.76,3.74 0 0 1 -8.76,3.74 8.76,3.74 0 0 1 -8.76,-3.74 8.76,3.74 0 0 1 0.71,-1.47 l -2.81,-1.22 c -1.07,0.47 -1.92,1 -2.49,1.53 -0.65,0.61 -0.92,1.18 -0.92,1.72 0,0.54 0.27,1.11 0.92,1.72 0.65,0.61 1.67,1.22 2.97,1.73 2.6,1.03 6.3,1.69 10.38,1.69 4.09,0 7.78,-0.67 10.38,-1.69 1.3,-0.51 2.32,-1.12 2.97,-1.73 0.65,-0.61 0.92,-1.18 0.92,-1.72 0,-0.54 -0.27,-1.11 -0.92,-1.72 -0.65,-0.61 -1.67,-1.22 -2.97,-1.73 -2.6,-1.03 -6.3,-1.69 -10.38,-1.69 -2.26,0 -4.39,0.2 -6.29,0.56 l -16.25,-7.12 z m 17.5,0.37 0.01,1.43 -1.04,0.98 1.43,-0.01 0.98,1.04 -0.01,-1.43 1.04,-0.98 -1.43,0.01 z m -2.46,17.25 c -0.01,1.28 -0.04,2.54 -0.09,3.78 5.77,2.54 10.81,2.54 16.6,0.01 -0.05,-1.25 -0.08,-2.51 -0.09,-3.79 -2.33,0.68 -5.16,1.06 -8.21,1.06 -3.05,0 -5.88,-0.39 -8.21,-1.06 z m -0.17,5.42 c -0.05,0.77 -0.11,1.53 -0.18,2.3 l 0.05,0.02 c 5.93,2.66 11.08,2.66 17.04,0 l 0.05,-0.02 c -0.07,-0.76 -0.13,-1.52 -0.18,-2.29 -5.72,2.36 -11.06,2.36 -16.77,-0.01 z m 17.13,3.89 c -5.98,2.57 -11.53,2.57 -17.49,0 -0.2,1.53 -0.46,3.07 -0.82,4.65 0,4.1 19.13,4.1 19.13,0 -0.36,-1.58 -0.62,-3.12 -0.82,-4.65 z" style="fill:#333333" />
        </g>
	<polygon id="hex-g2" points="351.75,83.14 335.88,110.64 304.12,110.64 288.25,83.14 304.12,55.65 335.88,55.65" style="fill:#c8e0c0;stroke:#000000;stroke-width:0.5px"/>
	<polygon id="hex-g4" points="351.75,138.57 335.88,166.07 304.12,166.07 288.25,138.57 304.12,111.08 335.88,111.08" style="fill:#a8c0a0;stroke:#000000;stroke-width:0.5px"/>
	<polygon id="hex-g6" points="351.75,194.00 335.88,221.50 304.12,221.50 288.25,194.00 304.12,166.51 335.88,166.51" style="fill:#c8e0c0;stroke:#000000;stroke-width:0.5px"/>
	<polygon id="hex-g8" points="351.75,249.44 335.88,276.93 304.12,276.93 288.25,249.44 304.12,221.94 335.88,221.94" style="fill:#c8e0c0;stroke:#000000;stroke-width:0.5px"/>
	<g id="city-g10">
          <polygon id="hex-g10" points="351.75,304.86 335.88,332.36 304.12,332.36 288.25,304.86 304.12,277.37 335.88,277.37" style="fill:#6495ed;stroke:#000000;stroke-width:0.5px"/>
          <path d="m 321.54,285.93 c -0.43,1.76 -0.76,3.17 -1.79,4.25 -1.93,2.06 -4.93,3.28 -9.71,1.94 -1.26,-0.36 -2.37,-1.29 -3.5,-2.68 l -1.18,0.96 c 1.23,1.5 2.57,2.7 4.27,3.18 h 0.01 c 1.22,0.35 2.37,0.52 3.44,0.57 0.69,2.29 1.05,4.49 2.47,6.65 0.17,3.44 -0.34,6.13 -0.92,9.45 -2.47,-0.36 -4.96,-1.17 -7.51,-2.58 l -0.35,1.53 c 9.05,4.8 17.4,2.45 26.44,-0.14 l -0.35,-1.49 c -5.56,1.6 -10.66,3.06 -15.75,2.89 0.73,-3.14 1.21,-6.28 1.49,-9.43 3.83,1.33 6.5,2.74 8.82,5.02 l 1.39,-1.33 c -2.15,-2.47 -5.76,-4.83 -9.43,-6.4 -0.56,-1.91 -1.07,-3.3 -1.11,-5.17 1.01,-0.51 1.88,-1.17 2.6,-1.94 1.34,-1.42 1.72,-3.18 2.14,-4.92 z m -7.36,0.56 c -0.08,0 -0.14,0.01 -0.22,0.02 -0.39,0.08 -0.73,0.36 -0.96,0.86 -0.24,0.5 -0.35,1.2 -0.19,1.94 0.14,0.74 0.5,1.35 0.91,1.72 0.41,0.36 0.84,0.5 1.22,0.42 0.39,-0.08 0.73,-0.36 0.96,-0.86 0.24,-0.5 0.34,-1.2 0.19,-1.94 -0.13,-0.73 -0.49,-1.34 -0.9,-1.71 -0.34,-0.3 -0.68,-0.45 -1.01,-0.45 z m -13.68,21.28 v 16.04 h 1.33 l 3.7,-16.04 z m 33.97,0 3.71,16.04 h 1.33 v -16.04 z" style="fill:#333333" />
        </g>
	<polygon id="hex-g12" points="351.75,360.29 335.88,387.79 304.12,387.79 288.25,360.29 304.12,332.80 335.88,332.80" style="fill:#c8e0c0;stroke:#000000;stroke-width:0.5px"/>
	<polygon id="hex-g14" points="351.75,415.72 335.88,443.22 304.12,443.22 288.25,415.72 304.12,388.23 335.88,388.23" style="fill:#a8c0a0;stroke:#000000;stroke-width:0.5px"/>
	<polygon id="hex-g16" points="351.75,471.15 335.88,498.65 304.12,498.65 288.25,471.15 304.12,443.66 335.88,443.66" style="fill:#c8e0c0;stroke:#000000;stroke-width:0.5px"/>
	<polygon id="hex-g18" points="351.75,526.59 335.88,554.08 304.12,554.08 288.25,526.59 304.12,499.09 335.88,499.09" style="fill:#c8e0c0;stroke:#000000;stroke-width:0.5px"/>
	<g id="city-g20">
          <polygon id="hex-g20" points="351.75,582.01 335.88,609.51 304.12,609.51 288.25,582.01 304.12,554.52 335.88,554.52" style="fill:#6495ed;stroke:#000000;stroke-width:0.5px"/>
          <path d="m 321.54,563.08 c -0.43,1.76 -0.76,3.17 -1.79,4.25 -1.93,2.06 -4.93,3.28 -9.71,1.94 -1.26,-0.36 -2.37,-1.29 -3.5,-2.68 l -1.18,0.96 c 1.23,1.5 2.57,2.7 4.27,3.18 h 0.01 c 1.22,0.35 2.37,0.52 3.44,0.57 0.69,2.29 1.05,4.49 2.47,6.65 0.17,3.44 -0.34,6.13 -0.92,9.45 -2.47,-0.36 -4.96,-1.17 -7.51,-2.58 l -0.35,1.53 c 9.05,4.8 17.4,2.45 26.44,-0.14 l -0.35,-1.49 c -5.56,1.6 -10.66,3.06 -15.75,2.89 0.73,-3.14 1.21,-6.28 1.49,-9.43 3.83,1.33 6.5,2.74 8.82,5.02 l 1.39,-1.33 c -2.15,-2.47 -5.76,-4.83 -9.43,-6.4 -0.56,-1.91 -1.07,-3.3 -1.11,-5.17 1.01,-0.51 1.88,-1.17 2.6,-1.94 1.34,-1.42 1.72,-3.18 2.14,-4.92 z m -7.36,0.56 c -0.08,0 -0.14,0.01 -0.22,0.02 -0.39,0.08 -0.73,0.36 -0.96,0.86 -0.24,0.5 -0.35,1.2 -0.19,1.94 0.14,0.74 0.5,1.35 0.91,1.72 0.41,0.36 0.84,0.5 1.22,0.42 0.39,-0.08 0.73,-0.36 0.96,-0.86 0.24,-0.5 0.34,-1.2 0.19,-1.94 -0.13,-0.73 -0.49,-1.34 -0.9,-1.71 -0.34,-0.3 -0.68,-0.45 -1.01,-0.45 z m -13.68,21.28 v 16.04 h 1.33 l 3.7,-16.04 z m 33.97,0 3.71,16.04 h 1.33 v -16.04 z" style="fill:#333333" />
        </g>
	<polygon id="hex-g22" points="351.75,637.45 335.88,664.94 304.12,664.94 288.25,637.45 304.12,609.95 335.88,609.95" style="fill:#c8e0c0;stroke:#000000;stroke-width:0.5px"/>
	<polygon id="hex-g24" points="351.75,692.88 335.88,720.37 304.12,720.37 288.25,692.88 304.12,665.38 335.88,665.38" style="fill:#a8c0a0;stroke:#000000;stroke-width:0.5px"/>
	<polygon id="hex-g26" points="351.75,748.31 335.88,775.80 304.12,775.80 288.25,748.31 304.12,720.81 335.88,720.81" style="fill:#c8e0c0;stroke:#000000;stroke-width:0.5px"/>
	<polygon id="hex-g28" points="351.75,803.74 335.88,831.23 304.12,831.23 288.25,803.74 304.12,776.24 335.88,776.24" style="fill:#c8e0c0;stroke:#000000;stroke-width:0.5px"/>
        <g id="city-g30">
	  <polygon id="hex-g30" points="351.75,859.17 335.88,886.66 304.12,886.66 288.25,859.17 304.12,831.67 335.88,831.67" style="fill:#6495ed;stroke:#000000;stroke-width:0.5px"/>
          <path d="m 321.54,840.23 c -0.43,1.76 -0.76,3.17 -1.79,4.25 -1.93,2.06 -4.93,3.28 -9.71,1.94 -1.26,-0.36 -2.37,-1.29 -3.5,-2.68 l -1.18,0.96 c 1.23,1.5 2.57,2.7 4.27,3.18 h 0.01 c 1.22,0.35 2.37,0.52 3.44,0.57 0.69,2.29 1.05,4.49 2.47,6.65 0.17,3.44 -0.34,6.13 -0.92,9.45 -2.47,-0.36 -4.96,-1.17 -7.51,-2.58 l -0.35,1.53 c 9.05,4.8 17.4,2.45 26.44,-0.14 l -0.35,-1.49 c -5.56,1.6 -10.66,3.06 -15.75,2.89 0.73,-3.14 1.21,-6.28 1.49,-9.43 3.83,1.33 6.5,2.74 8.82,5.02 l 1.39,-1.33 c -2.15,-2.47 -5.76,-4.83 -9.43,-6.4 -0.56,-1.91 -1.07,-3.3 -1.11,-5.17 1.01,-0.51 1.88,-1.17 2.6,-1.94 1.34,-1.42 1.72,-3.18 2.14,-4.92 z m -7.36,0.56 c -0.08,0 -0.14,0.01 -0.22,0.02 -0.39,0.08 -0.73,0.36 -0.96,0.86 -0.24,0.5 -0.35,1.2 -0.19,1.94 0.14,0.74 0.5,1.35 0.91,1.72 0.41,0.36 0.84,0.5 1.22,0.42 0.39,-0.08 0.73,-0.36 0.96,-0.86 0.24,-0.5 0.34,-1.2 0.19,-1.94 -0.13,-0.73 -0.49,-1.34 -0.9,-1.71 -0.34,-0.3 -0.68,-0.45 -1.01,-0.45 z m -13.68,21.28 v 16.04 h 1.33 l 3.7,-16.04 z m 33.97,0 3.71,16.04 h 1.33 v -16.04 z" style="fill:#333333" />
        </g>
	<polygon id="hex-h1" points="399.75,55.43 383.88,82.93 352.12,82.93 336.25,55.43 352.12,27.93 383.88,27.93" style="fill:#c8e0c0;stroke:#000000;stroke-width:0.5px"/>
	<polygon id="hex-h3" points="399.75,110.86 383.88,138.36 352.12,138.36 336.25,110.86 352.12,83.36 383.88,83.36" style="fill:#c8e0c0;stroke:#000000;stroke-width:0.5px"/>
	<polygon id="hex-h5" points="399.75,166.29 383.88,193.79 352.12,193.79 336.25,166.29 352.12,138.79 383.88,138.79" style="fill:#c8e0c0;stroke:#000000;stroke-width:0.5px"/>
	<polygon id="hex-h7" points="399.75,221.72 383.88,249.22 352.12,249.22 336.25,221.72 352.12,194.22 383.88,194.22" style="fill:#c8e0c0;stroke:#000000;stroke-width:0.5px"/>
	<polygon id="hex-h9" points="399.75,277.15 383.88,304.65 352.12,304.65 336.25,277.15 352.12,249.65 383.88,249.65" style="fill:#c8e0c0;stroke:#000000;stroke-width:0.5px"/>
	<polygon id="hex-h11" points="399.75,332.58 383.88,360.08 352.12,360.08 336.25,332.58 352.12,305.08 383.88,305.08" style="fill:#c8e0c0;stroke:#000000;stroke-width:0.5px"/>
	<polygon id="hex-h13" points="399.75,388.01 383.88,415.51 352.12,415.51 336.25,388.01 352.12,360.51 383.88,360.51" style="fill:#c8e0c0;stroke:#000000;stroke-width:0.5px"/>
	<polygon id="hex-h15" points="399.75,443.44 383.88,470.94 352.12,470.94 336.25,443.44 352.12,415.94 383.88,415.94" style="fill:#c8e0c0;stroke:#000000;stroke-width:0.5px"/>
	<polygon id="hex-h17" points="399.75,498.87 383.88,526.37 352.12,526.37 336.25,498.87 352.12,471.37 383.88,471.37" style="fill:#c8e0c0;stroke:#000000;stroke-width:0.5px"/>
	<polygon id="hex-h19" points="399.75,554.30 383.88,581.80 352.12,581.80 336.25,554.30 352.12,526.80 383.88,526.80" style="fill:#c8e0c0;stroke:#000000;stroke-width:0.5px"/>
	<polygon id="hex-h21" points="399.75,609.73 383.88,637.23 352.12,637.23 336.25,609.73 352.12,582.23 383.88,582.23" style="fill:#c8e0c0;stroke:#000000;stroke-width:0.5px"/>
	<polygon id="hex-h23" points="399.75,665.16 383.88,692.66 352.12,692.66 336.25,665.16 352.12,637.66 383.88,637.66" style="fill:#c8e0c0;stroke:#000000;stroke-width:0.5px"/>
	<polygon id="hex-h25" points="399.75,720.59 383.88,748.09 352.12,748.09 336.25,720.59 352.12,693.09 383.88,693.09" style="fill:#c8e0c0;stroke:#000000;stroke-width:0.5px"/>
	<polygon id="hex-h27" points="399.75,776.02 383.88,803.52 352.12,803.52 336.25,776.02 352.12,748.52 383.88,748.52" style="fill:#c8e0c0;stroke:#000000;stroke-width:0.5px"/>
	<polygon id="hex-h29" points="399.75,831.45 383.88,858.95 352.12,858.95 336.25,831.45 352.12,803.95 383.88,803.95" style="fill:#c8e0c0;stroke:#000000;stroke-width:0.5px"/>
	<polygon id="hex-h31" points="399.75,886.88 383.88,914.38 352.12,914.38 336.25,886.88 352.12,859.38 383.88,859.38" style="fill:#c8e0c0;stroke:#000000;stroke-width:0.5px"/>
	<polygon id="hex-i2" points="447.75,83.14 431.88,110.64 400.12,110.64 384.25,83.14 400.12,55.65 431.88,55.65" style="fill:#c8e0c0;stroke:#000000;stroke-width:0.5px"/>
	<polygon id="hex-i4" points="447.75,138.57 431.88,166.07 400.12,166.07 384.25,138.57 400.12,111.08 431.88,111.08" style="fill:#c8e0c0;stroke:#000000;stroke-width:0.5px"/>
	<g id="city-i6">
          <polygon id="hex-i6" points="447.75,194.00 431.88,221.50 400.12,221.50 384.25,194.00 400.12,166.51 431.88,166.51" style="fill:#da70d6;stroke:#000000;stroke-width:0.5px"/>
          <path d="m 415.89,174.26 c -1.05,0 -1.97,0.66 -2.69,1.61 -0.72,0.95 -1.31,2.24 -1.82,3.81 -1,3.13 -1.61,7.38 -1.61,12.06 0.12,4.38 0.38,8.17 1.61,12.07 0.5,1.56 1.1,2.85 1.82,3.81 0.54,0.72 1.2,1.27 1.93,1.5 v 3.13 h -5.94 v 1.51 h 13.4 v -1.51 h -5.94 v -3.13 c 0.74,-0.23 1.39,-0.78 1.93,-1.5 0.72,-0.95 1.31,-2.24 1.82,-3.81 0.35,-1.1 0.65,-2.34 0.9,-3.69 1.41,-0.56 2.69,-1.26 2.69,-1.26 1.77,0.23 4.04,0.64 4.61,1.61 0.33,0.57 -0.14,1.51 0.28,1.86 1.1,0.9 1.97,0.09 2.16,-0.51 0.18,-1.12 0.23,-2.15 -0.17,-3.06 -0.18,-0.42 -2.94,-2 -4.9,-2.6 2.28,0.38 5.93,0.75 6.06,1.25 0.22,0.82 -0.06,1.98 0.64,2.13 1.58,0.34 1.82,0.05 1.93,-1.26 0.08,-0.79 0.13,-1.49 -0.39,-2.14 -0.55,-0.69 -4.77,-1.81 -6.52,-2.14 2.08,-1.36 2.3,-1.63 3.04,-2.38 2.79,-0.38 3.66,-1.53 4.17,-3.32 0.9,-0.49 0.38,-1.65 -0.06,-1.67 -1.3,-0.06 -3.08,0.08 -4.29,-0.42 -0.47,-0.63 -1.27,-1.04 -2.15,-1.41 -0.27,-0.64 0.44,-2.14 -0.11,-2.73 -0.81,0.33 -1.83,1.95 -2.2,2.58 -0.15,-0.82 -0.72,-1.55 -1.16,-2.21 -1.95,2.37 -1.81,4.02 -3,6.66 -0.18,-3.63 -0.73,-6.88 -1.54,-9.41 -0.5,-1.57 -1.09,-2.86 -1.81,-3.81 -0.72,-0.96 -1.63,-1.62 -2.69,-1.62 z m 0,1.51 c 0.42,0 0.92,0.27 1.48,1.02 0.56,0.74 1.12,1.9 1.59,3.36 0.84,2.61 1.4,6.18 1.51,10.17 -3.41,1.55 -5.08,2.08 -7.84,2.97 0.11,3.66 0.29,4.75 1.1,7.56 1.78,0.33 4.08,0.28 5.92,-0.18 -0.2,0.98 -0.44,1.88 -0.69,2.69 -0.47,1.46 -1.03,2.62 -1.59,3.36 -0.56,0.74 -1.06,1.01 -1.48,1.01 -0.42,0 -0.92,-0.28 -1.48,-1.01 -0.56,-0.74 -1.12,-1.91 -1.59,-3.36 -1.09,-4.36 -1.52,-7.51 -1.53,-11.61 0,-4.56 0.59,-8.69 1.53,-11.6 0.47,-1.46 1.03,-2.62 1.59,-3.36 0.56,-0.74 1.06,-1.02 1.48,-1.02 z m 12.52,10.16 c 0.29,-0.01 0.59,0.35 0.68,0.84 0.1,0.52 -0.08,0.99 -0.38,1.05 -0.31,0.06 -0.64,-0.32 -0.74,-0.84 -0.09,-0.52 0.08,-0.98 0.38,-1.04 0.02,-0.01 0.04,-0.01 0.06,-0.01 z m -28.07,5.94 c 0.52,2.38 0.81,4.77 4.81,5.19 -0.85,2.71 -3.56,4.33 -7.37,6.67 -1.1,0.68 -1.58,2.21 -0.79,3.03 2.11,-0.77 5.01,-2.59 6.85,-3.91 -0.78,0.94 -2.22,2.4 -2.97,3.3 -1.12,1.32 -0.66,1.98 0.11,2.49 2.32,-1.66 4.89,-4.36 6.37,-6.45 l 1.86,-0.73 c -0.73,-2.76 -0.87,-4.97 -0.89,-7.39 -3.33,-0.25 -5.87,-0.61 -7.98,-2.2 z" style="fill:#333333" />
        </g>
	<polygon id="hex-i8" points="447.75,249.44 431.88,276.93 400.12,276.93 384.25,249.44 400.12,221.94 431.88,221.94" style="fill:#c8e0c0;stroke:#000000;stroke-width:0.5px"/>
	<polygon id="hex-i10" points="447.75,304.86 431.88,332.36 400.12,332.36 384.25,304.86 400.12,277.37 431.88,277.37" style="fill:#a8c0a0;stroke:#000000;stroke-width:0.5px"/>
	<polygon id="hex-i12" points="447.75,360.29 431.88,387.79 400.12,387.79 384.25,360.29 400.12,332.80 431.88,332.80" style="fill:#c8e0c0;stroke:#000000;stroke-width:0.5px"/>
	<polygon id="hex-i14" points="447.75,415.72 431.88,443.22 400.12,443.22 384.25,415.72 400.12,388.23 431.88,388.23" style="fill:#c8e0c0;stroke:#000000;stroke-width:0.5px"/>
	<g id="city-i16">
          <polygon id="hex-i16" points="447.75,471.15 431.88,498.65 400.12,498.65 384.25,471.15 400.12,443.66 431.88,443.66" style="fill:#ffff66;stroke:#000000;stroke-width:0.5px"/>
          <path d="m 417.79,451.50 c -1.59,0 -2.85,1.31 -2.85,2.89 0,1.59 1.26,2.85 2.85,2.85 1.59,0 2.85,-1.26 2.85,-2.85 0,-1.59 -1.26,-2.89 -2.85,-2.89 z m -12.79,5.14 c -1.59,0 -2.85,1.31 -2.85,2.9 0,1.59 1.26,2.85 2.85,2.85 1.59,0 2.85,-1.26 2.85,-2.85 0,-1.59 -1.26,-2.9 -2.85,-2.9 z m 23.9,1.91 c -1.59,0 -2.85,1.31 -2.85,2.9 0,1.59 1.26,2.85 2.85,2.85 1.59,0 2.85,-1.26 2.85,-2.85 0,-1.59 -1.26,-2.9 -2.85,-2.9 z m -13.64,4.83 c -0.27,0 -0.55,0.04 -0.82,0.11 -2.16,0.58 -3.29,3.34 -2.53,6.17 0.29,1.1 0.83,2.04 1.5,2.76 -1.62,0.38 -2.87,1.13 -3.4,2.06 l -0.03,-0.01 -3.5,5.42 -4.26,-1.84 c -2.47,-1.36 -5.18,2.02 -2.57,3.5 l 7.94,3.7 3.2,-4.21 c 1.81,3.26 1.32,6.51 -2.11,9.77 h 14.22 c -3.35,-3.21 -3.57,-6.42 -1.96,-9.64 l 3.09,4.07 7.94,-3.7 c 0.98,-0.56 1.2,-1.38 0.98,-2.13 -0.69,0.44 -1.51,0.7 -2.38,0.7 -1.2,0 -2.28,-0.48 -3.08,-1.26 l -2.35,1.02 -3.5,-5.42 v 0 c -0.46,-0.77 -1.45,-1.43 -2.74,-1.84 0.98,-1.2 1.34,-3.1 0.82,-5.04 -0.66,-2.48 -2.55,-4.18 -4.46,-4.19 z m -13.8,5.13 c -1.59,0 -2.85,1.31 -2.85,2.89 0,1.59 1.26,2.85 2.85,2.85 1.59,0 2.85,-1.26 2.85,-2.85 0,-1.59 -1.26,-2.89 -2.85,-2.89 z m 29.1,4.3 c -1.59,0 -2.85,1.31 -2.85,2.9 0,1.59 1.26,2.85 2.85,2.85 1.59,0 2.85,-1.26 2.85,-2.85 0,-1.59 -1.26,-2.9 -2.85,-2.9 z" style="fill:#333333" />
        </g>
	<polygon id="hex-i18" points="447.75,526.59 431.88,554.08 400.12,554.08 384.25,526.59 400.12,499.09 431.88,499.09" style="fill:#c8e0c0;stroke:#000000;stroke-width:0.5px"/>
	<polygon id="hex-i20" points="447.75,582.01 431.88,609.51 400.12,609.51 384.25,582.01 400.12,554.52 431.88,554.52" style="fill:#a8c0a0;stroke:#000000;stroke-width:0.5px"/>
	<polygon id="hex-i22" points="447.75,637.45 431.88,664.94 400.12,664.94 384.25,637.45 400.12,609.95 431.88,609.95" style="fill:#c8e0c0;stroke:#000000;stroke-width:0.5px"/>
	<polygon id="hex-i24" points="447.75,692.88 431.88,720.37 400.12,720.37 384.25,692.88 400.12,665.38 431.88,665.38" style="fill:#c8e0c0;stroke:#000000;stroke-width:0.5px"/>
	<g id="city-i26">
          <polygon id="hex-i26" points="447.75,748.31 431.88,775.80 400.12,775.80 384.25,748.31 400.12,720.81 431.88,720.81" style="fill:#ffff66;stroke:#000000;stroke-width:0.5px"/>
          <path d="m 417.79,728.65 c -1.59,0 -2.85,1.31 -2.85,2.89 0,1.59 1.26,2.85 2.85,2.85 1.59,0 2.85,-1.26 2.85,-2.85 0,-1.59 -1.26,-2.89 -2.85,-2.89 z m -12.79,5.14 c -1.59,0 -2.85,1.31 -2.85,2.9 0,1.59 1.26,2.85 2.85,2.85 1.59,0 2.85,-1.26 2.85,-2.85 0,-1.59 -1.26,-2.9 -2.85,-2.9 z m 23.9,1.91 c -1.59,0 -2.85,1.31 -2.85,2.9 0,1.59 1.26,2.85 2.85,2.85 1.59,0 2.85,-1.26 2.85,-2.85 0,-1.59 -1.26,-2.9 -2.85,-2.9 z m -13.64,4.83 c -0.27,0 -0.55,0.04 -0.82,0.11 -2.16,0.58 -3.29,3.34 -2.53,6.17 0.29,1.1 0.83,2.04 1.5,2.76 -1.62,0.38 -2.87,1.13 -3.4,2.06 l -0.03,-0.01 -3.5,5.42 -4.26,-1.84 c -2.47,-1.36 -5.18,2.02 -2.57,3.5 l 7.94,3.7 3.2,-4.21 c 1.81,3.26 1.32,6.51 -2.11,9.77 h 14.22 c -3.35,-3.21 -3.57,-6.42 -1.96,-9.64 l 3.09,4.07 7.94,-3.7 c 0.98,-0.56 1.2,-1.38 0.98,-2.13 -0.69,0.44 -1.51,0.7 -2.38,0.7 -1.2,0 -2.28,-0.48 -3.08,-1.26 l -2.35,1.02 -3.5,-5.42 v 0 c -0.46,-0.77 -1.45,-1.43 -2.74,-1.84 0.98,-1.2 1.34,-3.1 0.82,-5.04 -0.66,-2.48 -2.55,-4.18 -4.46,-4.19 z m -13.8,5.13 c -1.59,0 -2.85,1.31 -2.85,2.89 0,1.59 1.26,2.85 2.85,2.85 1.59,0 2.85,-1.26 2.85,-2.85 0,-1.59 -1.26,-2.89 -2.85,-2.89 z m 29.1,4.3 c -1.59,0 -2.85,1.31 -2.85,2.9 0,1.59 1.26,2.85 2.85,2.85 1.59,0 2.85,-1.26 2.85,-2.85 0,-1.59 -1.26,-2.9 -2.85,-2.9 z" style="fill:#333333" />
        </g>
	<polygon id="hex-i28" points="447.75,803.74 431.88,831.23 400.12,831.23 384.25,803.74 400.12,776.24 431.88,776.24" style="fill:#c8e0c0;stroke:#000000;stroke-width:0.5px"/>
	<polygon id="hex-i30" points="447.75,859.17 431.88,886.66 400.12,886.66 384.25,859.17 400.12,831.67 431.88,831.67" style="fill:#a8c0a0;stroke:#000000;stroke-width:0.5px"/>
	<polygon id="hex-j1" points="495.75,55.43 479.88,82.93 448.12,82.93 432.25,55.43 448.12,27.93 479.88,27.93" style="fill:#c8e0c0;stroke:#000000;stroke-width:0.5px"/>
	<polygon id="hex-j3" points="495.75,110.86 479.88,138.36 448.12,138.36 432.25,110.86 448.12,83.36 479.88,83.36" style="fill:#c8e0c0;stroke:#000000;stroke-width:0.5px"/>
	<polygon id="hex-j5" points="495.75,166.29 479.88,193.79 448.12,193.79 432.25,166.29 448.12,138.79 479.88,138.79" style="fill:#c8e0c0;stroke:#000000;stroke-width:0.5px"/>
	<polygon id="hex-j7" points="495.75,221.72 479.88,249.22 448.12,249.22 432.25,221.72 448.12,194.22 479.88,194.22" style="fill:#c8e0c0;stroke:#000000;stroke-width:0.5px"/>
	<polygon id="hex-j9" points="495.75,277.15 479.88,304.65 448.12,304.65 432.25,277.15 448.12,249.65 479.88,249.65" style="fill:#c8e0c0;stroke:#000000;stroke-width:0.5px"/>
	<polygon id="hex-j11" points="495.75,332.58 479.88,360.08 448.12,360.08 432.25,332.58 448.12,305.08 479.88,305.08" style="fill:#c8e0c0;stroke:#000000;stroke-width:0.5px"/>
	<polygon id="hex-j13" points="495.75,388.01 479.88,415.51 448.12,415.51 432.25,388.01 448.12,360.51 479.88,360.51" style="fill:#c8e0c0;stroke:#000000;stroke-width:0.5px"/>
	<polygon id="hex-j15" points="495.75,443.44 479.88,470.94 448.12,470.94 432.25,443.44 448.12,415.94 479.88,415.94" style="fill:#c8e0c0;stroke:#000000;stroke-width:0.5px"/>
	<polygon id="hex-j17" points="495.75,498.87 479.88,526.37 448.12,526.37 432.25,498.87 448.12,471.37 479.88,471.37" style="fill:#c8e0c0;stroke:#000000;stroke-width:0.5px"/>
	<polygon id="hex-j19" points="495.75,554.30 479.88,581.80 448.12,581.80 432.25,554.30 448.12,526.80 479.88,526.80" style="fill:#c8e0c0;stroke:#000000;stroke-width:0.5px"/>
	<polygon id="hex-j21" points="495.75,609.73 479.88,637.23 448.12,637.23 432.25,609.73 448.12,582.23 479.88,582.23" style="fill:#c8e0c0;stroke:#000000;stroke-width:0.5px"/>
	<polygon id="hex-j23" points="495.75,665.16 479.88,692.66 448.12,692.66 432.25,665.16 448.12,637.66 479.88,637.66" style="fill:#c8e0c0;stroke:#000000;stroke-width:0.5px"/>
	<polygon id="hex-j25" points="495.75,720.59 479.88,748.09 448.12,748.09 432.25,720.59 448.12,693.09 479.88,693.09" style="fill:#c8e0c0;stroke:#000000;stroke-width:0.5px"/>
	<polygon id="hex-j27" points="495.75,776.02 479.88,803.52 448.12,803.52 432.25,776.02 448.12,748.52 479.88,748.52" style="fill:#c8e0c0;stroke:#000000;stroke-width:0.5px"/>
	<polygon id="hex-j29" points="495.75,831.45 479.88,858.95 448.12,858.95 432.25,831.45 448.12,803.95 479.88,803.95" style="fill:#c8e0c0;stroke:#000000;stroke-width:0.5px"/>
	<polygon id="hex-j31" points="495.75,886.88 479.88,914.38 448.12,914.38 432.25,886.88 448.12,859.38 479.88,859.38" style="fill:#c8e0c0;stroke:#000000;stroke-width:0.5px"/>
	<g id="city-k2">
          <polygon id="hex-k2" points="543.75,83.14 527.88,110.64 496.12,110.64 480.25,83.14 496.12,55.65 527.88,55.65" style="fill:#ff9f00;stroke:#000000;stroke-width:0.5px"/>
          <path d="m 497.72,63.39 c -2.44,0 -4.41,1.96 -4.41,4.41 0,2.44 1.97,4.41 4.41,4.41 2.44,0 4.41,-1.97 4.41,-4.41 0,-2.44 -1.97,-4.41 -4.41,-4.41 z m 11.19,2.25 c -0.22,0.35 -0.34,0.81 -0.38,1.3 -1.76,-0.06 -3.32,-0.09 -4.94,-0.06 0.07,0.53 0.09,1.03 0.03,1.53 1.68,-0.02 3.31,0 4.93,0.07 0.03,0.26 0.06,0.51 0.1,0.7 -1.01,2.07 -2.15,3.74 -2.74,5.97 0.19,2.09 0.44,4.51 1.96,6.59 0.42,1.69 0.77,3.37 1.24,5.05 0.18,-2.13 0.64,-4.4 1.81,-6.71 -0.16,-0.77 -0.18,-1.46 -0.11,-2.18 -0.36,-0.69 -0.83,-1.37 -1.63,-2.03 1.09,-2.02 1.12,-3.92 1.49,-6.09 l 1.65,-0.41 c 0.15,-0.2 0.28,-0.42 0.37,-0.64 2.63,0.22 5.19,0.53 7.68,0.93 0.05,-0.52 0.17,-1.02 0.35,-1.49 -2.51,-0.4 -5.09,-0.72 -7.73,-0.95 0,-0.39 -0.03,-0.79 -0.09,-1.2 -1.44,-0.23 -2.67,-0.52 -3.99,-0.38 z m 17.38,0.21 c -2.44,0 -4.41,1.96 -4.41,4.41 0,2.44 1.97,4.41 4.41,4.41 2.44,0 4.41,-1.97 4.41,-4.41 0,-2.44 -1.97,-4.41 -4.41,-4.41 z m -11.45,9.16 c -0.64,0 -1.24,0.33 -1.72,0.98 -0.49,0.64 -0.82,1.59 -0.82,2.65 0,0.56 0.09,1.15 0.25,1.62 0.75,-0.26 1.53,-0.64 2.26,-1.27 0.67,0.54 1.41,0.92 2.27,1.27 0.19,-0.5 0.297,-1.01 0.3,-1.62 0,-1.06 -0.33,-2.01 -0.82,-2.65 -0.48,-0.65 -1.09,-0.98 -1.72,-0.98 z m -0.03,4.99 c -0.58,0.9 -0.75,1.25 -1.84,1.09 0.45,0.63 1.08,1.2 1.86,1.19 0.88,-0.01 1.46,-0.55 1.85,-1.17 -0.95,0.07 -1.43,-0.26 -1.87,-1.11 z m 5.15,2.4 c 0.2,2.13 0.31,3.34 0.13,5.41 0.19,0.27 0.24,1.62 0.94,1.91 -1.09,0.55 -1.49,2.04 -2.09,2.63 -1.54,1.83 -2.64,4.69 -3.7,7.32 0.31,1.09 0.7,2.16 1.16,3.23 h 4.82 c -0.47,-2.31 -1.15,-4.64 -1.88,-6.96 0.29,-0.46 0.25,-0.34 0.55,-1.95 1.26,-0.86 4,-2.31 4.46,-4.2 -0.42,-1.69 -0.99,-2.78 -1.99,-4.23 0.24,-2.05 -1.37,-2.61 -2.41,-3.14 z m -8.5,0.29 c -0.3,0.88 -0.5,1.75 -0.64,2.62 l 1.18,-0.1 c -0.27,-0.82 -0.42,-1.7 -0.53,-2.52 z m 5.59,0.3 c -0.63,0.51 -1.39,0.82 -2.21,0.82 -0.63,0 -1.21,-0.18 -1.73,-0.48 0.04,0.2 0.08,0.41 0.13,0.61 0.16,0.72 0.4,1.42 0.68,1.9 0.27,0.47 0.51,0.64 0.75,0.65 0.26,0.02 0.56,-0.13 0.92,-0.57 0.37,-0.44 0.74,-1.12 1.03,-1.81 0.16,-0.38 0.31,-0.76 0.42,-1.12 z m 1.47,0.42 c -0.24,0.67 -0.45,1.24 -0.73,1.82 l 0.83,0.04 c -0.02,-0.62 -0.05,-1.24 -0.1,-1.86 z m -5.88,3.28 -2.01,0.17 c -0.05,0.65 -0.08,1.31 -0.09,1.95 l 8.02,-0.13 c 0.06,-0.62 0.08,-1.25 0.09,-1.87 l -1.74,-0.09 c -0.64,0.73 -1.57,1.33 -2.35,1.3 -0.87,-0.06 -1.51,-0.65 -1.92,-1.32 z m 5.56,3.52 -7.66,0.13 c -0.08,0.79 0.58,1.37 1.04,1.72 l 5.65,-0.02 c 0.61,-0.68 0.73,-0.95 0.97,-1.83 z m -7.9,2.75 c -1.22,3.31 -2.52,6.6 -3.49,9.93 h 4.5 c 0.57,-1.04 1.09,-2.11 1.53,-3.2 -0.06,-2.7 -1.23,-5.33 -2.53,-6.73 z m 5.96,0.62 -3.55,0.01 c 0.66,1.11 1,2.44 1.27,3.87 l 0.7,-0.07 c 0.52,-1.29 0.9,-2.6 1.58,-3.81 z" style="fill:#333333;stroke:none" />
        </g>
	<polygon id="hex-k4" points="543.75,138.57 527.88,166.07 496.12,166.07 480.25,138.57 496.12,111.08 527.88,111.08" style="fill:#c8e0c0;stroke:#000000;stroke-width:0.5px"/>
	<polygon id="hex-k6" points="543.75,194.00 527.88,221.50 496.12,221.50 480.25,194.00 496.12,166.51 527.88,166.51" style="fill:#a8c0a0;stroke:#000000;stroke-width:0.5px"/>
	<polygon id="hex-k8" points="543.75,249.44 527.88,276.93 496.12,276.93 480.25,249.44 496.12,221.94 527.88,221.94" style="fill:#c8e0c0;stroke:#000000;stroke-width:0.5px"/>
	<polygon id="hex-k10" points="543.75,304.86 527.88,332.36 496.12,332.36 480.25,304.86 496.12,277.37 527.88,277.37" style="fill:#c8e0c0;stroke:#000000;stroke-width:0.5px"/>
	<g id="city-k12">
          <polygon id="hex-k12" points="543.75,360.29 527.88,387.79 496.12,387.79 480.25,360.29 496.12,332.80 527.88,332.80" style="fill:#ff9f00;stroke:#000000;stroke-width:0.5px"/>
          <path d="m 497.72,340.54 c -2.44,0 -4.41,1.96 -4.41,4.41 0,2.44 1.97,4.41 4.41,4.41 2.44,0 4.41,-1.97 4.41,-4.41 0,-2.44 -1.97,-4.41 -4.41,-4.41 z m 11.19,2.25 c -0.22,0.35 -0.34,0.81 -0.38,1.3 -1.76,-0.06 -3.32,-0.09 -4.94,-0.06 0.07,0.53 0.09,1.03 0.03,1.53 1.68,-0.02 3.31,0 4.93,0.07 0.03,0.26 0.06,0.51 0.1,0.7 -1.01,2.07 -2.15,3.74 -2.74,5.97 0.19,2.09 0.44,4.51 1.96,6.59 0.42,1.69 0.77,3.37 1.24,5.05 0.18,-2.13 0.64,-4.4 1.81,-6.71 -0.16,-0.77 -0.18,-1.46 -0.11,-2.18 -0.36,-0.69 -0.83,-1.37 -1.63,-2.03 1.09,-2.02 1.12,-3.92 1.49,-6.09 l 1.65,-0.41 c 0.15,-0.2 0.28,-0.42 0.37,-0.64 2.63,0.22 5.19,0.53 7.68,0.93 0.05,-0.52 0.17,-1.02 0.35,-1.49 -2.51,-0.4 -5.09,-0.72 -7.73,-0.95 0,-0.39 -0.03,-0.79 -0.09,-1.2 -1.44,-0.23 -2.67,-0.52 -3.99,-0.38 z m 17.38,0.21 c -2.44,0 -4.41,1.96 -4.41,4.41 0,2.44 1.97,4.41 4.41,4.41 2.44,0 4.41,-1.97 4.41,-4.41 0,-2.44 -1.97,-4.41 -4.41,-4.41 z m -11.45,9.16 c -0.64,0 -1.24,0.33 -1.72,0.98 -0.49,0.64 -0.82,1.59 -0.82,2.65 0,0.56 0.09,1.15 0.25,1.62 0.75,-0.26 1.53,-0.64 2.26,-1.27 0.67,0.54 1.41,0.92 2.27,1.27 0.19,-0.5 0.297,-1.01 0.3,-1.62 0,-1.06 -0.33,-2.01 -0.82,-2.65 -0.48,-0.65 -1.09,-0.98 -1.72,-0.98 z m -0.03,4.99 c -0.58,0.9 -0.75,1.25 -1.84,1.09 0.45,0.63 1.08,1.2 1.86,1.19 0.88,-0.01 1.46,-0.55 1.85,-1.17 -0.95,0.07 -1.43,-0.26 -1.87,-1.11 z m 5.15,2.4 c 0.2,2.13 0.31,3.34 0.13,5.41 0.19,0.27 0.24,1.62 0.94,1.91 -1.09,0.55 -1.49,2.04 -2.09,2.63 -1.54,1.83 -2.64,4.69 -3.7,7.32 0.31,1.09 0.7,2.16 1.16,3.23 h 4.82 c -0.47,-2.31 -1.15,-4.64 -1.88,-6.96 0.29,-0.46 0.25,-0.34 0.55,-1.95 1.26,-0.86 4,-2.31 4.46,-4.2 -0.42,-1.69 -0.99,-2.78 -1.99,-4.23 0.24,-2.05 -1.37,-2.61 -2.41,-3.14 z m -8.5,0.29 c -0.3,0.88 -0.5,1.75 -0.64,2.62 l 1.18,-0.1 c -0.27,-0.82 -0.42,-1.7 -0.53,-2.52 z m 5.59,0.3 c -0.63,0.51 -1.39,0.82 -2.21,0.82 -0.63,0 -1.21,-0.18 -1.73,-0.48 0.04,0.2 0.08,0.41 0.13,0.61 0.16,0.72 0.4,1.42 0.68,1.9 0.27,0.47 0.51,0.64 0.75,0.65 0.26,0.02 0.56,-0.13 0.92,-0.57 0.37,-0.44 0.74,-1.12 1.03,-1.81 0.16,-0.38 0.31,-0.76 0.42,-1.12 z m 1.47,0.42 c -0.24,0.67 -0.45,1.24 -0.73,1.82 l 0.83,0.04 c -0.02,-0.62 -0.05,-1.24 -0.1,-1.86 z m -5.88,3.28 -2.01,0.17 c -0.05,0.65 -0.08,1.31 -0.09,1.95 l 8.02,-0.13 c 0.06,-0.62 0.08,-1.25 0.09,-1.87 l -1.74,-0.09 c -0.64,0.73 -1.57,1.33 -2.35,1.3 -0.87,-0.06 -1.51,-0.65 -1.92,-1.32 z m 5.56,3.52 -7.66,0.13 c -0.08,0.79 0.58,1.37 1.04,1.72 l 5.65,-0.02 c 0.61,-0.68 0.73,-0.95 0.97,-1.83 z m -7.9,2.75 c -1.22,3.31 -2.52,6.6 -3.49,9.93 h 4.5 c 0.57,-1.04 1.09,-2.11 1.53,-3.2 -0.06,-2.7 -1.23,-5.33 -2.53,-6.73 z m 5.96,0.62 -3.55,0.01 c 0.66,1.11 1,2.44 1.27,3.87 l 0.7,-0.07 c 0.52,-1.29 0.9,-2.6 1.58,-3.81 z" style="fill:#333333;stroke:none" />
        </g>
	<polygon id="hex-k14" points="543.75,415.72 527.88,443.22 496.12,443.22 480.25,415.72 496.12,388.23 527.88,388.23" style="fill:#c8e0c0;stroke:#000000;stroke-width:0.5px"/>
	<polygon id="hex-k16" points="543.75,471.15 527.88,498.65 496.12,498.65 480.25,471.15 496.12,443.66 527.88,443.66" style="fill:#a8c0a0;stroke:#000000;stroke-width:0.5px"/>
	<polygon id="hex-k18" points="543.75,526.59 527.88,554.08 496.12,554.08 480.25,526.59 496.12,499.09 527.88,499.09" style="fill:#c8e0c0;stroke:#000000;stroke-width:0.5px"/>
	<polygon id="hex-k20" points="543.75,582.01 527.88,609.51 496.12,609.51 480.25,582.01 496.12,554.52 527.88,554.52" style="fill:#c8e0c0;stroke:#000000;stroke-width:0.5px"/>
	<g id="city-k22">
          <polygon id="hex-k22" points="543.75,637.45 527.88,664.94 496.12,664.94 480.25,637.45 496.12,609.95 527.88,609.95" style="fill:#ff9f00;stroke:#000000;stroke-width:0.5px"/>
          <path d="m 497.72,617.69 c -2.44,0 -4.41,1.96 -4.41,4.41 0,2.44 1.97,4.41 4.41,4.41 2.44,0 4.41,-1.97 4.41,-4.41 0,-2.44 -1.97,-4.41 -4.41,-4.41 z m 11.19,2.25 c -0.22,0.35 -0.34,0.81 -0.38,1.3 -1.76,-0.06 -3.32,-0.09 -4.94,-0.06 0.07,0.53 0.09,1.03 0.03,1.53 1.68,-0.02 3.31,0 4.93,0.07 0.03,0.26 0.06,0.51 0.1,0.7 -1.01,2.07 -2.15,3.74 -2.74,5.97 0.19,2.09 0.44,4.51 1.96,6.59 0.42,1.69 0.77,3.37 1.24,5.05 0.18,-2.13 0.64,-4.4 1.81,-6.71 -0.16,-0.77 -0.18,-1.46 -0.11,-2.18 -0.36,-0.69 -0.83,-1.37 -1.63,-2.03 1.09,-2.02 1.12,-3.92 1.49,-6.09 l 1.65,-0.41 c 0.15,-0.2 0.28,-0.42 0.37,-0.64 2.63,0.22 5.19,0.53 7.68,0.93 0.05,-0.52 0.17,-1.02 0.35,-1.49 -2.51,-0.4 -5.09,-0.72 -7.73,-0.95 0,-0.39 -0.03,-0.79 -0.09,-1.2 -1.44,-0.23 -2.67,-0.52 -3.99,-0.38 z m 17.38,0.21 c -2.44,0 -4.41,1.96 -4.41,4.41 0,2.44 1.97,4.41 4.41,4.41 2.44,0 4.41,-1.97 4.41,-4.41 0,-2.44 -1.97,-4.41 -4.41,-4.41 z m -11.45,9.16 c -0.64,0 -1.24,0.33 -1.72,0.98 -0.49,0.64 -0.82,1.59 -0.82,2.65 0,0.56 0.09,1.15 0.25,1.62 0.75,-0.26 1.53,-0.64 2.26,-1.27 0.67,0.54 1.41,0.92 2.27,1.27 0.19,-0.5 0.297,-1.01 0.3,-1.62 0,-1.06 -0.33,-2.01 -0.82,-2.65 -0.48,-0.65 -1.09,-0.98 -1.72,-0.98 z m -0.03,4.99 c -0.58,0.9 -0.75,1.25 -1.84,1.09 0.45,0.63 1.08,1.2 1.86,1.19 0.88,-0.01 1.46,-0.55 1.85,-1.17 -0.95,0.07 -1.43,-0.26 -1.87,-1.11 z m 5.15,2.4 c 0.2,2.13 0.31,3.34 0.13,5.41 0.19,0.27 0.24,1.62 0.94,1.91 -1.09,0.55 -1.49,2.04 -2.09,2.63 -1.54,1.83 -2.64,4.69 -3.7,7.32 0.31,1.09 0.7,2.16 1.16,3.23 h 4.82 c -0.47,-2.31 -1.15,-4.64 -1.88,-6.96 0.29,-0.46 0.25,-0.34 0.55,-1.95 1.26,-0.86 4,-2.31 4.46,-4.2 -0.42,-1.69 -0.99,-2.78 -1.99,-4.23 0.24,-2.05 -1.37,-2.61 -2.41,-3.14 z m -8.5,0.29 c -0.3,0.88 -0.5,1.75 -0.64,2.62 l 1.18,-0.1 c -0.27,-0.82 -0.42,-1.7 -0.53,-2.52 z m 5.59,0.3 c -0.63,0.51 -1.39,0.82 -2.21,0.82 -0.63,0 -1.21,-0.18 -1.73,-0.48 0.04,0.2 0.08,0.41 0.13,0.61 0.16,0.72 0.4,1.42 0.68,1.9 0.27,0.47 0.51,0.64 0.75,0.65 0.26,0.02 0.56,-0.13 0.92,-0.57 0.37,-0.44 0.74,-1.12 1.03,-1.81 0.16,-0.38 0.31,-0.76 0.42,-1.12 z m 1.47,0.42 c -0.24,0.67 -0.45,1.24 -0.73,1.82 l 0.83,0.04 c -0.02,-0.62 -0.05,-1.24 -0.1,-1.86 z m -5.88,3.28 -2.01,0.17 c -0.05,0.65 -0.08,1.31 -0.09,1.95 l 8.02,-0.13 c 0.06,-0.62 0.08,-1.25 0.09,-1.87 l -1.74,-0.09 c -0.64,0.73 -1.57,1.33 -2.35,1.3 -0.87,-0.06 -1.51,-0.65 -1.92,-1.32 z m 5.56,3.52 -7.66,0.13 c -0.08,0.79 0.58,1.37 1.04,1.72 l 5.65,-0.02 c 0.61,-0.68 0.73,-0.95 0.97,-1.83 z m -7.9,2.75 c -1.22,3.31 -2.52,6.6 -3.49,9.93 h 4.5 c 0.57,-1.04 1.09,-2.11 1.53,-3.2 -0.06,-2.7 -1.23,-5.33 -2.53,-6.73 z m 5.96,0.62 -3.55,0.01 c 0.66,1.11 1,2.44 1.27,3.87 l 0.7,-0.07 c 0.52,-1.29 0.9,-2.6 1.58,-3.81 z" style="fill:#333333;stroke:none" />
        </g>
	<polygon id="hex-k24" points="543.75,692.88 527.88,720.37 496.12,720.37 480.25,692.88 496.12,665.38 527.88,665.38" style="fill:#c8e0c0;stroke:#000000;stroke-width:0.5px"/>
	<polygon id="hex-k26" points="543.75,748.31 527.88,775.80 496.12,775.80 480.25,748.31 496.12,720.81 527.88,720.81" style="fill:#a8c0a0;stroke:#000000;stroke-width:0.5px"/>
	<polygon id="hex-k28" points="543.75,803.74 527.88,831.23 496.12,831.23 480.25,803.74 496.12,776.24 527.88,776.24" style="fill:#c8e0c0;stroke:#000000;stroke-width:0.5px"/>
	<polygon id="hex-k30" points="543.75,859.17 527.88,886.66 496.12,886.66 480.25,859.17 496.12,831.67 527.88,831.67" style="fill:#c8e0c0;stroke:#000000;stroke-width:0.5px"/>
	<g id="city-k32">
          <polygon id="hex-k32" points="543.75,914.60 527.88,942.09 496.12,942.09 480.25,914.60 496.12,887.10 527.88,887.10" style="fill:#fefefe;stroke:#000000;stroke-width:0.5px"/>
          <path d="m 516.90,894.95 -0.01,2.11 -1.55,1.43 2.11,0.01 1.43,1.55 0.01,-2.11 1.55,-1.43 -2.11,-0.01 z m 7.82,4.28 -1.65,1.31 -2.08,-0.31 1.31,1.65 -0.31,2.08 1.65,-1.31 2.08,0.31 -1.31,-1.65 z m -31.17,0.36 -0.61,1.39 0.66,0.28 21.86,9.57 0.7,0.31 -0.01,0.02 0.05,0.02 0.62,-1.41 -0.7,-0.31 -3.77,-1.65 a 8.76,3.74 0 0 1 4.45,-0.52 8.76,3.74 0 0 1 8.76,3.74 8.76,3.74 0 0 1 -8.76,3.74 8.76,3.74 0 0 1 -8.76,-3.74 8.76,3.74 0 0 1 0.71,-1.47 l -2.81,-1.22 c -1.07,0.47 -1.92,1 -2.49,1.53 -0.65,0.61 -0.92,1.18 -0.92,1.72 0,0.54 0.27,1.11 0.92,1.72 0.65,0.61 1.67,1.22 2.97,1.73 2.6,1.03 6.3,1.69 10.38,1.69 4.09,0 7.78,-0.67 10.38,-1.69 1.3,-0.51 2.32,-1.12 2.97,-1.73 0.65,-0.61 0.92,-1.18 0.92,-1.72 0,-0.54 -0.27,-1.11 -0.92,-1.72 -0.65,-0.61 -1.67,-1.22 -2.97,-1.73 -2.6,-1.03 -6.3,-1.69 -10.38,-1.69 -2.26,0 -4.39,0.2 -6.29,0.56 l -16.25,-7.12 z m 17.5,0.37 0.01,1.43 -1.04,0.98 1.43,-0.01 0.98,1.04 -0.01,-1.43 1.04,-0.98 -1.43,0.01 z m -2.46,17.25 c -0.01,1.28 -0.04,2.54 -0.09,3.78 5.77,2.54 10.81,2.54 16.6,0.01 -0.05,-1.25 -0.08,-2.51 -0.09,-3.79 -2.33,0.68 -5.16,1.06 -8.21,1.06 -3.05,0 -5.88,-0.39 -8.21,-1.06 z m -0.17,5.42 c -0.05,0.77 -0.11,1.53 -0.18,2.3 l 0.05,0.02 c 5.93,2.66 11.08,2.66 17.04,0 l 0.05,-0.02 c -0.07,-0.76 -0.13,-1.52 -0.18,-2.29 -5.72,2.36 -11.06,2.36 -16.77,-0.01 z m 17.13,3.89 c -5.98,2.57 -11.53,2.57 -17.49,0 -0.2,1.53 -0.46,3.07 -0.82,4.65 0,4.1 19.13,4.1 19.13,0 -0.36,-1.58 -0.62,-3.12 -0.82,-4.65 z" style="fill:#333333" />
        </g>
	<polygon id="hex-l1" points="591.75,55.43 575.88,82.93 544.12,82.93 528.25,55.43 544.12,27.93 575.88,27.93" style="fill:#c8e0c0;stroke:#000000;stroke-width:0.5px"/>
	<polygon id="hex-l3" points="591.75,110.86 575.88,138.36 544.12,138.36 528.25,110.86 544.12,83.36 575.88,83.36" style="fill:#c8e0c0;stroke:#000000;stroke-width:0.5px"/>
	<polygon id="hex-l5" points="591.75,166.29 575.88,193.79 544.12,193.79 528.25,166.29 544.12,138.79 575.88,138.79" style="fill:#c8e0c0;stroke:#000000;stroke-width:0.5px"/>
	<polygon id="hex-l7" points="591.75,221.72 575.88,249.22 544.12,249.22 528.25,221.72 544.12,194.22 575.88,194.22" style="fill:#c8e0c0;stroke:#000000;stroke-width:0.5px"/>
	<polygon id="hex-l9" points="591.75,277.15 575.88,304.65 544.12,304.65 528.25,277.15 544.12,249.65 575.88,249.65" style="fill:#c8e0c0;stroke:#000000;stroke-width:0.5px"/>
	<polygon id="hex-l11" points="591.75,332.58 575.88,360.08 544.12,360.08 528.25,332.58 544.12,305.08 575.88,305.08" style="fill:#c8e0c0;stroke:#000000;stroke-width:0.5px"/>
	<polygon id="hex-l13" points="591.75,388.01 575.88,415.51 544.12,415.51 528.25,388.01 544.12,360.51 575.88,360.51" style="fill:#c8e0c0;stroke:#000000;stroke-width:0.5px"/>
	<polygon id="hex-l15" points="591.75,443.44 575.88,470.94 544.12,470.94 528.25,443.44 544.12,415.94 575.88,415.94" style="fill:#c8e0c0;stroke:#000000;stroke-width:0.5px"/>
	<polygon id="hex-l17" points="591.75,498.87 575.88,526.37 544.12,526.37 528.25,498.87 544.12,471.37 575.88,471.37" style="fill:#c8e0c0;stroke:#000000;stroke-width:0.5px"/>
	<polygon id="hex-l19" points="591.75,554.30 575.88,581.80 544.12,581.80 528.25,554.30 544.12,526.80 575.88,526.80" style="fill:#c8e0c0;stroke:#000000;stroke-width:0.5px"/>
	<polygon id="hex-l21" points="591.75,609.73 575.88,637.23 544.12,637.23 528.25,609.73 544.12,582.23 575.88,582.23" style="fill:#c8e0c0;stroke:#000000;stroke-width:0.5px"/>
	<polygon id="hex-l23" points="591.75,665.16 575.88,692.66 544.12,692.66 528.25,665.16 544.12,637.66 575.88,637.66" style="fill:#c8e0c0;stroke:#000000;stroke-width:0.5px"/>
	<polygon id="hex-l25" points="591.75,720.59 575.88,748.09 544.12,748.09 528.25,720.59 544.12,693.09 575.88,693.09" style="fill:#c8e0c0;stroke:#000000;stroke-width:0.5px"/>
	<polygon id="hex-l27" points="591.75,776.02 575.88,803.52 544.12,803.52 528.25,776.02 544.12,748.52 575.88,748.52" style="fill:#c8e0c0;stroke:#000000;stroke-width:0.5px"/>
	<polygon id="hex-l29" points="591.75,831.45 575.88,858.95 544.12,858.95 528.25,831.45 544.12,803.95 575.88,803.95" style="fill:#c8e0c0;stroke:#000000;stroke-width:0.5px"/>
	<polygon id="hex-l31" points="591.75,886.88 575.88,914.38 544.12,914.38 528.25,886.88 544.12,859.38 575.88,859.38" style="fill:#c8e0c0;stroke:#000000;stroke-width:0.5px"/>
	<polygon id="hex-m2" points="639.75,83.14 623.88,110.64 592.12,110.64 576.25,83.14 592.12,55.65 623.88,55.65" style="fill:#a8c0a0;stroke:#000000;stroke-width:0.5px"/>
	<polygon id="hex-m4" points="639.75,138.57 623.88,166.07 592.12,166.07 576.25,138.57 592.12,111.08 623.88,111.08" style="fill:#c8e0c0;stroke:#000000;stroke-width:0.5px"/>
	<polygon id="hex-m6" points="639.75,194.00 623.88,221.50 592.12,221.50 576.25,194.00 592.12,166.51 623.88,166.51" style="fill:#c8e0c0;stroke:#000000;stroke-width:0.5px"/>
	<g id="city-m8">
          <polygon id="hex-m8" points="639.75,249.44 623.88,276.93 592.12,276.93 576.25,249.44 592.12,221.94 623.88,221.94" style="fill:#fefefe;stroke:#000000;stroke-width:0.5px"/>
          <path d="m 612.90,229.79 -0.01,2.11 -1.55,1.43 2.11,0.01 1.43,1.55 0.01,-2.11 1.55,-1.43 -2.11,-0.01 z m 7.82,4.28 -1.65,1.31 -2.08,-0.31 1.31,1.65 -0.31,2.08 1.65,-1.31 2.08,0.31 -1.31,-1.65 z m -31.17,0.36 -0.61,1.39 0.66,0.28 21.86,9.57 0.7,0.31 -0.01,0.02 0.05,0.02 0.62,-1.41 -0.7,-0.31 -3.77,-1.65 a 8.76,3.74 0 0 1 4.45,-0.52 8.76,3.74 0 0 1 8.76,3.74 8.76,3.74 0 0 1 -8.76,3.74 8.76,3.74 0 0 1 -8.76,-3.74 8.76,3.74 0 0 1 0.71,-1.47 l -2.81,-1.22 c -1.07,0.47 -1.92,1 -2.49,1.53 -0.65,0.61 -0.92,1.18 -0.92,1.72 0,0.54 0.27,1.11 0.92,1.72 0.65,0.61 1.67,1.22 2.97,1.73 2.6,1.03 6.3,1.69 10.38,1.69 4.09,0 7.78,-0.67 10.38,-1.69 1.3,-0.51 2.32,-1.12 2.97,-1.73 0.65,-0.61 0.92,-1.18 0.92,-1.72 0,-0.54 -0.27,-1.11 -0.92,-1.72 -0.65,-0.61 -1.67,-1.22 -2.97,-1.73 -2.6,-1.03 -6.3,-1.69 -10.38,-1.69 -2.26,0 -4.39,0.2 -6.29,0.56 l -16.25,-7.12 z m 17.5,0.37 0.01,1.43 -1.04,0.98 1.43,-0.01 0.98,1.04 -0.01,-1.43 1.04,-0.98 -1.43,0.01 z m -2.46,17.25 c -0.01,1.28 -0.04,2.54 -0.09,3.78 5.77,2.54 10.81,2.54 16.6,0.01 -0.05,-1.25 -0.08,-2.51 -0.09,-3.79 -2.33,0.68 -5.16,1.06 -8.21,1.06 -3.05,0 -5.88,-0.39 -8.21,-1.06 z m -0.17,5.42 c -0.05,0.77 -0.11,1.53 -0.18,2.3 l 0.05,0.02 c 5.93,2.66 11.08,2.66 17.04,0 l 0.05,-0.02 c -0.07,-0.76 -0.13,-1.52 -0.18,-2.29 -5.72,2.36 -11.06,2.36 -16.77,-0.01 z m 17.13,3.89 c -5.98,2.57 -11.53,2.57 -17.49,0 -0.2,1.53 -0.46,3.07 -0.82,4.65 0,4.1 19.13,4.1 19.13,0 -0.36,-1.58 -0.62,-3.12 -0.82,-4.65 z" style="fill:#333333" />
        </g>
	<polygon id="hex-m10" points="639.75,304.86 623.88,332.36 592.12,332.36 576.25,304.86 592.12,277.37 623.88,277.37" style="fill:#c8e0c0;stroke:#000000;stroke-width:0.5px"/>
	<polygon id="hex-m12" points="639.75,360.29 623.88,387.79 592.12,387.79 576.25,360.29 592.12,332.80 623.88,332.80" style="fill:#a8c0a0;stroke:#000000;stroke-width:0.5px"/>
	<polygon id="hex-m14" points="639.75,415.72 623.88,443.22 592.12,443.22 576.25,415.72 592.12,388.23 623.88,388.23" style="fill:#c8e0c0;stroke:#000000;stroke-width:0.5px"/>
	<polygon id="hex-m16" points="639.75,471.15 623.88,498.65 592.12,498.65 576.25,471.15 592.12,443.66 623.88,443.66" style="fill:#c8e0c0;stroke:#000000;stroke-width:0.5px"/>
	<g id="city-m18">
          <polygon id="hex-m18" points="639.75,526.59 623.88,554.08 592.12,554.08 576.25,526.59 592.12,499.09 623.88,499.09" style="fill:#da70d6;stroke:#000000;stroke-width:0.5px"/>
          <path d="m 607.89,506.84 c -1.05,0 -1.97,0.66 -2.69,1.61 -0.72,0.95 -1.31,2.24 -1.82,3.81 -1,3.13 -1.61,7.38 -1.61,12.06 0.12,4.38 0.38,8.17 1.61,12.07 0.5,1.56 1.1,2.85 1.82,3.81 0.54,0.72 1.2,1.27 1.93,1.5 v 3.13 h -5.94 v 1.51 h 13.4 v -1.51 h -5.94 v -3.13 c 0.74,-0.23 1.39,-0.78 1.93,-1.5 0.72,-0.95 1.31,-2.24 1.82,-3.81 0.35,-1.1 0.65,-2.34 0.9,-3.69 1.41,-0.56 2.69,-1.26 2.69,-1.26 1.77,0.23 4.04,0.64 4.61,1.61 0.33,0.57 -0.14,1.51 0.28,1.86 1.1,0.9 1.97,0.09 2.16,-0.51 0.18,-1.12 0.23,-2.15 -0.17,-3.06 -0.18,-0.42 -2.94,-2 -4.9,-2.6 2.28,0.38 5.93,0.75 6.06,1.25 0.22,0.82 -0.06,1.98 0.64,2.13 1.58,0.34 1.82,0.05 1.93,-1.26 0.08,-0.79 0.13,-1.49 -0.39,-2.14 -0.55,-0.69 -4.77,-1.81 -6.52,-2.14 2.08,-1.36 2.3,-1.63 3.04,-2.38 2.79,-0.38 3.66,-1.53 4.17,-3.32 0.9,-0.49 0.38,-1.65 -0.06,-1.67 -1.3,-0.06 -3.08,0.08 -4.29,-0.42 -0.47,-0.63 -1.27,-1.04 -2.15,-1.41 -0.27,-0.64 0.44,-2.14 -0.11,-2.73 -0.81,0.33 -1.83,1.95 -2.2,2.58 -0.15,-0.82 -0.72,-1.55 -1.16,-2.21 -1.95,2.37 -1.81,4.02 -3,6.66 -0.18,-3.63 -0.73,-6.88 -1.54,-9.41 -0.5,-1.57 -1.09,-2.86 -1.81,-3.81 -0.72,-0.96 -1.63,-1.62 -2.69,-1.62 z m 0,1.51 c 0.42,0 0.92,0.27 1.48,1.02 0.56,0.74 1.12,1.9 1.59,3.36 0.84,2.61 1.4,6.18 1.51,10.17 -3.41,1.55 -5.08,2.08 -7.84,2.97 0.11,3.66 0.29,4.75 1.1,7.56 1.78,0.33 4.08,0.28 5.92,-0.18 -0.2,0.98 -0.44,1.88 -0.69,2.69 -0.47,1.46 -1.03,2.62 -1.59,3.36 -0.56,0.74 -1.06,1.01 -1.48,1.01 -0.42,0 -0.92,-0.28 -1.48,-1.01 -0.56,-0.74 -1.12,-1.91 -1.59,-3.36 -1.09,-4.36 -1.52,-7.51 -1.53,-11.61 0,-4.56 0.59,-8.69 1.53,-11.6 0.47,-1.46 1.03,-2.62 1.59,-3.36 0.56,-0.74 1.06,-1.02 1.48,-1.02 z m 12.52,10.16 c 0.29,-0.01 0.59,0.35 0.68,0.84 0.1,0.52 -0.08,0.99 -0.38,1.05 -0.31,0.06 -0.64,-0.32 -0.74,-0.84 -0.09,-0.52 0.08,-0.98 0.38,-1.04 0.02,-0.01 0.04,-0.01 0.06,-0.01 z m -28.07,5.94 c 0.52,2.38 0.81,4.77 4.81,5.19 -0.85,2.71 -3.56,4.33 -7.37,6.67 -1.1,0.68 -1.58,2.21 -0.79,3.03 2.11,-0.77 5.01,-2.59 6.85,-3.91 -0.78,0.94 -2.22,2.4 -2.97,3.3 -1.12,1.32 -0.66,1.98 0.11,2.49 2.32,-1.66 4.89,-4.36 6.37,-6.45 l 1.86,-0.73 c -0.73,-2.76 -0.87,-4.97 -0.89,-7.39 -3.33,-0.25 -5.87,-0.61 -7.98,-2.2 z" style="fill:#333333" />
        </g>
	<polygon id="hex-m20" points="639.75,582.01 623.88,609.51 592.12,609.51 576.25,582.01 592.12,554.52 623.88,554.52" style="fill:#c8e0c0;stroke:#000000;stroke-width:0.5px"/>
	<polygon id="hex-m22" points="639.75,637.45 623.88,664.94 592.12,664.94 576.25,637.45 592.12,609.95 623.88,609.95" style="fill:#a8c0a0;stroke:#000000;stroke-width:0.5px"/>
	<polygon id="hex-m24" points="639.75,692.88 623.88,720.37 592.12,720.37 576.25,692.88 592.12,665.38 623.88,665.38" style="fill:#c8e0c0;stroke:#000000;stroke-width:0.5px"/>
	<polygon id="hex-m26" points="639.75,748.31 623.88,775.80 592.12,775.80 576.25,748.31 592.12,720.81 623.88,720.81" style="fill:#c8e0c0;stroke:#000000;stroke-width:0.5px"/>
	<g id="city-m28">
          <polygon id="hex-m28" points="639.75,803.74 623.88,831.23 592.12,831.23 576.25,803.74 592.12,776.24 623.88,776.24" style="fill:#6495ed;stroke:#000000;stroke-width:0.5px"/>
          <path d="m 609.54,784.80 c -0.43,1.76 -0.76,3.17 -1.79,4.25 -1.93,2.06 -4.93,3.28 -9.71,1.94 -1.26,-0.36 -2.37,-1.29 -3.5,-2.68 l -1.18,0.96 c 1.23,1.5 2.57,2.7 4.27,3.18 h 0.01 c 1.22,0.35 2.37,0.52 3.44,0.57 0.69,2.29 1.05,4.49 2.47,6.65 0.17,3.44 -0.34,6.13 -0.92,9.45 -2.47,-0.36 -4.96,-1.17 -7.51,-2.58 l -0.35,1.53 c 9.05,4.8 17.4,2.45 26.44,-0.14 l -0.35,-1.49 c -5.56,1.6 -10.66,3.06 -15.75,2.89 0.73,-3.14 1.21,-6.28 1.49,-9.43 3.83,1.33 6.5,2.74 8.82,5.02 l 1.39,-1.33 c -2.15,-2.47 -5.76,-4.83 -9.43,-6.4 -0.56,-1.91 -1.07,-3.3 -1.11,-5.17 1.01,-0.51 1.88,-1.17 2.6,-1.94 1.34,-1.42 1.72,-3.18 2.14,-4.92 z m -7.36,0.56 c -0.08,0 -0.14,0.01 -0.22,0.02 -0.39,0.08 -0.73,0.36 -0.96,0.86 -0.24,0.5 -0.35,1.2 -0.19,1.94 0.14,0.74 0.5,1.35 0.91,1.72 0.41,0.36 0.84,0.5 1.22,0.42 0.39,-0.08 0.73,-0.36 0.96,-0.86 0.24,-0.5 0.34,-1.2 0.19,-1.94 -0.13,-0.73 -0.49,-1.34 -0.9,-1.71 -0.34,-0.3 -0.68,-0.45 -1.01,-0.45 z m -13.68,21.28 v 16.04 h 1.33 l 3.7,-16.04 z m 33.97,0 3.71,16.04 h 1.33 v -16.04 z" style="fill:#333333" />
        </g>
	<polygon id="hex-m30" points="639.75,859.17 623.88,886.66 592.12,886.66 576.25,859.17 592.12,831.67 623.88,831.67" style="fill:#c8e0c0;stroke:#000000;stroke-width:0.5px"/>
	<polygon id="hex-n1" points="687.75,55.43 671.88,82.93 640.12,82.93 624.25,55.43 640.12,27.93 671.88,27.93" style="fill:#c8e0c0;stroke:#000000;stroke-width:0.5px"/>
	<polygon id="hex-n3" points="687.75,110.86 671.88,138.36 640.12,138.36 624.25,110.86 640.12,83.36 671.88,83.36" style="fill:#c8e0c0;stroke:#000000;stroke-width:0.5px"/>
	<polygon id="hex-n5" points="687.75,166.29 671.88,193.79 640.12,193.79 624.25,166.29 640.12,138.79 671.88,138.79" style="fill:#c8e0c0;stroke:#000000;stroke-width:0.5px"/>
	<polygon id="hex-n7" points="687.75,221.72 671.88,249.22 640.12,249.22 624.25,221.72 640.12,194.22 671.88,194.22" style="fill:#c8e0c0;stroke:#000000;stroke-width:0.5px"/>
	<polygon id="hex-n9" points="687.75,277.15 671.88,304.65 640.12,304.65 624.25,277.15 640.12,249.65 671.88,249.65" style="fill:#c8e0c0;stroke:#000000;stroke-width:0.5px"/>
	<polygon id="hex-n11" points="687.75,332.58 671.88,360.08 640.12,360.08 624.25,332.58 640.12,305.08 671.88,305.08" style="fill:#c8e0c0;stroke:#000000;stroke-width:0.5px"/>
	<polygon id="hex-n13" points="687.75,388.01 671.88,415.51 640.12,415.51 624.25,388.01 640.12,360.51 671.88,360.51" style="fill:#c8e0c0;stroke:#000000;stroke-width:0.5px"/>
	<polygon id="hex-n15" points="687.75,443.44 671.88,470.94 640.12,470.94 624.25,443.44 640.12,415.94 671.88,415.94" style="fill:#c8e0c0;stroke:#000000;stroke-width:0.5px"/>
	<polygon id="hex-n17" points="687.75,498.87 671.88,526.37 640.12,526.37 624.25,498.87 640.12,471.37 671.88,471.37" style="fill:#c8e0c0;stroke:#000000;stroke-width:0.5px"/>
	<polygon id="hex-n19" points="687.75,554.30 671.88,581.80 640.12,581.80 624.25,554.30 640.12,526.80 671.88,526.80" style="fill:#c8e0c0;stroke:#000000;stroke-width:0.5px"/>
	<polygon id="hex-n21" points="687.75,609.73 671.88,637.23 640.12,637.23 624.25,609.73 640.12,582.23 671.88,582.23" style="fill:#c8e0c0;stroke:#000000;stroke-width:0.5px"/>
	<polygon id="hex-n23" points="687.75,665.16 671.88,692.66 640.12,692.66 624.25,665.16 640.12,637.66 671.88,637.66" style="fill:#c8e0c0;stroke:#000000;stroke-width:0.5px"/>
	<polygon id="hex-n25" points="687.75,720.59 671.88,748.09 640.12,748.09 624.25,720.59 640.12,693.09 671.88,693.09" style="fill:#c8e0c0;stroke:#000000;stroke-width:0.5px"/>
	<polygon id="hex-n27" points="687.75,776.02 671.88,803.52 640.12,803.52 624.25,776.02 640.12,748.52 671.88,748.52" style="fill:#c8e0c0;stroke:#000000;stroke-width:0.5px"/>
	<polygon id="hex-n29" points="687.75,831.45 671.88,858.95 640.12,858.95 624.25,831.45 640.12,803.95 671.88,803.95" style="fill:#c8e0c0;stroke:#000000;stroke-width:0.5px"/>
	<polygon id="hex-n31" points="687.75,886.88 671.88,914.38 640.12,914.38 624.25,886.88 640.12,859.38 671.88,859.38" style="fill:#c8e0c0;stroke:#000000;stroke-width:0.5px"/>
	<polygon id="hex-o2" points="735.75,83.14 719.88,110.64 688.12,110.64 672.25,83.14 688.12,55.65 719.88,55.65" style="fill:#c8e0c0;stroke:#000000;stroke-width:0.5px"/>
	<g id="city-o4">
          <polygon id="hex-o4" points="735.75,138.57 719.88,166.07 688.12,166.07 672.25,138.57 688.12,111.08 719.88,111.08" style="fill:#da70d6;stroke:#000000;stroke-width:0.5px"/>
          <path d="m 703.89,118.83 c -1.05,0 -1.97,0.66 -2.69,1.61 -0.72,0.95 -1.31,2.24 -1.82,3.81 -1,3.13 -1.61,7.38 -1.61,12.06 0.12,4.38 0.38,8.17 1.61,12.07 0.5,1.56 1.1,2.85 1.82,3.81 0.54,0.72 1.2,1.27 1.93,1.5 v 3.13 h -5.94 v 1.51 h 13.4 v -1.51 h -5.94 v -3.13 c 0.74,-0.23 1.39,-0.78 1.93,-1.5 0.72,-0.95 1.31,-2.24 1.82,-3.81 0.35,-1.1 0.65,-2.34 0.9,-3.69 1.41,-0.56 2.69,-1.26 2.69,-1.26 1.77,0.23 4.04,0.64 4.61,1.61 0.33,0.57 -0.14,1.51 0.28,1.86 1.1,0.9 1.97,0.09 2.16,-0.51 0.18,-1.12 0.23,-2.15 -0.17,-3.06 -0.18,-0.42 -2.94,-2 -4.9,-2.6 2.28,0.38 5.93,0.75 6.06,1.25 0.22,0.82 -0.06,1.98 0.64,2.13 1.58,0.34 1.82,0.05 1.93,-1.26 0.08,-0.79 0.13,-1.49 -0.39,-2.14 -0.55,-0.69 -4.77,-1.81 -6.52,-2.14 2.08,-1.36 2.3,-1.63 3.04,-2.38 2.79,-0.38 3.66,-1.53 4.17,-3.32 0.9,-0.49 0.38,-1.65 -0.06,-1.67 -1.3,-0.06 -3.08,0.08 -4.29,-0.42 -0.47,-0.63 -1.27,-1.04 -2.15,-1.41 -0.27,-0.64 0.44,-2.14 -0.11,-2.73 -0.81,0.33 -1.83,1.95 -2.2,2.58 -0.15,-0.82 -0.72,-1.55 -1.16,-2.21 -1.95,2.37 -1.81,4.02 -3,6.66 -0.18,-3.63 -0.73,-6.88 -1.54,-9.41 -0.5,-1.57 -1.09,-2.86 -1.81,-3.81 -0.72,-0.96 -1.63,-1.62 -2.69,-1.62 z m 0,1.51 c 0.42,0 0.92,0.27 1.48,1.02 0.56,0.74 1.12,1.9 1.59,3.36 0.84,2.61 1.4,6.18 1.51,10.17 -3.41,1.55 -5.08,2.08 -7.84,2.97 0.11,3.66 0.29,4.75 1.1,7.56 1.78,0.33 4.08,0.28 5.92,-0.18 -0.2,0.98 -0.44,1.88 -0.69,2.69 -0.47,1.46 -1.03,2.62 -1.59,3.36 -0.56,0.74 -1.06,1.01 -1.48,1.01 -0.42,0 -0.92,-0.28 -1.48,-1.01 -0.56,-0.74 -1.12,-1.91 -1.59,-3.36 -1.09,-4.36 -1.52,-7.51 -1.53,-11.61 0,-4.56 0.59,-8.69 1.53,-11.6 0.47,-1.46 1.03,-2.62 1.59,-3.36 0.56,-0.74 1.06,-1.02 1.48,-1.02 z m 12.52,10.16 c 0.29,-0.01 0.59,0.35 0.68,0.84 0.1,0.52 -0.08,0.99 -0.38,1.05 -0.31,0.06 -0.64,-0.32 -0.74,-0.84 -0.09,-0.52 0.08,-0.98 0.38,-1.04 0.02,-0.01 0.04,-0.01 0.06,-0.01 z m -28.07,5.94 c 0.52,2.38 0.81,4.77 4.81,5.19 -0.85,2.71 -3.56,4.33 -7.37,6.67 -1.1,0.68 -1.58,2.21 -0.79,3.03 2.11,-0.77 5.01,-2.59 6.85,-3.91 -0.78,0.94 -2.22,2.4 -2.97,3.3 -1.12,1.32 -0.66,1.98 0.11,2.49 2.32,-1.66 4.89,-4.36 6.37,-6.45 l 1.86,-0.73 c -0.73,-2.76 -0.87,-4.97 -0.89,-7.39 -3.33,-0.25 -5.87,-0.61 -7.98,-2.2 z" style="fill:#333333" />
        </g>
	<polygon id="hex-o6" points="735.75,194.00 719.88,221.50 688.12,221.50 672.25,194.00 688.12,166.51 719.88,166.51" style="fill:#c8e0c0;stroke:#000000;stroke-width:0.5px"/>
	<polygon id="hex-o8" points="735.75,249.44 719.88,276.93 688.12,276.93 672.25,249.44 688.12,221.94 719.88,221.94" style="fill:#a8c0a0;stroke:#000000;stroke-width:0.5px"/>
	<polygon id="hex-o10" points="735.75,304.86 719.88,332.36 688.12,332.36 672.25,304.86 688.12,277.37 719.88,277.37" style="fill:#c8e0c0;stroke:#000000;stroke-width:0.5px"/>
	<polygon id="hex-o12" points="735.75,360.29 719.88,387.79 688.12,387.79 672.25,360.29 688.12,332.80 719.88,332.80" style="fill:#c8e0c0;stroke:#000000;stroke-width:0.5px"/>
	<g id="city-o14">
          <polygon id="hex-o14" points="735.75,415.72 719.88,443.22 688.12,443.22 672.25,415.72 688.12,388.23 719.88,388.23" style="fill:#ffff66;stroke:#000000;stroke-width:0.5px"/>
          <path d="m 705.79,396.07 c -1.59,0 -2.85,1.31 -2.85,2.89 0,1.59 1.26,2.85 2.85,2.85 1.59,0 2.85,-1.26 2.85,-2.85 0,-1.59 -1.26,-2.89 -2.85,-2.89 z m -12.79,5.14 c -1.59,0 -2.85,1.31 -2.85,2.9 0,1.59 1.26,2.85 2.85,2.85 1.59,0 2.85,-1.26 2.85,-2.85 0,-1.59 -1.26,-2.9 -2.85,-2.9 z m 23.9,1.91 c -1.59,0 -2.85,1.31 -2.85,2.9 0,1.59 1.26,2.85 2.85,2.85 1.59,0 2.85,-1.26 2.85,-2.85 0,-1.59 -1.26,-2.9 -2.85,-2.9 z m -13.64,4.83 c -0.27,0 -0.55,0.04 -0.82,0.11 -2.16,0.58 -3.29,3.34 -2.53,6.17 0.29,1.1 0.83,2.04 1.5,2.76 -1.62,0.38 -2.87,1.13 -3.4,2.06 l -0.03,-0.01 -3.5,5.42 -4.26,-1.84 c -2.47,-1.36 -5.18,2.02 -2.57,3.5 l 7.94,3.7 3.2,-4.21 c 1.81,3.26 1.32,6.51 -2.11,9.77 h 14.22 c -3.35,-3.21 -3.57,-6.42 -1.96,-9.64 l 3.09,4.07 7.94,-3.7 c 0.98,-0.56 1.2,-1.38 0.98,-2.13 -0.69,0.44 -1.51,0.7 -2.38,0.7 -1.2,0 -2.28,-0.48 -3.08,-1.26 l -2.35,1.02 -3.5,-5.42 v 0 c -0.46,-0.77 -1.45,-1.43 -2.74,-1.84 0.98,-1.2 1.34,-3.1 0.82,-5.04 -0.66,-2.48 -2.55,-4.18 -4.46,-4.19 z m -13.8,5.13 c -1.59,0 -2.85,1.31 -2.85,2.89 0,1.59 1.26,2.85 2.85,2.85 1.59,0 2.85,-1.26 2.85,-2.85 0,-1.59 -1.26,-2.89 -2.85,-2.89 z m 29.1,4.3 c -1.59,0 -2.85,1.31 -2.85,2.9 0,1.59 1.26,2.85 2.85,2.85 1.59,0 2.85,-1.26 2.85,-2.85 0,-1.59 -1.26,-2.9 -2.85,-2.9 z" style="fill:#333333" />
        </g>
	<polygon id="hex-o16" points="735.75,471.15 719.88,498.65 688.12,498.65 672.25,471.15 688.12,443.66 719.88,443.66" style="fill:#c8e0c0;stroke:#000000;stroke-width:0.5px"/>
	<polygon id="hex-o18" points="735.75,526.59 719.88,554.08 688.12,554.08 672.25,526.59 688.12,499.09 719.88,499.09" style="fill:#a8c0a0;stroke:#000000;stroke-width:0.5px"/>
	<polygon id="hex-o20" points="735.75,582.01 719.88,609.51 688.12,609.51 672.25,582.01 688.12,554.52 719.88,554.52" style="fill:#c8e0c0;stroke:#000000;stroke-width:0.5px"/>
	<polygon id="hex-o22" points="735.75,637.45 719.88,664.94 688.12,664.94 672.25,637.45 688.12,609.95 719.88,609.95" style="fill:#c8e0c0;stroke:#000000;stroke-width:0.5px"/>
	<g id="city-o24">
          <polygon id="hex-o24" points="735.75,692.88 719.88,720.37 688.12,720.37 672.25,692.88 688.12,665.38 719.88,665.38" style="fill:#fefefe;stroke:#000000;stroke-width:0.5px"/>
          <path d="m 708.90,673.23 -0.01,2.11 -1.55,1.43 2.11,0.01 1.43,1.55 0.01,-2.11 1.55,-1.43 -2.11,-0.01 z m 7.82,4.28 -1.65,1.31 -2.08,-0.31 1.31,1.65 -0.31,2.08 1.65,-1.31 2.08,0.31 -1.31,-1.65 z m -31.17,0.36 -0.61,1.39 0.66,0.28 21.86,9.57 0.7,0.31 -0.01,0.02 0.05,0.02 0.62,-1.41 -0.7,-0.31 -3.77,-1.65 a 8.76,3.74 0 0 1 4.45,-0.52 8.76,3.74 0 0 1 8.76,3.74 8.76,3.74 0 0 1 -8.76,3.74 8.76,3.74 0 0 1 -8.76,-3.74 8.76,3.74 0 0 1 0.71,-1.47 l -2.81,-1.22 c -1.07,0.47 -1.92,1 -2.49,1.53 -0.65,0.61 -0.92,1.18 -0.92,1.72 0,0.54 0.27,1.11 0.92,1.72 0.65,0.61 1.67,1.22 2.97,1.73 2.6,1.03 6.3,1.69 10.38,1.69 4.09,0 7.78,-0.67 10.38,-1.69 1.3,-0.51 2.32,-1.12 2.97,-1.73 0.65,-0.61 0.92,-1.18 0.92,-1.72 0,-0.54 -0.27,-1.11 -0.92,-1.72 -0.65,-0.61 -1.67,-1.22 -2.97,-1.73 -2.6,-1.03 -6.3,-1.69 -10.38,-1.69 -2.26,0 -4.39,0.2 -6.29,0.56 l -16.25,-7.12 z m 17.5,0.37 0.01,1.43 -1.04,0.98 1.43,-0.01 0.98,1.04 -0.01,-1.43 1.04,-0.98 -1.43,0.01 z m -2.46,17.25 c -0.01,1.28 -0.04,2.54 -0.09,3.78 5.77,2.54 10.81,2.54 16.6,0.01 -0.05,-1.25 -0.08,-2.51 -0.09,-3.79 -2.33,0.68 -5.16,1.06 -8.21,1.06 -3.05,0 -5.88,-0.39 -8.21,-1.06 z m -0.17,5.42 c -0.05,0.77 -0.11,1.53 -0.18,2.3 l 0.05,0.02 c 5.93,2.66 11.08,2.66 17.04,0 l 0.05,-0.02 c -0.07,-0.76 -0.13,-1.52 -0.18,-2.29 -5.72,2.36 -11.06,2.36 -16.77,-0.01 z m 17.13,3.89 c -5.98,2.57 -11.53,2.57 -17.49,0 -0.2,1.53 -0.46,3.07 -0.82,4.65 0,4.1 19.13,4.1 19.13,0 -0.36,-1.58 -0.62,-3.12 -0.82,-4.65 z" style="fill:#333333" />
        </g>
	<polygon id="hex-o26" points="735.75,748.31 719.88,775.80 688.12,775.80 672.25,748.31 688.12,720.81 719.88,720.81" style="fill:#c8e0c0;stroke:#000000;stroke-width:0.5px"/>
	<polygon id="hex-o28" points="735.75,803.74 719.88,831.23 688.12,831.23 672.25,803.74 688.12,776.24 719.88,776.24" style="fill:#a8c0a0;stroke:#000000;stroke-width:0.5px"/>
	<polygon id="hex-o30" points="735.75,859.17 719.88,886.66 688.12,886.66 672.25,859.17 688.12,831.67 719.88,831.67" style="fill:#c8e0c0;stroke:#000000;stroke-width:0.5px"/>
</svg>
