<svg xmlns="http://www.w3.org/2000/svg" width="155" height="890" viewbox="0 0 155 890">
  <g id="achieve-5-one-fleurs">
    <rect x="0.5" y="0.5" width="71.5" height="79" style="fill:#eeeeee;stroke:#333333;stroke-width:1px" />
    <rect x="16.75" y="3.5" width="39" height="39" style="fill:none;stroke:#aaaaaa;stroke-width:1px" />
    <path d="m 36.83,9.33 q 1.70,0 3.14,0.49 1.44,0.49 2.46,1.38 1.05,0.90 1.62,2.17 0.58,1.27 0.58,2.82 0,1.27 -0.34,2.28 -0.32,0.99 -0.93,1.75 -0.60,0.75 -1.46,1.27 -0.86,0.52 -1.92,0.84 2.61,0.69 3.92,2.31 1.33,1.62 1.33,4.07 0,1.85 -0.71,3.32 -0.69,1.47 -1.90,2.52 -1.21,1.03 -2.84,1.59 -1.61,0.54 -3.45,0.54 -2.13,0 -3.64,-0.52 -1.51,-0.54 -2.56,-1.47 -1.05,-0.93 -1.72,-2.20 -0.67,-1.29 -1.14,-2.78 l 1.44,-0.60 q 0.56,-0.24 1.08,-0.13 0.54,0.11 0.78,0.62 0.24,0.52 0.60,1.25 0.37,0.73 1.01,1.40 0.63,0.67 1.61,1.14 0.99,0.47 2.50,0.47 1.40,0 2.45,-0.45 1.06,-0.47 1.75,-1.19 0.71,-0.73 1.06,-1.62 0.35,-0.90 0.35,-1.77 0,-1.08 -0.28,-1.98 -0.28,-0.90 -1.05,-1.55 -0.77,-0.65 -2.11,-1.03 -1.33,-0.37 -3.42,-0.37 v -2.41 q 1.72,-0.02 2.91,-0.37 1.21,-0.35 1.96,-0.97 0.77,-0.62 1.10,-1.47 0.35,-0.86 0.35,-1.90 0,-1.16 -0.37,-2.02 -0.35,-0.86 -0.99,-1.42 -0.63,-0.56 -1.51,-0.84 -0.86,-0.28 -1.87,-0.28 -1.01,0 -1.89,0.30 -0.86,0.30 -1.53,0.84 -0.65,0.52 -1.10,1.25 -0.45,0.73 -0.63,1.61 -0.24,0.65 -0.62,0.88 -0.35,0.21 -1.05,0.11 l -1.74,-0.30 q 0.26,-1.83 1.01,-3.23 0.75,-1.42 1.89,-2.37 1.16,-0.95 2.63,-1.44 1.49,-0.50 3.21,-0.50 z" style="fill:#333333;stroke:none" />
    <rect x="25.44" y="47.30" width="43.80" height="28.03" style="fill:#333333;stroke:none" />
    <path d="m 12.16,54.85 q 0,0.38 -0.24,0.63 -0.23,0.24 -0.80,0.24 H 6.62 l -0.66,3.76 q 0.57,-0.13 1.07,-0.18 0.51,-0.06 0.99,-0.06 1.12,0 1.98,0.33 0.86,0.33 1.43,0.91 0.58,0.58 0.87,1.37 0.3,0.79 0.30,1.72 0,1.14 -0.40,2.06 -0.39,0.92 -1.09,1.58 -0.69,0.65 -1.63,1 -0.94,0.35 -2.03,0.35 -0.63,0 -1.21,-0.13 -0.58,-0.12 -1.09,-0.33 -0.50,-0.21 -0.93,-0.48 -0.43,-0.27 -0.76,-0.57 l 0.55,-0.76 q 0.18,-0.26 0.47,-0.26 0.20,0 0.45,0.16 0.25,0.15 0.61,0.34 0.36,0.19 0.84,0.35 0.49,0.15 1.16,0.15 0.75,0 1.35,-0.24 0.60,-0.24 1.03,-0.68 0.43,-0.45 0.66,-1.07 0.23,-0.62 0.23,-1.39 0,-0.67 -0.20,-1.21 -0.19,-0.54 -0.59,-0.92 -0.39,-0.38 -0.98,-0.59 -0.59,-0.21 -1.38,-0.21 -0.54,0 -1.13,0.09 -0.58,0.09 -1.19,0.29 l -1.12,-0.33 1.15,-6.70 h 6.79 z m 5.56,8.36 -3.41,-4.94 h 1.71 q 0.22,0 0.32,0.07 0.10,0.07 0.18,0.2 l 2.48,3.80 q 0.09,-0.28 0.26,-0.56 l 2.18,-3.20 q 0.09,-0.14 0.19,-0.22 0.11,-0.09 0.26,-0.09 h 1.64 l -3.41,4.84 3.55,5.29 h -1.71 q -0.22,0 -0.35,-0.11 -0.12,-0.12 -0.20,-0.26 l -2.55,-3.97 q -0.07,0.29 -0.21,0.52 l -2.36,3.45 q -0.1,0.14 -0.22,0.26 -0.11,0.11 -0.31,0.11 h -1.59 z" style="fill:#333333;stroke:none" />
    <path d="m 47.34,55.77 c -0.90,1.37 -1.80,2.74 -1.80,4.56 0,1.62 1.06,3.24 1.30,4.22 h 0.99 c 0.24,-0.98 1.30,-2.60 1.30,-4.22 0,-1.83 -0.90,-3.20 -1.80,-4.56 z m -4.49,5.19 c -1.35,0 -2.24,0.91 -2.24,2.29 0,0.91 0.63,1.81 1.80,1.83 -0.45,-0.46 0,-1.83 0.90,-1.83 0.91,0 1.61,0.62 1.98,1.31 h 0.96 c -0.39,-1.36 -1.40,-3.59 -3.39,-3.59 z m 8.98,0 c -1.99,0 -3.00,2.24 -3.39,3.59 h 0.96 c 0.36,-0.68 1.07,-1.31 1.98,-1.31 0.90,0 1.35,1.37 0.90,1.83 1.17,-0.02 1.80,-0.91 1.80,-1.83 0,-1.37 -0.90,-2.29 -2.24,-2.29 z m -7.43,4.11 c -1.10,0 -1.55,0.46 -1.55,1.37 0,0.46 0.45,1.37 1.35,1.37 1.01,0 1.77,-0.77 2.08,-1.54 h -1.02 c -0.13,0.11 -0.32,0.18 -0.61,0.18 -0.45,0 -0.90,-0.91 -0.25,-1.37 z m 1.08,0 c 0,0 0,0 0,0.01 -0.38,0.06 -0.36,0.67 0.05,0.68 v 0 h 3.62 v 0 c 0.41,-0.01 0.43,-0.61 0.05,-0.68 0,0 0,0 0,-0.01 z m 4.80,0 c 0.66,0.46 0.21,1.37 -0.25,1.37 -0.29,0 -0.48,-0.07 -0.61,-0.18 h -1.02 c 0.32,0.77 1.08,1.54 2.08,1.54 0.90,0 1.35,-0.91 1.35,-1.37 0,-0.91 -0.45,-1.37 -1.55,-1.37 z m -3.39,1.20 c -0.45,0.46 -0.45,1.37 -0.90,1.83 l 0.90,-0.46 c 0,0.46 0,0.91 0.45,1.37 0.45,-0.46 0.45,-0.91 0.45,-1.37 l 0.90,0.46 c -0.45,-0.46 -0.45,-1.37 -0.90,-1.83 z" style="fill:#ffffff;stroke:none" />
  </g>
  <g id="achieve-3-seals">
    <rect x="83" y="0.5" width="71.5" height="79" style="fill:#eeeeee;stroke:#333333;stroke-width:1px" />
    <rect x="99.25" y="3.5" width="39" height="39" style="fill:none;stroke:#aaaaaa;stroke-width:1px" />
    <path d="m 119.33,9.33 q 1.70,0 3.14,0.49 1.44,0.49 2.46,1.38 1.05,0.90 1.62,2.17 0.58,1.27 0.58,2.82 0,1.27 -0.34,2.28 -0.32,0.99 -0.93,1.75 -0.60,0.75 -1.46,1.27 -0.86,0.52 -1.92,0.84 2.61,0.69 3.92,2.31 1.33,1.62 1.33,4.07 0,1.85 -0.71,3.32 -0.69,1.47 -1.90,2.52 -1.21,1.03 -2.84,1.59 -1.61,0.54 -3.45,0.54 -2.13,0 -3.64,-0.52 -1.51,-0.54 -2.56,-1.47 -1.05,-0.93 -1.72,-2.20 -0.67,-1.29 -1.14,-2.78 l 1.44,-0.60 q 0.56,-0.24 1.08,-0.13 0.54,0.11 0.78,0.62 0.24,0.52 0.60,1.25 0.37,0.73 1.01,1.40 0.63,0.67 1.61,1.14 0.99,0.47 2.50,0.47 1.40,0 2.45,-0.45 1.06,-0.47 1.75,-1.19 0.71,-0.73 1.06,-1.62 0.35,-0.90 0.35,-1.77 0,-1.08 -0.28,-1.98 -0.28,-0.90 -1.05,-1.55 -0.77,-0.65 -2.11,-1.03 -1.33,-0.37 -3.42,-0.37 v -2.41 q 1.72,-0.02 2.91,-0.37 1.21,-0.35 1.96,-0.97 0.77,-0.62 1.10,-1.47 0.35,-0.86 0.35,-1.90 0,-1.16 -0.37,-2.02 -0.35,-0.86 -0.99,-1.42 -0.63,-0.56 -1.51,-0.84 -0.86,-0.28 -1.87,-0.28 -1.01,0 -1.89,0.30 -0.86,0.30 -1.53,0.84 -0.65,0.52 -1.10,1.25 -0.45,0.73 -0.63,1.61 -0.24,0.65 -0.62,0.88 -0.35,0.21 -1.05,0.11 l -1.74,-0.30 q 0.26,-1.83 1.01,-3.23 0.75,-1.42 1.89,-2.37 1.16,-0.95 2.63,-1.44 1.49,-0.50 3.21,-0.50 z" style="fill:#333333;stroke:none" />
    <path d="m 95.17,53.99 q 0.91,0 1.68,0.26 0.77,0.26 1.32,0.74 0.56,0.48 0.87,1.16 0.31,0.68 0.31,1.51 0,0.68 -0.18,1.22 -0.17,0.53 -0.5,0.94 -0.32,0.4 -0.78,0.68 -0.46,0.28 -1.03,0.45 1.4,0.37 2.1,1.24 0.71,0.87 0.71,2.18 0,0.99 -0.38,1.78 -0.37,0.79 -1.02,1.35 -0.65,0.55 -1.52,0.85 -0.86,0.29 -1.85,0.29 -1.14,0 -1.95,-0.28 -0.81,-0.29 -1.37,-0.79 -0.56,-0.5 -0.92,-1.18 -0.36,-0.69 -0.61,-1.49 l 0.77,-0.32 q 0.3,-0.13 0.58,-0.07 0.29,0.06 0.42,0.33 0.13,0.28 0.32,0.67 0.2,0.39 0.54,0.75 0.34,0.36 0.86,0.61 0.53,0.25 1.34,0.25 0.75,0 1.31,-0.24 0.57,-0.25 0.94,-0.64 0.38,-0.39 0.57,-0.87 0.19,-0.48 0.19,-0.95 0,-0.58 -0.15,-1.06 -0.15,-0.48 -0.56,-0.83 -0.41,-0.35 -1.13,-0.55 -0.71,-0.20 -1.83,-0.2 v -1.29 q 0.92,-0.01 1.56,-0.2 0.65,-0.19 1.05,-0.52 0.41,-0.33 0.59,-0.79 0.19,-0.46 0.19,-1.02 0,-0.62 -0.20,-1.08 -0.19,-0.46 -0.53,-0.76 -0.34,-0.30 -0.81,-0.45 -0.46,-0.15 -1,-0.15 -0.54,0 -1.01,0.16 -0.46,0.16 -0.82,0.45 -0.35,0.28 -0.59,0.67 -0.24,0.39 -0.34,0.86 -0.13,0.35 -0.33,0.47 -0.19,0.11 -0.56,0.06 l -0.93,-0.16 q 0.14,-0.98 0.54,-1.73 0.4,-0.76 1.01,-1.27 0.62,-0.51 1.41,-0.77 0.8,-0.27 1.72,-0.27 z m 9.40,9.30 -3.41,-4.94 h 1.71 q 0.22,0 0.32,0.07 0.1,0.07 0.18,0.2 l 2.48,3.8 q 0.09,-0.28 0.26,-0.56 l 2.18,-3.2 q 0.09,-0.14 0.19,-0.22 0.11,-0.09 0.26,-0.09 h 1.64 l -3.41,4.84 3.55,5.29 h -1.71 q -0.22,0 -0.35,-0.11 -0.12,-0.12 -0.2,-0.26 l -2.55,-3.97 q -0.07,0.29 -0.21,0.52 l -2.36,3.45 q -0.1,0.14 -0.22,0.26 -0.11,0.11 -0.31,0.11 h -1.59 z" style="fill:#333333;stroke:none" />
    <path d="m 142.90,42.86 c 1.04,0.80 1.90,1.86 2.51,3.03 0.73,1.38 1.15,2.94 1.11,4.47 1.05,-1.41 1.25,-3.34 0.38,-5.00 -0.82,-1.55 -2.37,-2.45 -4.00,-2.50 z m -2.07,0.52 c -0.33,1.51 -0.01,3.26 0.79,4.77 0.75,1.42 1.92,2.62 3.24,3.24 0.33,-1.52 0,-3.26 -0.80,-4.78 -0.76,-1.42 -1.91,-2.61 -3.24,-3.23 z m -1.67,1.15 c -1.20,1.42 -1.48,3.46 -0.56,5.21 0.92,1.75 2.77,2.67 4.61,2.48 -1.23,-0.82 -2.25,-2.02 -2.95,-3.35 -0.71,-1.34 -1.11,-2.85 -1.10,-4.34 z m 2.20,9.21 c -0.52,0 -1.61,0.29 -2.63,0.92 -1.16,0.72 -2.27,1.83 -2.77,3.01 -0.08,0.19 -0.33,1.07 -0.64,2.13 -0.31,1.07 -0.71,2.37 -1.26,3.66 -0.55,1.30 -1.22,2.57 -2.10,3.61 -0.88,1.03 -1.99,1.83 -3.38,1.97 -1.12,0.11 -2.19,-0.34 -3.17,-0.97 -0.99,-0.63 -1.91,-1.47 -2.72,-2.33 -1.60,-1.68 -2.76,-3.42 -2.76,-3.42 l -0.38,-0.56 0.51,-0.44 c 1.85,-1.60 2.00,-3.65 1.95,-5.36 -1.54,0.81 -2.95,1.85 -3.44,2.79 l -0.32,0.60 -0.63,-0.24 c -0.88,-0.34 -1.81,-0.40 -2.77,-0.48 -0.65,-0.06 -1.33,-0.15 -2.00,-0.37 -0.03,0.71 0.34,1.26 0.96,1.83 0.84,0.75 2.20,1.36 3.42,1.72 l 0.52,0.15 0.03,0.55 c 0,0 0.11,2.42 0.66,5.10 0.56,2.69 1.65,5.58 3.04,6.47 2.37,1.53 5.59,2.18 8.82,1.97 -0.20,-0.19 -0.40,-0.38 -0.58,-0.56 -0.71,-0.72 -1.25,-1.39 -1.54,-2.01 l 1.40,-0.65 c 0.13,0.30 0.60,0.93 1.23,1.58 0.63,0.65 1.45,1.34 2.31,1.90 0.86,0.56 1.77,1.01 2.57,1.18 0.68,0.15 1.24,0.12 1.73,-0.11 -0.03,-0.11 -0.04,-0.21 -0.13,-0.41 -0.21,-0.52 -0.62,-1.24 -1.06,-1.95 -0.87,-1.42 -1.88,-2.76 -1.88,-2.76 l 1.23,-0.92 c 0,0 0.94,1.28 1.84,2.70 0.99,-0.55 1.89,-1.18 2.64,-1.93 1.30,-1.28 1.83,-4.57 1.85,-7.53 0.01,-2.95 -0.38,-5.53 -0.38,-5.53 l -0.04,-0.19 0.08,-0.19 c 0.22,-0.58 0.43,-1.97 0.39,-3.12 -0.03,-0.57 -0.11,-1.10 -0.24,-1.43 -0.12,-0.34 -0.22,-0.37 -0.21,-0.37 -0.05,-0.01 -0.11,-0.02 -0.19,-0.02 z m -2.71,2.37 c 0.42,0 0.77,0.34 0.77,0.77 0,0.42 -0.34,0.77 -0.77,0.77 -0.42,0 -0.77,-0.34 -0.77,-0.77 0,-0.42 0.34,-0.77 0.77,-0.77 z m 3.24,16.21 c -0.21,0.32 -0.45,0.63 -0.72,0.89 -0.68,0.66 -1.45,1.26 -2.27,1.78 0.79,0.24 1.66,0.40 2.53,0.48 2.05,0.18 4.08,-0.06 5.27,-0.36 -0.04,-0.08 -0.10,-0.17 -0.19,-0.30 -0.32,-0.39 -0.89,-0.89 -1.60,-1.31 -0.87,-0.53 -1.95,-0.96 -3.02,-1.17 z" style="fill:#333333;stroke:none" />
  </g>
  <g id="achieve-3-two-fleurs">
    <rect x="0.5" y="90.5" width="71.5" height="79" style="fill:#eeeeee;stroke:#333333;stroke-width:1px" />
    <rect x="16.75" y="93.5" width="39" height="39" style="fill:none;stroke:#aaaaaa;stroke-width:1px" />
    <path d="m 36.83,99.33 q 1.70,0 3.14,0.49 1.44,0.49 2.46,1.38 1.05,0.90 1.62,2.17 0.58,1.27 0.58,2.82 0,1.27 -0.34,2.28 -0.32,0.99 -0.93,1.75 -0.60,0.75 -1.46,1.27 -0.86,0.52 -1.92,0.84 2.61,0.69 3.92,2.31 1.33,1.62 1.33,4.07 0,1.85 -0.71,3.32 -0.69,1.47 -1.90,2.52 -1.21,1.03 -2.84,1.59 -1.61,0.54 -3.45,0.54 -2.13,0 -3.64,-0.52 -1.51,-0.54 -2.56,-1.47 -1.05,-0.93 -1.72,-2.20 -0.67,-1.29 -1.14,-2.78 l 1.44,-0.60 q 0.56,-0.24 1.08,-0.13 0.54,0.11 0.78,0.62 0.24,0.52 0.60,1.25 0.37,0.73 1.01,1.40 0.63,0.67 1.61,1.14 0.99,0.47 2.50,0.47 1.40,0 2.45,-0.45 1.06,-0.47 1.75,-1.19 0.71,-0.73 1.06,-1.62 0.35,-0.90 0.35,-1.77 0,-1.08 -0.28,-1.98 -0.28,-0.90 -1.05,-1.55 -0.77,-0.65 -2.11,-1.03 -1.33,-0.37 -3.42,-0.37 v -2.41 q 1.72,-0.02 2.91,-0.37 1.21,-0.35 1.96,-0.97 0.77,-0.62 1.10,-1.47 0.35,-0.86 0.35,-1.90 0,-1.16 -0.37,-2.02 -0.35,-0.86 -0.99,-1.42 -0.63,-0.56 -1.51,-0.84 -0.86,-0.28 -1.87,-0.28 -1.01,0 -1.89,0.30 -0.86,0.30 -1.53,0.84 -0.65,0.52 -1.10,1.25 -0.45,0.73 -0.63,1.61 -0.24,0.65 -0.62,0.88 -0.35,0.21 -1.05,0.11 l -1.74,-0.30 q 0.26,-1.83 1.01,-3.23 0.75,-1.42 1.89,-2.37 1.16,-0.95 2.63,-1.44 1.49,-0.50 3.21,-0.50 z" style="fill:#333333;stroke:none" />
    <path d="m 8.43,144.00 q 0.91,0 1.68,0.26 0.77,0.26 1.32,0.74 0.56,0.48 0.87,1.16 0.31,0.68 0.31,1.51 0,0.68 -0.18,1.22 -0.17,0.53 -0.5,0.94 -0.32,0.4 -0.78,0.68 -0.46,0.28 -1.03,0.45 1.4,0.37 2.1,1.24 0.71,0.87 0.71,2.18 0,0.99 -0.38,1.78 -0.37,0.79 -1.02,1.35 -0.65,0.55 -1.52,0.85 -0.86,0.29 -1.85,0.29 -1.14,0 -1.95,-0.28 -0.81,-0.29 -1.37,-0.79 -0.56,-0.5 -0.92,-1.18 -0.36,-0.69 -0.61,-1.49 l 0.77,-0.32 q 0.3,-0.13 0.58,-0.07 0.29,0.06 0.42,0.33 0.13,0.28 0.32,0.67 0.2,0.39 0.54,0.75 0.34,0.36 0.86,0.61 0.53,0.25 1.34,0.25 0.75,0 1.31,-0.24 0.57,-0.25 0.94,-0.64 0.38,-0.39 0.57,-0.87 0.19,-0.48 0.19,-0.95 0,-0.58 -0.15,-1.06 -0.15,-0.48 -0.56,-0.83 -0.41,-0.35 -1.13,-0.55 -0.71,-0.20 -1.83,-0.2 v -1.29 q 0.92,-0.01 1.56,-0.2 0.65,-0.19 1.05,-0.52 0.41,-0.33 0.59,-0.79 0.19,-0.46 0.19,-1.02 0,-0.62 -0.20,-1.08 -0.19,-0.46 -0.53,-0.76 -0.34,-0.30 -0.81,-0.45 -0.46,-0.15 -1,-0.15 -0.54,0 -1.01,0.16 -0.46,0.16 -0.82,0.45 -0.35,0.28 -0.59,0.67 -0.24,0.39 -0.34,0.86 -0.13,0.35 -0.33,0.47 -0.19,0.11 -0.56,0.06 l -0.93,-0.16 q 0.14,-0.98 0.54,-1.73 0.4,-0.76 1.01,-1.27 0.62,-0.51 1.41,-0.77 0.8,-0.27 1.72,-0.27 z m 9.40,9.30 -3.41,-4.94 h 1.71 q 0.22,0 0.32,0.07 0.1,0.07 0.18,0.2 l 2.48,3.8 q 0.09,-0.28 0.26,-0.56 l 2.18,-3.2 q 0.09,-0.14 0.19,-0.22 0.11,-0.09 0.26,-0.09 h 1.64 l -3.41,4.84 3.55,5.29 h -1.71 q -0.22,0 -0.35,-0.11 -0.12,-0.12 -0.2,-0.26 l -2.55,-3.97 q -0.07,0.29 -0.21,0.52 l -2.36,3.45 q -0.1,0.14 -0.22,0.26 -0.11,0.11 -0.31,0.11 h -1.59 z" style="fill:#333333;stroke:none" />
    <rect x="25.42" y="137.32" width="43.80" height="28.03" style="fill:#333333;stroke:none" />
    <path d="m 40.16,145.79 c -0.90,1.37 -1.80,2.74 -1.80,4.56 0,1.62 1.06,3.24 1.30,4.22 h 0.99 c 0.24,-0.98 1.30,-2.60 1.30,-4.22 0,-1.83 -0.90,-3.20 -1.80,-4.56 z m -4.49,5.19 c -1.35,0 -2.24,0.91 -2.24,2.29 0,0.91 0.63,1.81 1.80,1.83 -0.45,-0.46 0,-1.83 0.90,-1.83 0.91,0 1.61,0.62 1.98,1.31 h 0.96 c -0.39,-1.36 -1.40,-3.59 -3.39,-3.59 z m 8.98,0 c -1.99,0 -3.00,2.24 -3.39,3.59 h 0.96 c 0.36,-0.68 1.07,-1.31 1.98,-1.31 0.90,0 1.35,1.37 0.90,1.83 1.17,-0.02 1.80,-0.91 1.80,-1.83 0,-1.37 -0.90,-2.29 -2.24,-2.29 z m -7.43,4.11 c -1.10,0 -1.55,0.46 -1.55,1.37 0,0.46 0.45,1.37 1.35,1.37 1.01,0 1.77,-0.77 2.08,-1.54 h -1.02 c -0.13,0.11 -0.32,0.18 -0.61,0.18 -0.45,0 -0.90,-0.91 -0.25,-1.37 z m 1.08,0 c 0,0 0,0 0,0.01 -0.38,0.06 -0.36,0.67 0.05,0.68 v 0 h 3.62 v 0 c 0.41,-0.01 0.43,-0.61 0.05,-0.68 0,0 0,0 0,-0.01 z m 4.80,0 c 0.66,0.46 0.21,1.37 -0.25,1.37 -0.29,0 -0.48,-0.07 -0.61,-0.18 h -1.02 c 0.32,0.77 1.08,1.54 2.08,1.54 0.90,0 1.35,-0.91 1.35,-1.37 0,-0.91 -0.45,-1.37 -1.55,-1.37 z m -3.39,1.20 c -0.45,0.46 -0.45,1.37 -0.90,1.83 l 0.90,-0.46 c 0,0.46 0,0.91 0.45,1.37 0.45,-0.46 0.45,-0.91 0.45,-1.37 l 0.90,0.46 c -0.45,-0.46 -0.45,-1.37 -0.90,-1.83 z" style="fill:#ffffff;stroke:none" />
    <path d="m 54.46,145.79 c -0.90,1.37 -1.80,2.74 -1.80,4.56 0,1.62 1.06,3.24 1.30,4.22 h 0.99 c 0.24,-0.98 1.30,-2.60 1.30,-4.22 0,-1.83 -0.90,-3.20 -1.80,-4.56 z m -4.49,5.19 c -1.35,0 -2.24,0.91 -2.24,2.29 0,0.91 0.63,1.81 1.80,1.83 -0.45,-0.46 0,-1.83 0.90,-1.83 0.91,0 1.61,0.62 1.98,1.31 h 0.96 c -0.39,-1.36 -1.40,-3.59 -3.39,-3.59 z m 8.98,0 c -1.99,0 -3.00,2.24 -3.39,3.59 h 0.96 c 0.36,-0.68 1.07,-1.31 1.98,-1.31 0.90,0 1.35,1.37 0.90,1.83 1.17,-0.02 1.80,-0.91 1.80,-1.83 0,-1.37 -0.90,-2.29 -2.24,-2.29 z m -7.43,4.11 c -1.10,0 -1.55,0.46 -1.55,1.37 0,0.46 0.45,1.37 1.35,1.37 1.01,0 1.77,-0.77 2.08,-1.54 h -1.02 c -0.13,0.11 -0.32,0.18 -0.61,0.18 -0.45,0 -0.90,-0.91 -0.25,-1.37 z m 1.08,0 c 0,0 0,0 0,0.01 -0.38,0.06 -0.36,0.67 0.05,0.68 v 0 h 3.62 v 0 c 0.41,-0.01 0.43,-0.61 0.05,-0.68 0,0 0,0 0,-0.01 z m 4.80,0 c 0.66,0.46 0.21,1.37 -0.25,1.37 -0.29,0 -0.48,-0.07 -0.61,-0.18 h -1.02 c 0.32,0.77 1.08,1.54 2.08,1.54 0.90,0 1.35,-0.91 1.35,-1.37 0,-0.91 -0.45,-1.37 -1.55,-1.37 z m -3.39,1.20 c -0.45,0.46 -0.45,1.37 -0.90,1.83 l 0.90,-0.46 c 0,0.46 0,0.91 0.45,1.37 0.45,-0.46 0.45,-0.91 0.45,-1.37 l 0.90,0.46 c -0.45,-0.46 -0.45,-1.37 -0.90,-1.83 z" style="fill:#ffffff;stroke:none" />
  </g>
  <g id="achieve-connect-5-different">
    <rect x="83" y="90.5" width="71.5" height="79" style="fill:#eeeeee;stroke:#333333;stroke-width:1px" />
    <rect x="99.25" y="93.5" width="39" height="39" style="fill:none;stroke:#aaaaaa;stroke-width:1px" />
    <path d="m 119.33,99.33 q 1.70,0 3.14,0.49 1.44,0.49 2.46,1.38 1.05,0.90 1.62,2.17 0.58,1.27 0.58,2.82 0,1.27 -0.34,2.28 -0.32,0.99 -0.93,1.75 -0.60,0.75 -1.46,1.27 -0.86,0.52 -1.92,0.84 2.61,0.69 3.92,2.31 1.33,1.62 1.33,4.07 0,1.85 -0.71,3.32 -0.69,1.47 -1.90,2.52 -1.21,1.03 -2.84,1.59 -1.61,0.54 -3.45,0.54 -2.13,0 -3.64,-0.52 -1.51,-0.54 -2.56,-1.47 -1.05,-0.93 -1.72,-2.20 -0.67,-1.29 -1.14,-2.78 l 1.44,-0.60 q 0.56,-0.24 1.08,-0.13 0.54,0.11 0.78,0.62 0.24,0.52 0.60,1.25 0.37,0.73 1.01,1.40 0.63,0.67 1.61,1.14 0.99,0.47 2.50,0.47 1.40,0 2.45,-0.45 1.06,-0.47 1.75,-1.19 0.71,-0.73 1.06,-1.62 0.35,-0.90 0.35,-1.77 0,-1.08 -0.28,-1.98 -0.28,-0.90 -1.05,-1.55 -0.77,-0.65 -2.11,-1.03 -1.33,-0.37 -3.42,-0.37 v -2.41 q 1.72,-0.02 2.91,-0.37 1.21,-0.35 1.96,-0.97 0.77,-0.62 1.10,-1.47 0.35,-0.86 0.35,-1.90 0,-1.16 -0.37,-2.02 -0.35,-0.86 -0.99,-1.42 -0.63,-0.56 -1.51,-0.84 -0.86,-0.28 -1.87,-0.28 -1.01,0 -1.89,0.30 -0.86,0.30 -1.53,0.84 -0.65,0.52 -1.10,1.25 -0.45,0.73 -0.63,1.61 -0.24,0.65 -0.62,0.88 -0.35,0.21 -1.05,0.11 l -1.74,-0.30 q 0.26,-1.83 1.01,-3.23 0.75,-1.42 1.89,-2.37 1.16,-0.95 2.63,-1.44 1.49,-0.50 3.21,-0.50 z" style="fill:#333333;stroke:none" />
    <path d="m 90.37,162.75 c -1.12,-0.39 -2.08,-1.28 -2.60,-2.42 -0.19,-0.41 -0.23,-0.66 -0.23,-1.54 0,-1.65 0.14,-1.86 2.92,-4.67 2.41,-2.43 2.68,-2.63 3.93,-2.95 0.72,-0.18 1.73,-0.14 2.32,0.11 l 0.38,0.16 1.08,-1.08 1.08,-1.08 -0.17,-0.39 c -0.13,-0.29 -0.18,-0.67 -0.18,-1.39 0,-0.91 0.02,-1.05 0.31,-1.64 0.41,-0.86 1.24,-1.80 3.38,-3.82 1.39,-1.32 1.90,-1.74 2.39,-1.97 1.11,-0.52 2.47,-0.47 3.64,0.13 0.65,0.33 1.44,1.19 1.80,1.95 0.30,0.63 0.32,0.75 0.32,1.72 0,0.99 -0.02,1.09 -0.34,1.73 -0.29,0.59 -0.65,1.00 -2.65,3.01 -2.03,2.04 -2.39,2.36 -2.97,2.63 -0.86,0.40 -1.86,0.49 -2.85,0.25 l -0.70,-0.17 -0.37,0.30 c -0.20,0.16 -0.70,0.63 -1.09,1.03 l -0.72,0.73 0.20,0.65 c 0.16,0.50 0.20,0.83 0.17,1.44 -0.06,1.25 -0.28,1.63 -2.11,3.56 -2.00,2.12 -3.33,3.32 -4.02,3.64 -0.81,0.37 -2.03,0.41 -2.92,0.10 z m 2.70,-0.97 c 0.60,-0.30 4.87,-4.57 5.19,-5.18 0.20,-0.38 0.24,-0.59 0.24,-1.41 0,-0.53 -0.03,-0.99 -0.07,-1.03 -0.04,-0.04 -0.25,0.07 -0.47,0.25 -0.38,0.30 -0.40,0.35 -0.40,0.83 0,0.30 -0.08,0.67 -0.20,0.92 -0.27,0.56 -4.32,4.57 -4.83,4.79 -0.54,0.22 -1.44,0.20 -1.93,-0.05 -1.14,-0.58 -1.59,-1.95 -1.01,-3.09 0.10,-0.19 1.16,-1.32 2.36,-2.51 2.30,-2.26 2.45,-2.37 3.31,-2.37 0.28,0 0.43,-0.08 0.74,-0.39 l 0.39,-0.39 -0.27,-0.10 c -0.38,-0.14 -1.33,-0.12 -1.78,0.04 -0.67,0.24 -1.17,0.66 -3.31,2.79 -1.34,1.33 -2.19,2.25 -2.33,2.54 -0.28,0.54 -0.37,1.58 -0.21,2.26 0.23,0.94 1.11,1.91 2.07,2.27 0.58,0.22 1.95,0.14 2.52,-0.15 z m -0.28,-2.13 c 0.35,-0.29 1.17,-1.12 1.84,-1.83 0.93,-0.99 1.16,-1.28 0.97,-1.25 -0.39,0.07 -0.72,-0.05 -1.14,-0.44 -0.42,-0.38 -0.66,-0.98 -0.54,-1.34 0.12,-0.39 -0.30,-0.03 -1.90,1.63 -1.90,1.96 -2.09,2.31 -1.64,3.04 0.28,0.46 0.75,0.72 1.31,0.72 0.42,0 0.53,-0.05 1.10,-0.53 z m 6.62,-7.95 c 2.24,-2.23 4.01,-4.08 4.01,-4.18 0,-0.26 -0.44,-0.52 -0.66,-0.39 -0.36,0.20 -7.90,7.84 -7.90,8.01 0,0.17 0.33,0.57 0.47,0.57 0.04,0 1.87,-1.80 4.08,-4.00 z m 4.64,-1.13 c 0.36,-0.12 0.81,-0.48 1.93,-1.53 2.99,-2.79 3.50,-3.36 3.77,-4.27 0.45,-1.50 -0.30,-3.17 -1.74,-3.87 -0.49,-0.24 -0.69,-0.28 -1.41,-0.28 -1.32,0 -1.46,0.10 -4.11,2.74 -1.73,1.73 -2.32,2.38 -2.48,2.75 -0.26,0.59 -0.37,1.88 -0.18,2.22 l 0.12,0.23 0.39,-0.38 c 0.34,-0.33 0.39,-0.44 0.39,-0.83 0,-0.25 0.08,-0.63 0.18,-0.85 0.25,-0.54 4.26,-4.48 4.83,-4.74 1.48,-0.67 3.14,0.44 3.15,2.10 0,0.97 -0.26,1.33 -2.54,3.52 -2.12,2.03 -2.55,2.34 -3.28,2.34 -0.32,0 -0.47,0.07 -0.77,0.37 -0.21,0.20 -0.38,0.40 -0.38,0.44 0,0.21 1.52,0.23 2.13,0.03 z m 3.94,-6.29 c 0.20,-0.48 0.06,-0.99 -0.38,-1.44 -0.35,-0.35 -0.42,-0.38 -0.95,-0.38 h -0.58 l -1.24,1.22 c -0.68,0.67 -1.50,1.51 -1.82,1.87 l -0.58,0.65 0.37,-0.04 c 0.44,-0.04 0.83,0.14 1.25,0.58 0.26,0.27 0.30,0.38 0.29,0.87 l -0.01,0.56 1.75,-1.79 c 0.96,-0.98 1.81,-1.93 1.88,-2.10 z" style="fill:#333333;stroke:none" />
    <path d="m 120.34,144.86 q 0,0.38 -0.24,0.63 -0.23,0.24 -0.8,0.24 h -4.5 l -0.66,3.76 q 0.57,-0.13 1.07,-0.18 0.51,-0.06 0.99,-0.06 1.12,0 1.98,0.33 0.86,0.33 1.43,0.91 0.58,0.58 0.87,1.37 0.3,0.79 0.3,1.72 0,1.14 -0.4,2.06 -0.39,0.92 -1.09,1.58 -0.69,0.65 -1.63,1 -0.94,0.35 -2.03,0.35 -0.63,0 -1.21,-0.13 -0.58,-0.12 -1.09,-0.33 -0.5,-0.21 -0.93,-0.48 -0.43,-0.27 -0.76,-0.57 l 0.55,-0.76 q 0.18,-0.26 0.47,-0.26 0.2,0 0.45,0.16 0.25,0.15 0.61,0.34 0.36,0.19 0.84,0.35 0.49,0.15 1.16,0.15 0.75,0 1.35,-0.24 0.6,-0.24 1.03,-0.68 0.43,-0.45 0.66,-1.07 0.23,-0.62 0.23,-1.39 0,-0.67 -0.2,-1.21 -0.19,-0.54 -0.59,-0.92 -0.39,-0.38 -0.98,-0.59 -0.59,-0.21 -1.38,-0.21 -0.54,0 -1.13,0.09 -0.58,0.09 -1.19,0.29 l -1.12,-0.33 1.15,-6.7 h 6.79 z" style="fill:#333333;stroke:none" />
    <polygon points="129.65,139.35 143.48,139.35 150.40,151.33 143.48,163.30 129.65,163.30 122.74,151.33" style="fill:#fefefe;stroke:#333333;stroke-width:0.5px" />
    <path d="m 131.85,148.92 h 4.90 l 1.14,-2.41 h 1.29 l -1.14,2.41 h 2.41 v 1.35 h -3.04 l -0.95,2.00 h 3.99 v 1.35 h -4.62 l -1.19,2.52 h -1.29 l 1.19,-2.52 h -2.69 v -1.35 h 3.32 l 0.95,-2.00 h -4.27 z" style="fill:#333333;stroke:none" />
  </g>
  <g id="achieve-three-fleur">
    <rect x="0.5" y="180.5" width="71.5" height="79" style="fill:#eeeeee;stroke:#333333;stroke-width:1px" />
    <rect x="16.75" y="183.5" width="39" height="39" style="fill:none;stroke:#aaaaaa;stroke-width:1px" />
    <path d="m 36.83,189.33 q 1.70,0 3.14,0.49 1.44,0.49 2.46,1.38 1.05,0.90 1.62,2.17 0.58,1.27 0.58,2.82 0,1.27 -0.34,2.28 -0.32,0.99 -0.93,1.75 -0.60,0.75 -1.46,1.27 -0.86,0.52 -1.92,0.84 2.61,0.69 3.92,2.31 1.33,1.62 1.33,4.07 0,1.85 -0.71,3.32 -0.69,1.47 -1.90,2.52 -1.21,1.03 -2.84,1.59 -1.61,0.54 -3.45,0.54 -2.13,0 -3.64,-0.52 -1.51,-0.54 -2.56,-1.47 -1.05,-0.93 -1.72,-2.20 -0.67,-1.29 -1.14,-2.78 l 1.44,-0.60 q 0.56,-0.24 1.08,-0.13 0.54,0.11 0.78,0.62 0.24,0.52 0.60,1.25 0.37,0.73 1.01,1.40 0.63,0.67 1.61,1.14 0.99,0.47 2.50,0.47 1.40,0 2.45,-0.45 1.06,-0.47 1.75,-1.19 0.71,-0.73 1.06,-1.62 0.35,-0.90 0.35,-1.77 0,-1.08 -0.28,-1.98 -0.28,-0.90 -1.05,-1.55 -0.77,-0.65 -2.11,-1.03 -1.33,-0.37 -3.42,-0.37 v -2.41 q 1.72,-0.02 2.91,-0.37 1.21,-0.35 1.96,-0.97 0.77,-0.62 1.10,-1.47 0.35,-0.86 0.35,-1.90 0,-1.16 -0.37,-2.02 -0.35,-0.86 -0.99,-1.42 -0.63,-0.56 -1.51,-0.84 -0.86,-0.28 -1.87,-0.28 -1.01,0 -1.89,0.30 -0.86,0.30 -1.53,0.84 -0.65,0.52 -1.10,1.25 -0.45,0.73 -0.63,1.61 -0.24,0.65 -0.62,0.88 -0.35,0.21 -1.05,0.11 l -1.74,-0.30 q 0.26,-1.83 1.01,-3.23 0.75,-1.42 1.89,-2.37 1.16,-0.95 2.63,-1.44 1.49,-0.50 3.21,-0.50 z" style="fill:#333333;stroke:none" />
    <rect x="25.46" y="227.36" width="43.80" height="28.03" style="fill:#333333;stroke:none" />
    <path d="m 4.60,247.19 h 3.07 v -9.77 q 0,-0.42 0.03,-0.89 l -2.55,2.19 q -0.13,0.11 -0.26,0.14 -0.13,0.02 -0.24,0 -0.11,-0.02 -0.21,-0.08 -0.09,-0.06 -0.14,-0.13 l -0.56,-0.77 4.27,-3.69 h 1.45 v 13 H 12.28 v 1.36 H 4.60 Z m 12.88,-3.83 -3.41,-4.94 h 1.71 q 0.22,0 0.32,0.07 0.1,0.07 0.18,0.2 l 2.48,3.8 q 0.09,-0.28 0.26,-0.56 l 2.18,-3.2 q 0.09,-0.14 0.19,-0.22 0.11,-0.09 0.26,-0.09 h 1.64 l -3.41,4.84 3.55,5.29 h -1.71 q -0.22,0 -0.35,-0.11 -0.12,-0.12 -0.2,-0.26 l -2.55,-3.97 q -0.07,0.29 -0.21,0.52 l -2.36,3.45 q -0.1,0.14 -0.22,0.26 -0.11,0.11 -0.31,0.11 h -1.59 z" style="fill:#333333;stroke:none" />
    <path d="m 33.06,235.83 c -0.90,1.37 -1.80,2.74 -1.80,4.56 0,1.62 1.06,3.24 1.30,4.22 h 0.99 c 0.24,-0.98 1.30,-2.60 1.30,-4.22 0,-1.83 -0.90,-3.20 -1.80,-4.56 z m -4.49,5.19 c -1.35,0 -2.24,0.91 -2.24,2.29 0,0.91 0.63,1.81 1.80,1.83 -0.45,-0.46 0,-1.83 0.90,-1.83 0.91,0 1.61,0.62 1.98,1.31 h 0.96 c -0.39,-1.36 -1.40,-3.59 -3.39,-3.59 z m 8.98,0 c -1.99,0 -3.00,2.24 -3.39,3.59 h 0.96 c 0.36,-0.68 1.07,-1.31 1.98,-1.31 0.90,0 1.35,1.37 0.90,1.83 1.17,-0.02 1.80,-0.91 1.80,-1.83 0,-1.37 -0.90,-2.29 -2.24,-2.29 z m -7.43,4.11 c -1.10,0 -1.55,0.46 -1.55,1.37 0,0.46 0.45,1.37 1.35,1.37 1.01,0 1.77,-0.77 2.08,-1.54 h -1.02 c -0.13,0.11 -0.32,0.18 -0.61,0.18 -0.45,0 -0.90,-0.91 -0.25,-1.37 z m 1.08,0 c 0,0 0,0 0,0.01 -0.38,0.06 -0.36,0.67 0.05,0.68 v 0 h 3.62 v 0 c 0.41,-0.01 0.43,-0.61 0.05,-0.68 0,0 0,0 0,-0.01 z m 4.80,0 c 0.66,0.46 0.21,1.37 -0.25,1.37 -0.29,0 -0.48,-0.07 -0.61,-0.18 h -1.02 c 0.32,0.77 1.08,1.54 2.08,1.54 0.90,0 1.35,-0.91 1.35,-1.37 0,-0.91 -0.45,-1.37 -1.55,-1.37 z m -3.39,1.20 c -0.45,0.46 -0.45,1.37 -0.90,1.83 l 0.90,-0.46 c 0,0.46 0,0.91 0.45,1.37 0.45,-0.46 0.45,-0.91 0.45,-1.37 l 0.90,0.46 c -0.45,-0.46 -0.45,-1.37 -0.90,-1.83 z" style="fill:#ffffff;stroke:none" />
    <path d="m 47.36,235.83 c -0.90,1.37 -1.80,2.74 -1.80,4.56 0,1.62 1.06,3.24 1.30,4.22 h 0.99 c 0.24,-0.98 1.30,-2.60 1.30,-4.22 0,-1.83 -0.90,-3.20 -1.80,-4.56 z m -4.49,5.19 c -1.35,0 -2.24,0.91 -2.24,2.29 0,0.91 0.63,1.81 1.80,1.83 -0.45,-0.46 0,-1.83 0.90,-1.83 0.91,0 1.61,0.62 1.98,1.31 h 0.96 c -0.39,-1.36 -1.40,-3.59 -3.39,-3.59 z m 8.98,0 c -1.99,0 -3.00,2.24 -3.39,3.59 h 0.96 c 0.36,-0.68 1.07,-1.31 1.98,-1.31 0.90,0 1.35,1.37 0.90,1.83 1.17,-0.02 1.80,-0.91 1.80,-1.83 0,-1.37 -0.90,-2.29 -2.24,-2.29 z m -7.43,4.11 c -1.10,0 -1.55,0.46 -1.55,1.37 0,0.46 0.45,1.37 1.35,1.37 1.01,0 1.77,-0.77 2.08,-1.54 h -1.02 c -0.13,0.11 -0.32,0.18 -0.61,0.18 -0.45,0 -0.90,-0.91 -0.25,-1.37 z m 1.08,0 c 0,0 0,0 0,0.01 -0.38,0.06 -0.36,0.67 0.05,0.68 v 0 h 3.62 v 0 c 0.41,-0.01 0.43,-0.61 0.05,-0.68 0,0 0,0 0,-0.01 z m 4.80,0 c 0.66,0.46 0.21,1.37 -0.25,1.37 -0.29,0 -0.48,-0.07 -0.61,-0.18 h -1.02 c 0.32,0.77 1.08,1.54 2.08,1.54 0.90,0 1.35,-0.91 1.35,-1.37 0,-0.91 -0.45,-1.37 -1.55,-1.37 z m -3.39,1.20 c -0.45,0.46 -0.45,1.37 -0.90,1.83 l 0.90,-0.46 c 0,0.46 0,0.91 0.45,1.37 0.45,-0.46 0.45,-0.91 0.45,-1.37 l 0.90,0.46 c -0.45,-0.46 -0.45,-1.37 -0.90,-1.83 z" style="fill:#ffffff;stroke:none" />
    <path d="m 61.66,235.83 c -0.90,1.37 -1.80,2.74 -1.80,4.56 0,1.62 1.06,3.24 1.30,4.22 h 0.99 c 0.24,-0.98 1.30,-2.60 1.30,-4.22 0,-1.83 -0.90,-3.20 -1.80,-4.56 z m -4.49,5.19 c -1.35,0 -2.24,0.91 -2.24,2.29 0,0.91 0.63,1.81 1.80,1.83 -0.45,-0.46 0,-1.83 0.90,-1.83 0.91,0 1.61,0.62 1.98,1.31 h 0.96 c -0.39,-1.36 -1.40,-3.59 -3.39,-3.59 z m 8.98,0 c -1.99,0 -3.00,2.24 -3.39,3.59 h 0.96 c 0.36,-0.68 1.07,-1.31 1.98,-1.31 0.90,0 1.35,1.37 0.90,1.83 1.17,-0.02 1.80,-0.91 1.80,-1.83 0,-1.37 -0.90,-2.29 -2.24,-2.29 z m -7.43,4.11 c -1.10,0 -1.55,0.46 -1.55,1.37 0,0.46 0.45,1.37 1.35,1.37 1.01,0 1.77,-0.77 2.08,-1.54 h -1.02 c -0.13,0.11 -0.32,0.18 -0.61,0.18 -0.45,0 -0.90,-0.91 -0.25,-1.37 z m 1.08,0 c 0,0 0,0 0,0.01 -0.38,0.06 -0.36,0.67 0.05,0.68 v 0 h 3.62 v 0 c 0.41,-0.01 0.43,-0.61 0.05,-0.68 0,0 0,0 0,-0.01 z m 4.80,0 c 0.66,0.46 0.21,1.37 -0.25,1.37 -0.29,0 -0.48,-0.07 -0.61,-0.18 h -1.02 c 0.32,0.77 1.08,1.54 2.08,1.54 0.90,0 1.35,-0.91 1.35,-1.37 0,-0.91 -0.45,-1.37 -1.55,-1.37 z m -3.39,1.20 c -0.45,0.46 -0.45,1.37 -0.90,1.83 l 0.90,-0.46 c 0,0.46 0,0.91 0.45,1.37 0.45,-0.46 0.45,-0.91 0.45,-1.37 l 0.90,0.46 c -0.45,-0.46 -0.45,-1.37 -0.90,-1.83 z" style="fill:#ffffff;stroke:none" />
  </g>
  <g id="achieve-connect-3-matching">
    <rect x="83" y="180.5" width="71.5" height="79" style="fill:#eeeeee;stroke:#333333;stroke-width:1px" />
    <rect x="99.25" y="183.5" width="39" height="39" style="fill:none;stroke:#aaaaaa;stroke-width:1px" />
    <path d="m 119.33,189.33 q 1.70,0 3.14,0.49 1.44,0.49 2.46,1.38 1.05,0.90 1.62,2.17 0.58,1.27 0.58,2.82 0,1.27 -0.34,2.28 -0.32,0.99 -0.93,1.75 -0.60,0.75 -1.46,1.27 -0.86,0.52 -1.92,0.84 2.61,0.69 3.92,2.31 1.33,1.62 1.33,4.07 0,1.85 -0.71,3.32 -0.69,1.47 -1.90,2.52 -1.21,1.03 -2.84,1.59 -1.61,0.54 -3.45,0.54 -2.13,0 -3.64,-0.52 -1.51,-0.54 -2.56,-1.47 -1.05,-0.93 -1.72,-2.20 -0.67,-1.29 -1.14,-2.78 l 1.44,-0.60 q 0.56,-0.24 1.08,-0.13 0.54,0.11 0.78,0.62 0.24,0.52 0.60,1.25 0.37,0.73 1.01,1.40 0.63,0.67 1.61,1.14 0.99,0.47 2.50,0.47 1.40,0 2.45,-0.45 1.06,-0.47 1.75,-1.19 0.71,-0.73 1.06,-1.62 0.35,-0.90 0.35,-1.77 0,-1.08 -0.28,-1.98 -0.28,-0.90 -1.05,-1.55 -0.77,-0.65 -2.11,-1.03 -1.33,-0.37 -3.42,-0.37 v -2.41 q 1.72,-0.02 2.91,-0.37 1.21,-0.35 1.96,-0.97 0.77,-0.62 1.10,-1.47 0.35,-0.86 0.35,-1.90 0,-1.16 -0.37,-2.02 -0.35,-0.86 -0.99,-1.42 -0.63,-0.56 -1.51,-0.84 -0.86,-0.28 -1.87,-0.28 -1.01,0 -1.89,0.30 -0.86,0.30 -1.53,0.84 -0.65,0.52 -1.10,1.25 -0.45,0.73 -0.63,1.61 -0.24,0.65 -0.62,0.88 -0.35,0.21 -1.05,0.11 l -1.74,-0.30 q 0.26,-1.83 1.01,-3.23 0.75,-1.42 1.89,-2.37 1.16,-0.95 2.63,-1.44 1.49,-0.50 3.21,-0.50 z" style="fill:#333333;stroke:none" />
    <path d="m 90.37,252.80 c -1.12,-0.39 -2.08,-1.28 -2.60,-2.42 -0.19,-0.41 -0.23,-0.66 -0.23,-1.54 0,-1.65 0.14,-1.86 2.92,-4.67 2.41,-2.43 2.68,-2.63 3.93,-2.95 0.72,-0.18 1.73,-0.14 2.32,0.11 l 0.38,0.16 1.08,-1.08 1.08,-1.08 -0.17,-0.39 c -0.13,-0.29 -0.18,-0.67 -0.18,-1.39 0,-0.91 0.02,-1.05 0.31,-1.64 0.41,-0.86 1.24,-1.80 3.38,-3.82 1.39,-1.32 1.90,-1.74 2.39,-1.97 1.11,-0.52 2.47,-0.47 3.64,0.13 0.65,0.33 1.44,1.19 1.80,1.95 0.30,0.63 0.32,0.75 0.32,1.72 0,0.99 -0.02,1.09 -0.34,1.73 -0.29,0.59 -0.65,1.00 -2.65,3.01 -2.03,2.04 -2.39,2.36 -2.97,2.63 -0.86,0.40 -1.86,0.49 -2.85,0.25 l -0.70,-0.17 -0.37,0.30 c -0.20,0.16 -0.70,0.63 -1.09,1.03 l -0.72,0.73 0.20,0.65 c 0.16,0.50 0.20,0.83 0.17,1.44 -0.06,1.25 -0.28,1.63 -2.11,3.56 -2.00,2.12 -3.33,3.32 -4.02,3.64 -0.81,0.37 -2.03,0.41 -2.92,0.10 z m 2.70,-0.97 c 0.60,-0.30 4.87,-4.57 5.19,-5.18 0.20,-0.38 0.24,-0.59 0.24,-1.41 0,-0.53 -0.03,-0.99 -0.07,-1.03 -0.04,-0.04 -0.25,0.07 -0.47,0.25 -0.38,0.30 -0.40,0.35 -0.40,0.83 0,0.30 -0.08,0.67 -0.20,0.92 -0.27,0.56 -4.32,4.57 -4.83,4.79 -0.54,0.22 -1.44,0.20 -1.93,-0.05 -1.14,-0.58 -1.59,-1.95 -1.01,-3.09 0.10,-0.19 1.16,-1.32 2.36,-2.51 2.30,-2.26 2.45,-2.37 3.31,-2.37 0.28,0 0.43,-0.08 0.74,-0.39 l 0.39,-0.39 -0.27,-0.10 c -0.38,-0.14 -1.33,-0.12 -1.78,0.04 -0.67,0.24 -1.17,0.66 -3.31,2.79 -1.34,1.33 -2.19,2.25 -2.33,2.54 -0.28,0.54 -0.37,1.58 -0.21,2.26 0.23,0.94 1.11,1.91 2.07,2.27 0.58,0.22 1.95,0.14 2.52,-0.15 z m -0.28,-2.13 c 0.35,-0.29 1.17,-1.12 1.84,-1.83 0.93,-0.99 1.16,-1.28 0.97,-1.25 -0.39,0.07 -0.72,-0.05 -1.14,-0.44 -0.42,-0.38 -0.66,-0.98 -0.54,-1.34 0.12,-0.39 -0.30,-0.03 -1.90,1.63 -1.90,1.96 -2.09,2.31 -1.64,3.04 0.28,0.46 0.75,0.72 1.31,0.72 0.42,0 0.53,-0.05 1.10,-0.53 z m 6.62,-7.95 c 2.24,-2.23 4.01,-4.08 4.01,-4.18 0,-0.26 -0.44,-0.52 -0.66,-0.39 -0.36,0.20 -7.90,7.84 -7.90,8.01 0,0.17 0.33,0.57 0.47,0.57 0.04,0 1.87,-1.80 4.08,-4.00 z m 4.64,-1.13 c 0.36,-0.12 0.81,-0.48 1.93,-1.53 2.99,-2.79 3.50,-3.36 3.77,-4.27 0.45,-1.50 -0.30,-3.17 -1.74,-3.87 -0.49,-0.24 -0.69,-0.28 -1.41,-0.28 -1.32,0 -1.46,0.10 -4.11,2.74 -1.73,1.73 -2.32,2.38 -2.48,2.75 -0.26,0.59 -0.37,1.88 -0.18,2.22 l 0.12,0.23 0.39,-0.38 c 0.34,-0.33 0.39,-0.44 0.39,-0.83 0,-0.25 0.08,-0.63 0.18,-0.85 0.25,-0.54 4.26,-4.48 4.83,-4.74 1.48,-0.67 3.14,0.44 3.15,2.10 0,0.97 -0.26,1.33 -2.54,3.52 -2.12,2.03 -2.55,2.34 -3.28,2.34 -0.32,0 -0.47,0.07 -0.77,0.37 -0.21,0.20 -0.38,0.40 -0.38,0.44 0,0.21 1.52,0.23 2.13,0.03 z m 3.94,-6.29 c 0.20,-0.48 0.06,-0.99 -0.38,-1.44 -0.35,-0.35 -0.42,-0.38 -0.95,-0.38 h -0.58 l -1.24,1.22 c -0.68,0.67 -1.50,1.51 -1.82,1.87 l -0.58,0.65 0.37,-0.04 c 0.44,-0.04 0.83,0.14 1.25,0.58 0.26,0.27 0.30,0.38 0.29,0.87 l -0.01,0.56 1.75,-1.79 c 0.96,-0.98 1.81,-1.93 1.88,-2.10 z" style="fill:#333333;stroke:none" />
    <path d="m 116.52,234.05 q 0.91,0 1.68,0.26 0.77,0.26 1.32,0.74 0.56,0.48 0.87,1.16 0.31,0.68 0.31,1.51 0,0.68 -0.18,1.22 -0.17,0.53 -0.5,0.94 -0.32,0.40 -0.78,0.68 -0.46,0.28 -1.03,0.45 1.40,0.37 2.10,1.24 0.71,0.87 0.71,2.18 0,0.99 -0.38,1.78 -0.37,0.79 -1.02,1.35 -0.65,0.55 -1.52,0.85 -0.86,0.29 -1.85,0.29 -1.14,0 -1.95,-0.28 -0.81,-0.29 -1.37,-0.79 -0.56,-0.50 -0.92,-1.18 -0.36,-0.69 -0.61,-1.49 l 0.77,-0.32 q 0.30,-0.13 0.58,-0.07 0.29,0.06 0.42,0.33 0.13,0.28 0.32,0.67 0.20,0.39 0.54,0.75 0.34,0.36 0.86,0.61 0.53,0.25 1.34,0.25 0.75,0 1.31,-0.24 0.57,-0.25 0.94,-0.64 0.38,-0.39 0.57,-0.87 0.19,-0.48 0.19,-0.95 0,-0.58 -0.15,-1.06 -0.15,-0.48 -0.56,-0.83 -0.41,-0.35 -1.13,-0.55 -0.71,-0.20 -1.83,-0.20 v -1.29 q 0.92,-0.01 1.56,-0.20 0.65,-0.19 1.05,-0.52 0.41,-0.33 0.59,-0.79 0.19,-0.46 0.19,-1.02 0,-0.62 -0.20,-1.08 -0.19,-0.46 -0.53,-0.76 -0.34,-0.30 -0.81,-0.45 -0.46,-0.15 -1,-0.15 -0.54,0 -1.01,0.16 -0.46,0.16 -0.82,0.45 -0.35,0.28 -0.59,0.67 -0.24,0.39 -0.34,0.86 -0.13,0.35 -0.33,0.47 -0.19,0.11 -0.56,0.06 l -0.93,-0.16 q 0.14,-0.98 0.54,-1.73 0.40,-0.76 1.01,-1.27 0.62,-0.51 1.41,-0.77 0.80,-0.27 1.72,-0.27 z" style="fill:#333333;stroke:none" />
    <polygon points="129.65,229.40 143.48,229.40 150.40,241.38 143.48,253.35 129.65,253.35 122.74,241.38" style="fill:#fefefe;stroke:#333333;stroke-width:0.5px" />
    <path d="m 132.27,242.37 h 8.60 v 1.35 h -8.60 z m 0,-3.35 h 8.60 v 1.35 h -8.60 z" style="fill:#333333;stroke:none" />
  </g>
  <g id="achieve-connect-blue">
    <rect x="0.5" y="270.5" width="71.5" height="199" style="fill:#c8e0c0;stroke:#333333;stroke-width:1px" />
    <rect x="16.75" y="273.5" width="39" height="159" style="fill:none;stroke:#aaaaaa;stroke-width:1px" />
    <path d="m 36.60,399.48 q 1.70,0 3.17,0.50 1.47,0.50 2.56,1.47 1.08,0.952 1.70,2.33 0.62,1.38 0.62,3.14 0,1.49 -0.45,2.78 -0.45,1.27 -1.21,2.43 -0.77,1.16 -1.77,2.26 -0.99,1.10 -2.11,2.22 l -7.06,7.21 q 0.75,-0.21 1.51,-0.32 0.77,-0.13 1.47,-0.13 h 8.96 q 0.54,0 0.86,0.32 0.32,0.32 0.32,0.82 v 2.02 H 27.33 v -1.14 q 0,-0.35 0.15,-0.73 0.15,-0.37 0.47,-0.69 l 8.57,-8.61 q 1.06,-1.08 1.94,-2.07 0.88,-1.01 1.49,-2.02 0.62,-1.01 0.95,-2.03 0.34,-1.05 0.34,-2.22 0,-1.18 -0.37,-2.05 -0.37,-0.90 -1.03,-1.47 -0.63,-0.58 -1.51,-0.86 -0.88,-0.30 -1.89,-0.30 -1.03,0 -1.89,0.30 -0.86,0.30 -1.53,0.84 -0.65,0.52 -1.10,1.25 -0.45,0.73 -0.63,1.61 -0.22,0.65 -0.62,0.88 -0.37,0.21 -1.06,0.11 l -1.74,-0.30 q 0.26,-1.83 1.01,-3.23 0.77,-1.42 1.90,-2.37 1.16,-0.95 2.63,-1.44 1.47,-0.50 3.19,-0.50 z" style="fill:#333333;stroke:none" />
    <path d="m 7.94,462.84 c -1.12,-0.39 -2.08,-1.28 -2.60,-2.42 -0.19,-0.41 -0.23,-0.66 -0.23,-1.54 0,-1.65 0.14,-1.86 2.92,-4.67 2.41,-2.43 2.68,-2.63 3.93,-2.95 0.72,-0.18 1.73,-0.14 2.32,0.11 l 0.38,0.16 1.08,-1.08 1.08,-1.08 -0.17,-0.39 c -0.13,-0.29 -0.18,-0.67 -0.18,-1.39 0,-0.91 0.02,-1.05 0.31,-1.64 0.41,-0.86 1.24,-1.80 3.38,-3.82 1.39,-1.32 1.90,-1.74 2.39,-1.97 1.11,-0.52 2.47,-0.47 3.64,0.13 0.65,0.33 1.44,1.19 1.80,1.95 0.30,0.63 0.32,0.75 0.32,1.72 0,0.99 -0.02,1.09 -0.34,1.73 -0.29,0.59 -0.65,1.00 -2.65,3.01 -2.03,2.04 -2.39,2.36 -2.97,2.63 -0.86,0.40 -1.86,0.49 -2.85,0.25 l -0.70,-0.17 -0.37,0.30 c -0.20,0.16 -0.70,0.63 -1.09,1.03 l -0.72,0.73 0.20,0.65 c 0.16,0.50 0.20,0.83 0.17,1.44 -0.06,1.25 -0.28,1.63 -2.11,3.56 -2.00,2.12 -3.33,3.32 -4.02,3.64 -0.81,0.37 -2.03,0.41 -2.92,0.10 z m 2.70,-0.97 c 0.60,-0.30 4.87,-4.57 5.19,-5.18 0.20,-0.38 0.24,-0.59 0.24,-1.41 0,-0.53 -0.03,-0.99 -0.07,-1.03 -0.04,-0.04 -0.25,0.07 -0.47,0.25 -0.38,0.30 -0.40,0.35 -0.40,0.83 0,0.30 -0.08,0.67 -0.20,0.92 -0.27,0.56 -4.32,4.57 -4.83,4.79 -0.54,0.22 -1.44,0.20 -1.93,-0.05 -1.14,-0.58 -1.59,-1.95 -1.01,-3.09 0.10,-0.19 1.16,-1.32 2.36,-2.51 2.30,-2.26 2.45,-2.37 3.31,-2.37 0.28,0 0.43,-0.08 0.74,-0.39 l 0.39,-0.39 -0.27,-0.10 c -0.38,-0.14 -1.33,-0.12 -1.78,0.04 -0.67,0.24 -1.17,0.66 -3.31,2.79 -1.34,1.33 -2.19,2.25 -2.33,2.54 -0.28,0.54 -0.37,1.58 -0.21,2.26 0.23,0.94 1.11,1.91 2.07,2.27 0.58,0.22 1.95,0.14 2.52,-0.15 z m -0.28,-2.13 c 0.35,-0.29 1.17,-1.12 1.84,-1.83 0.93,-0.99 1.16,-1.28 0.97,-1.25 -0.39,0.07 -0.72,-0.05 -1.14,-0.44 -0.42,-0.38 -0.66,-0.98 -0.54,-1.34 0.12,-0.39 -0.30,-0.03 -1.90,1.63 -1.90,1.96 -2.09,2.31 -1.64,3.04 0.28,0.46 0.75,0.72 1.31,0.72 0.42,0 0.53,-0.05 1.10,-0.53 z m 6.62,-7.95 c 2.24,-2.23 4.01,-4.08 4.01,-4.18 0,-0.26 -0.44,-0.52 -0.66,-0.39 -0.36,0.20 -7.90,7.84 -7.90,8.01 0,0.17 0.33,0.57 0.47,0.57 0.04,0 1.87,-1.80 4.08,-4.00 z m 4.64,-1.13 c 0.36,-0.12 0.81,-0.48 1.93,-1.53 2.99,-2.79 3.50,-3.36 3.77,-4.27 0.45,-1.50 -0.30,-3.17 -1.74,-3.87 -0.49,-0.24 -0.69,-0.28 -1.41,-0.28 -1.32,0 -1.46,0.10 -4.11,2.74 -1.73,1.73 -2.32,2.38 -2.48,2.75 -0.26,0.59 -0.37,1.88 -0.18,2.22 l 0.12,0.23 0.39,-0.38 c 0.34,-0.33 0.39,-0.44 0.39,-0.83 0,-0.25 0.08,-0.63 0.18,-0.85 0.25,-0.54 4.26,-4.48 4.83,-4.74 1.48,-0.67 3.14,0.44 3.15,2.10 0,0.97 -0.26,1.33 -2.54,3.52 -2.12,2.03 -2.55,2.34 -3.28,2.34 -0.32,0 -0.47,0.07 -0.77,0.37 -0.21,0.20 -0.38,0.40 -0.38,0.44 0,0.21 1.52,0.23 2.13,0.03 z m 3.94,-6.29 c 0.20,-0.48 0.06,-0.99 -0.38,-1.44 -0.35,-0.35 -0.42,-0.38 -0.95,-0.38 h -0.58 l -1.24,1.22 c -0.68,0.67 -1.50,1.51 -1.82,1.87 l -0.58,0.65 0.37,-0.04 c 0.44,-0.04 0.83,0.14 1.25,0.58 0.26,0.27 0.30,0.38 0.29,0.87 l -0.01,0.56 1.75,-1.79 c 0.96,-0.98 1.81,-1.93 1.88,-2.10 z" style="fill:#333333;stroke:none" />
    <path d="m 33.97,444.17 q 0.91,0 1.70,0.27 0.79,0.27 1.37,0.79 0.58,0.51 0.91,1.25 0.33,0.74 0.33,1.68 0,0.80 -0.24,1.49 -0.24,0.68 -0.65,1.30 -0.41,0.62 -0.95,1.21 -0.53,0.59 -1.13,1.19 l -3.78,3.86 q 0.40,-0.11 0.81,-0.17 0.41,-0.07 0.79,-0.07 h 4.8 q 0.29,0 0.46,0.17 0.17,0.17 0.17,0.44 v 1.08 h -9.56 v -0.61 q 0,-0.19 0.08,-0.39 0.08,-0.20 0.25,-0.37 l 4.59,-4.61 q 0.57,-0.58 1.04,-1.11 0.47,-0.54 0.80,-1.08 0.33,-0.54 0.51,-1.09 0.18,-0.56 0.18,-1.19 0,-0.63 -0.20,-1.10 -0.20,-0.48 -0.55,-0.79 -0.34,-0.31 -0.81,-0.46 -0.47,-0.16 -1.01,-0.16 -0.55,0 -1.01,0.16 -0.46,0.16 -0.82,0.45 -0.35,0.28 -0.59,0.67 -0.24,0.39 -0.34,0.86 -0.12,0.35 -0.33,0.47 -0.20,0.11 -0.57,0.06 l -0.93,-0.16 q 0.14,-0.98 0.54,-1.73 0.41,-0.76 1.02,-1.27 0.62,-0.51 1.41,-0.77 0.79,-0.27 1.71,-0.27 z" style="fill:#333333;stroke:none" />
    <polygon points="47.22,439.44 61.05,439.44 67.97,451.42 61.05,463.39 47.22,463.39 40.31,451.42" style="fill:#6495ed;stroke:#333333;stroke-width:0.5px" />
    <path d="m 54.81,443.19 c -0.19,0.76 -0.33,1.38 -0.78,1.84 -0.84,0.89 -2.14,1.42 -4.21,0.84 -0.55,-0.16 -1.03,-0.56 -1.52,-1.16 l -0.51,0.42 c 0.53,0.65 1.12,1.17 1.85,1.38 h 0 c 0.53,0.15 1.03,0.23 1.49,0.25 0.30,0.99 0.46,1.95 1.07,2.89 0.07,1.49 -0.15,2.66 -0.40,4.10 -1.07,-0.16 -2.15,-0.51 -3.26,-1.12 l -0.15,0.66 c 3.93,2.08 7.55,1.06 11.48,-0.06 l -0.15,-0.65 c -2.41,0.69 -4.63,1.33 -6.84,1.25 0.32,-1.36 0.53,-2.73 0.65,-4.09 1.66,0.58 2.82,1.19 3.83,2.18 l 0.60,-0.58 c -0.93,-1.07 -2.50,-2.10 -4.09,-2.78 -0.24,-0.83 -0.46,-1.43 -0.48,-2.24 0.44,-0.22 0.82,-0.51 1.13,-0.84 0.58,-0.62 0.75,-1.38 0.93,-2.14 z m -3.19,0.24 c -0.03,0 -0.06,0 -0.10,0.01 -0.17,0.03 -0.32,0.16 -0.42,0.37 -0.10,0.22 -0.15,0.52 -0.08,0.84 0.06,0.32 0.22,0.59 0.39,0.75 0.18,0.16 0.36,0.22 0.53,0.18 0.17,-0.03 0.32,-0.16 0.42,-0.37 0.10,-0.22 0.15,-0.52 0.08,-0.84 -0.06,-0.32 -0.21,-0.58 -0.39,-0.74 -0.15,-0.13 -0.30,-0.20 -0.44,-0.20 z m -5.94,9.24 v 6.96 h 0.58 l 1.61,-6.96 z m 14.74,0 1.61,6.96 h 0.58 v -6.96 z" style="fill:#333333;stroke:none" />
  </g>
  <g id="achieve-connect-yellow">
    <rect x="83" y="270.5" width="71.5" height="199" style="fill:#c8e0c0;stroke:#333333;stroke-width:1px" />
    <rect x="99.25" y="273.5" width="39" height="159" style="fill:none;stroke:#aaaaaa;stroke-width:1px" />
    <path d="m 119.10,399.48 q 1.70,0 3.17,0.50 1.47,0.50 2.56,1.47 1.08,0.952 1.70,2.33 0.62,1.38 0.62,3.14 0,1.49 -0.45,2.78 -0.45,1.27 -1.21,2.43 -0.77,1.16 -1.77,2.26 -0.99,1.10 -2.11,2.22 l -7.06,7.21 q 0.75,-0.21 1.51,-0.32 0.77,-0.13 1.47,-0.13 h 8.96 q 0.54,0 0.86,0.32 0.32,0.32 0.32,0.82 v 2.02 H 109.83 v -1.14 q 0,-0.35 0.15,-0.73 0.15,-0.37 0.47,-0.69 l 8.57,-8.61 q 1.06,-1.08 1.94,-2.07 0.88,-1.01 1.49,-2.02 0.62,-1.01 0.95,-2.03 0.34,-1.05 0.34,-2.22 0,-1.18 -0.37,-2.05 -0.37,-0.90 -1.03,-1.47 -0.63,-0.58 -1.51,-0.86 -0.88,-0.30 -1.89,-0.30 -1.03,0 -1.89,0.30 -0.86,0.30 -1.53,0.84 -0.65,0.52 -1.10,1.25 -0.45,0.73 -0.63,1.61 -0.22,0.65 -0.62,0.88 -0.37,0.21 -1.06,0.11 l -1.74,-0.30 q 0.26,-1.83 1.01,-3.23 0.77,-1.42 1.90,-2.37 1.16,-0.95 2.63,-1.44 1.47,-0.50 3.19,-0.50 z" style="fill:#333333;stroke:none" />
    <path d="m 89.94,462.84 c -1.12,-0.39 -2.08,-1.28 -2.60,-2.42 -0.19,-0.41 -0.23,-0.66 -0.23,-1.54 0,-1.65 0.14,-1.86 2.92,-4.67 2.41,-2.43 2.68,-2.63 3.93,-2.95 0.72,-0.18 1.73,-0.14 2.32,0.11 l 0.38,0.16 1.08,-1.08 1.08,-1.08 -0.17,-0.39 c -0.13,-0.29 -0.18,-0.67 -0.18,-1.39 0,-0.91 0.02,-1.05 0.31,-1.64 0.41,-0.86 1.24,-1.80 3.38,-3.82 1.39,-1.32 1.90,-1.74 2.39,-1.97 1.11,-0.52 2.47,-0.47 3.64,0.13 0.65,0.33 1.44,1.19 1.80,1.95 0.30,0.63 0.32,0.75 0.32,1.72 0,0.99 -0.02,1.09 -0.34,1.73 -0.29,0.59 -0.65,1.00 -2.65,3.01 -2.03,2.04 -2.39,2.36 -2.97,2.63 -0.86,0.40 -1.86,0.49 -2.85,0.25 l -0.70,-0.17 -0.37,0.30 c -0.20,0.16 -0.70,0.63 -1.09,1.03 l -0.72,0.73 0.20,0.65 c 0.16,0.50 0.20,0.83 0.17,1.44 -0.06,1.25 -0.28,1.63 -2.11,3.56 -2.00,2.12 -3.33,3.32 -4.02,3.64 -0.81,0.37 -2.03,0.41 -2.92,0.10 z m 2.70,-0.97 c 0.60,-0.30 4.87,-4.57 5.19,-5.18 0.20,-0.38 0.24,-0.59 0.24,-1.41 0,-0.53 -0.03,-0.99 -0.07,-1.03 -0.04,-0.04 -0.25,0.07 -0.47,0.25 -0.38,0.30 -0.40,0.35 -0.40,0.83 0,0.30 -0.08,0.67 -0.20,0.92 -0.27,0.56 -4.32,4.57 -4.83,4.79 -0.54,0.22 -1.44,0.20 -1.93,-0.05 -1.14,-0.58 -1.59,-1.95 -1.01,-3.09 0.10,-0.19 1.16,-1.32 2.36,-2.51 2.30,-2.26 2.45,-2.37 3.31,-2.37 0.28,0 0.43,-0.08 0.74,-0.39 l 0.39,-0.39 -0.27,-0.10 c -0.38,-0.14 -1.33,-0.12 -1.78,0.04 -0.67,0.24 -1.17,0.66 -3.31,2.79 -1.34,1.33 -2.19,2.25 -2.33,2.54 -0.28,0.54 -0.37,1.58 -0.21,2.26 0.23,0.94 1.11,1.91 2.07,2.27 0.58,0.22 1.95,0.14 2.52,-0.15 z m -0.28,-2.13 c 0.35,-0.29 1.17,-1.12 1.84,-1.83 0.93,-0.99 1.16,-1.28 0.97,-1.25 -0.39,0.07 -0.72,-0.05 -1.14,-0.44 -0.42,-0.38 -0.66,-0.98 -0.54,-1.34 0.12,-0.39 -0.30,-0.03 -1.90,1.63 -1.90,1.96 -2.09,2.31 -1.64,3.04 0.28,0.46 0.75,0.72 1.31,0.72 0.42,0 0.53,-0.05 1.10,-0.53 z m 6.62,-7.95 c 2.24,-2.23 4.01,-4.08 4.01,-4.18 0,-0.26 -0.44,-0.52 -0.66,-0.39 -0.36,0.20 -7.90,7.84 -7.90,8.01 0,0.17 0.33,0.57 0.47,0.57 0.04,0 1.87,-1.80 4.08,-4.00 z m 4.64,-1.13 c 0.36,-0.12 0.81,-0.48 1.93,-1.53 2.99,-2.79 3.50,-3.36 3.77,-4.27 0.45,-1.50 -0.30,-3.17 -1.74,-3.87 -0.49,-0.24 -0.69,-0.28 -1.41,-0.28 -1.32,0 -1.46,0.10 -4.11,2.74 -1.73,1.73 -2.32,2.38 -2.48,2.75 -0.26,0.59 -0.37,1.88 -0.18,2.22 l 0.12,0.23 0.39,-0.38 c 0.34,-0.33 0.39,-0.44 0.39,-0.83 0,-0.25 0.08,-0.63 0.18,-0.85 0.25,-0.54 4.26,-4.48 4.83,-4.74 1.48,-0.67 3.14,0.44 3.15,2.10 0,0.97 -0.26,1.33 -2.54,3.52 -2.12,2.03 -2.55,2.34 -3.28,2.34 -0.32,0 -0.47,0.07 -0.77,0.37 -0.21,0.20 -0.38,0.40 -0.38,0.44 0,0.21 1.52,0.23 2.13,0.03 z m 3.94,-6.29 c 0.20,-0.48 0.06,-0.99 -0.38,-1.44 -0.35,-0.35 -0.42,-0.38 -0.95,-0.38 h -0.58 l -1.24,1.22 c -0.68,0.67 -1.50,1.51 -1.82,1.87 l -0.58,0.65 0.37,-0.04 c 0.44,-0.04 0.83,0.14 1.25,0.58 0.26,0.27 0.30,0.38 0.29,0.87 l -0.01,0.56 1.75,-1.79 c 0.96,-0.98 1.81,-1.93 1.88,-2.10 z" style="fill:#333333;stroke:none" />
    <path d="m 115.97,444.17 q 0.91,0 1.70,0.27 0.79,0.27 1.37,0.79 0.58,0.51 0.91,1.25 0.33,0.74 0.33,1.68 0,0.80 -0.24,1.49 -0.24,0.68 -0.65,1.30 -0.41,0.62 -0.95,1.21 -0.53,0.59 -1.13,1.19 l -3.78,3.86 q 0.40,-0.11 0.81,-0.17 0.41,-0.07 0.79,-0.07 h 4.8 q 0.29,0 0.46,0.17 0.17,0.17 0.17,0.44 v 1.08 h -9.56 v -0.61 q 0,-0.19 0.08,-0.39 0.08,-0.20 0.25,-0.37 l 4.59,-4.61 q 0.57,-0.58 1.04,-1.11 0.47,-0.54 0.80,-1.08 0.33,-0.54 0.51,-1.09 0.18,-0.56 0.18,-1.19 0,-0.63 -0.20,-1.10 -0.20,-0.48 -0.55,-0.79 -0.34,-0.31 -0.81,-0.46 -0.47,-0.16 -1.01,-0.16 -0.55,0 -1.01,0.16 -0.46,0.16 -0.82,0.45 -0.35,0.28 -0.59,0.67 -0.24,0.39 -0.34,0.86 -0.12,0.35 -0.33,0.47 -0.20,0.11 -0.57,0.06 l -0.93,-0.16 q 0.14,-0.98 0.54,-1.73 0.41,-0.76 1.02,-1.27 0.62,-0.51 1.41,-0.77 0.79,-0.27 1.71,-0.27 z" style="fill:#333333;stroke:none" />
    <polygon points="129.22,439.44 143.05,439.44 149.97,451.42 143.05,463.39 129.22,463.39 122.31,451.42" style="fill:#ffff66;stroke:#333333;stroke-width:0.5px" />
    <path d="m 136.92,442.88 c -0.69,0 -1.24,0.57 -1.24,1.25 0,0.69 0.55,1.24 1.24,1.24 0.69,0 1.24,-0.55 1.24,-1.24 0,-0.69 -0.55,-1.25 -1.24,-1.25 z m -5.55,2.23 c -0.69,0 -1.24,0.57 -1.24,1.26 0,0.69 0.55,1.24 1.24,1.24 0.69,0 1.24,-0.55 1.24,-1.24 0,-0.69 -0.55,-1.26 -1.24,-1.26 z m 10.37,0.83 c -0.69,0 -1.24,0.57 -1.24,1.26 0,0.69 0.55,1.24 1.24,1.24 0.69,0 1.24,-0.55 1.24,-1.24 0,-0.69 -0.55,-1.26 -1.24,-1.26 z m -5.92,2.10 c -0.12,0 -0.24,0.02 -0.36,0.05 -0.94,0.25 -1.43,1.45 -1.10,2.68 0.13,0.48 0.36,0.89 0.65,1.20 -0.70,0.16 -1.25,0.49 -1.48,0.89 l -0.01,0 -1.52,2.35 -1.85,-0.80 c -1.07,-0.59 -2.25,0.88 -1.12,1.52 l 3.45,1.61 1.39,-1.83 c 0.79,1.41 0.57,2.83 -0.92,4.24 h 6.17 c -1.45,-1.39 -1.55,-2.79 -0.85,-4.18 l 1.34,1.77 3.45,-1.61 c 0.43,-0.24 0.52,-0.60 0.43,-0.92 -0.30,0.19 -0.66,0.30 -1.03,0.30 -0.52,0 -0.99,-0.21 -1.34,-0.55 l -1.02,0.44 -1.52,-2.35 v 0 c -0.20,-0.33 -0.63,-0.62 -1.19,-0.80 0.43,-0.52 0.58,-1.35 0.36,-2.19 -0.29,-1.08 -1.11,-1.81 -1.94,-1.82 z m -5.99,2.23 c -0.69,0 -1.24,0.57 -1.24,1.25 0,0.69 0.55,1.24 1.24,1.24 0.69,0 1.24,-0.55 1.24,-1.24 0,-0.69011 -0.55,-1.25 -1.24,-1.25 z m 12.63,1.87 c -0.69,0 -1.24,0.57 -1.24,1.26 0,0.69 0.55,1.24 1.24,1.24 0.69,0 1.24,-0.55 1.24,-1.24 0,-0.69 -0.55,-1.26 -1.24,-1.26 z" style="fill:#333333;stroke:none" />
  </g>
  <g id="achieve-connect-orange">
    <rect x="0.5" y="480.5" width="71.5" height="199" style="fill:#c8e0c0;stroke:#333333;stroke-width:1px" />
    <rect x="16.75" y="483.5" width="39" height="159" style="fill:none;stroke:#aaaaaa;stroke-width:1px" />
    <path d="m 36.60,609.48 q 1.70,0 3.17,0.50 1.47,0.50 2.56,1.47 1.08,0.952 1.70,2.33 0.62,1.38 0.62,3.14 0,1.49 -0.45,2.78 -0.45,1.27 -1.21,2.43 -0.77,1.16 -1.77,2.26 -0.99,1.10 -2.11,2.22 l -7.06,7.21 q 0.75,-0.21 1.51,-0.32 0.77,-0.13 1.47,-0.13 h 8.96 q 0.54,0 0.86,0.32 0.32,0.32 0.32,0.82 v 2.02 H 27.33 v -1.14 q 0,-0.35 0.15,-0.73 0.15,-0.37 0.47,-0.69 l 8.57,-8.61 q 1.06,-1.08 1.94,-2.07 0.88,-1.01 1.49,-2.02 0.62,-1.01 0.95,-2.03 0.34,-1.05 0.34,-2.22 0,-1.18 -0.37,-2.05 -0.37,-0.90 -1.03,-1.47 -0.63,-0.58 -1.51,-0.86 -0.88,-0.30 -1.89,-0.30 -1.03,0 -1.89,0.30 -0.86,0.30 -1.53,0.84 -0.65,0.52 -1.10,1.25 -0.45,0.73 -0.63,1.61 -0.22,0.65 -0.62,0.88 -0.37,0.21 -1.06,0.11 l -1.74,-0.30 q 0.26,-1.83 1.01,-3.23 0.77,-1.42 1.90,-2.37 1.16,-0.95 2.63,-1.44 1.47,-0.50 3.19,-0.50 z" style="fill:#333333;stroke:none" />
    <path d="m 7.94,672.84 c -1.12,-0.39 -2.08,-1.28 -2.60,-2.42 -0.19,-0.41 -0.23,-0.66 -0.23,-1.54 0,-1.65 0.14,-1.86 2.92,-4.67 2.41,-2.43 2.68,-2.63 3.93,-2.95 0.72,-0.18 1.73,-0.14 2.32,0.11 l 0.38,0.16 1.08,-1.08 1.08,-1.08 -0.17,-0.39 c -0.13,-0.29 -0.18,-0.67 -0.18,-1.39 0,-0.91 0.02,-1.05 0.31,-1.64 0.41,-0.86 1.24,-1.80 3.38,-3.82 1.39,-1.32 1.90,-1.74 2.39,-1.97 1.11,-0.52 2.47,-0.47 3.64,0.13 0.65,0.33 1.44,1.19 1.80,1.95 0.30,0.63 0.32,0.75 0.32,1.72 0,0.99 -0.02,1.09 -0.34,1.73 -0.29,0.59 -0.65,1.00 -2.65,3.01 -2.03,2.04 -2.39,2.36 -2.97,2.63 -0.86,0.40 -1.86,0.49 -2.85,0.25 l -0.70,-0.17 -0.37,0.30 c -0.20,0.16 -0.70,0.63 -1.09,1.03 l -0.72,0.73 0.20,0.65 c 0.16,0.50 0.20,0.83 0.17,1.44 -0.06,1.25 -0.28,1.63 -2.11,3.56 -2.00,2.12 -3.33,3.32 -4.02,3.64 -0.81,0.37 -2.03,0.41 -2.92,0.10 z m 2.70,-0.97 c 0.60,-0.30 4.87,-4.57 5.19,-5.18 0.20,-0.38 0.24,-0.59 0.24,-1.41 0,-0.53 -0.03,-0.99 -0.07,-1.03 -0.04,-0.04 -0.25,0.07 -0.47,0.25 -0.38,0.30 -0.40,0.35 -0.40,0.83 0,0.30 -0.08,0.67 -0.20,0.92 -0.27,0.56 -4.32,4.57 -4.83,4.79 -0.54,0.22 -1.44,0.20 -1.93,-0.05 -1.14,-0.58 -1.59,-1.95 -1.01,-3.09 0.10,-0.19 1.16,-1.32 2.36,-2.51 2.30,-2.26 2.45,-2.37 3.31,-2.37 0.28,0 0.43,-0.08 0.74,-0.39 l 0.39,-0.39 -0.27,-0.10 c -0.38,-0.14 -1.33,-0.12 -1.78,0.04 -0.67,0.24 -1.17,0.66 -3.31,2.79 -1.34,1.33 -2.19,2.25 -2.33,2.54 -0.28,0.54 -0.37,1.58 -0.21,2.26 0.23,0.94 1.11,1.91 2.07,2.27 0.58,0.22 1.95,0.14 2.52,-0.15 z m -0.28,-2.13 c 0.35,-0.29 1.17,-1.12 1.84,-1.83 0.93,-0.99 1.16,-1.28 0.97,-1.25 -0.39,0.07 -0.72,-0.05 -1.14,-0.44 -0.42,-0.38 -0.66,-0.98 -0.54,-1.34 0.12,-0.39 -0.30,-0.03 -1.90,1.63 -1.90,1.96 -2.09,2.31 -1.64,3.04 0.28,0.46 0.75,0.72 1.31,0.72 0.42,0 0.53,-0.05 1.10,-0.53 z m 6.62,-7.95 c 2.24,-2.23 4.01,-4.08 4.01,-4.18 0,-0.26 -0.44,-0.52 -0.66,-0.39 -0.36,0.20 -7.90,7.84 -7.90,8.01 0,0.17 0.33,0.57 0.47,0.57 0.04,0 1.87,-1.80 4.08,-4.00 z m 4.64,-1.13 c 0.36,-0.12 0.81,-0.48 1.93,-1.53 2.99,-2.79 3.50,-3.36 3.77,-4.27 0.45,-1.50 -0.30,-3.17 -1.74,-3.87 -0.49,-0.24 -0.69,-0.28 -1.41,-0.28 -1.32,0 -1.46,0.10 -4.11,2.74 -1.73,1.73 -2.32,2.38 -2.48,2.75 -0.26,0.59 -0.37,1.88 -0.18,2.22 l 0.12,0.23 0.39,-0.38 c 0.34,-0.33 0.39,-0.44 0.39,-0.83 0,-0.25 0.08,-0.63 0.18,-0.85 0.25,-0.54 4.26,-4.48 4.83,-4.74 1.48,-0.67 3.14,0.44 3.15,2.10 0,0.97 -0.26,1.33 -2.54,3.52 -2.12,2.03 -2.55,2.34 -3.28,2.34 -0.32,0 -0.47,0.07 -0.77,0.37 -0.21,0.20 -0.38,0.40 -0.38,0.44 0,0.21 1.52,0.23 2.13,0.03 z m 3.94,-6.29 c 0.20,-0.48 0.06,-0.99 -0.38,-1.44 -0.35,-0.35 -0.42,-0.38 -0.95,-0.38 h -0.58 l -1.24,1.22 c -0.68,0.67 -1.50,1.51 -1.82,1.87 l -0.58,0.65 0.37,-0.04 c 0.44,-0.04 0.83,0.14 1.25,0.58 0.26,0.27 0.30,0.38 0.29,0.87 l -0.01,0.56 1.75,-1.79 c 0.96,-0.98 1.81,-1.93 1.88,-2.10 z" style="fill:#333333;stroke:none" />
    <path d="m 33.97,654.17 q 0.91,0 1.70,0.27 0.79,0.27 1.37,0.79 0.58,0.51 0.91,1.25 0.33,0.74 0.33,1.68 0,0.80 -0.24,1.49 -0.24,0.68 -0.65,1.30 -0.41,0.62 -0.95,1.21 -0.53,0.59 -1.13,1.19 l -3.78,3.86 q 0.40,-0.11 0.81,-0.17 0.41,-0.07 0.79,-0.07 h 4.8 q 0.29,0 0.46,0.17 0.17,0.17 0.17,0.44 v 1.08 h -9.56 v -0.61 q 0,-0.19 0.08,-0.39 0.08,-0.20 0.25,-0.37 l 4.59,-4.61 q 0.57,-0.58 1.04,-1.11 0.47,-0.54 0.80,-1.08 0.33,-0.54 0.51,-1.09 0.18,-0.56 0.18,-1.19 0,-0.63 -0.20,-1.10 -0.20,-0.48 -0.55,-0.79 -0.34,-0.31 -0.81,-0.46 -0.47,-0.16 -1.01,-0.16 -0.55,0 -1.01,0.16 -0.46,0.16 -0.82,0.45 -0.35,0.28 -0.59,0.67 -0.24,0.39 -0.34,0.86 -0.12,0.35 -0.33,0.47 -0.20,0.11 -0.57,0.06 l -0.93,-0.16 q 0.14,-0.98 0.54,-1.73 0.41,-0.76 1.02,-1.27 0.62,-0.51 1.41,-0.77 0.79,-0.27 1.71,-0.27 z" style="fill:#333333;stroke:none" />
    <polygon points="47.22,649.44 61.05,649.44 67.97,661.42 61.05,673.39 47.22,673.39 40.31,661.42" style="fill:#ff9f00;stroke:#333333;stroke-width:0.5px" />
    <path d="m 47.94,652.84 c -1.06,0 -1.91,0.85 -1.91,1.91 0,1.06 0.86,1.91 1.91,1.91 1.06,0 1.91,-0.86 1.91,-1.91 0,-1.06 -0.86,-1.91 -1.91,-1.91 z m 4.86,0.98 c -0.10,0.15 -0.15,0.35 -0.16,0.56 -0.76,-0.03 -1.44,-0.04 -2.14,-0.03 0.03,0.23 0.04,0.45 0.01,0.66 0.73,-0.01 1.44,0 2.14,0.03 0.01,0.11 0.03,0.22 0.04,0.30 -0.44,0.90 -0.93,1.62 -1.19,2.59 0.08,0.91 0.19,1.96 0.85,2.86 0.18,0.73 0.33,1.46 0.54,2.19 0.08,-0.92 0.28,-1.91 0.79,-2.91 -0.07,-0.33 -0.08,-0.63 -0.05,-0.95 -0.16,-0.30 -0.36,-0.59 -0.71,-0.88 0.47,-0.88 0.49,-1.70 0.65,-2.64 l 0.72,-0.18 c 0.07,-0.09 0.12,-0.18 0.16,-0.28 1.14,0.10 2.25,0.23 3.33,0.40 0.02,-0.23 0.07,-0.44 0.15,-0.65 -1.09,-0.17 -2.21,-0.31 -3.36,-0.41 0,-0.17 -0.01,-0.34 -0.04,-0.52 -0.63,-0.10 -1.16,-0.23 -1.73,-0.16 z m 7.54,0.09 c -1.06,0 -1.91,0.85 -1.91,1.91 0,1.06 0.86,1.91 1.91,1.91 1.06,0 1.91,-0.86 1.91,-1.91 0,-1.06 -0.86,-1.91 -1.91,-1.91 z m -4.97,3.98 c -0.28,0 -0.54,0.14 -0.75,0.43 -0.21,0.28 -0.36,0.69 -0.36,1.15 0,0.24 0.04,0.50 0.11,0.70 0.33,-0.11 0.66,-0.28 0.98,-0.55 0.29,0.23 0.61,0.40 0.99,0.55 0.08,-0.22 0.13,-0.44 0.13,-0.70 0,-0.46 -0.14,-0.87 -0.36,-1.15 -0.21,-0.28 -0.47,-0.43 -0.75,-0.43 z m -0.01,2.17 c -0.25,0.39 -0.33,0.54 -0.80,0.47 0.20,0.27 0.47,0.52 0.81,0.52 0.38,0 0.63,-0.24 0.80,-0.51 -0.41,0.03 -0.62,-0.11 -0.81,-0.48 z m 2.24,1.04 c 0.09,0.92 0.13,1.45 0.06,2.35 0.08,0.12 0.10,0.70 0.41,0.83 -0.47,0.24 -0.65,0.89 -0.91,1.14 -0.67,0.79 -1.15,2.04 -1.61,3.18 0.13,0.47 0.30,0.94 0.50,1.40 h 2.09 c -0.20,-1.00 -0.50,-2.01 -0.82,-3.02 0.13,-0.20 0.11,-0.15 0.24,-0.85 0.55,-0.37 1.74,-1.00 1.94,-1.82 -0.18,-0.73 -0.43,-1.21 -0.86,-1.84 0.10,-0.89 -0.59,-1.13 -1.05,-1.36 z m -3.69,0.13 c -0.13,0.38 -0.22,0.76 -0.28,1.14 l 0.51,-0.04 c -0.12,-0.36 -0.18,-0.74 -0.23,-1.09 z m 2.43,0.13 c -0.27,0.22 -0.60,0.36 -0.96,0.36 -0.27,0 -0.53,-0.08 -0.75,-0.21 0.02,0.09 0.03,0.18 0.06,0.26 0.07,0.31 0.17,0.62 0.30,0.82 0.12,0.20 0.22,0.28 0.33,0.28 0.11,0.01 0.24,-0.06 0.40,-0.25 0.16,-0.19 0.32,-0.49 0.45,-0.79 0.07,-0.16 0.13,-0.33 0.18,-0.49 z m 0.64,0.18 c -0.10,0.29 -0.20,0.54 -0.32,0.79 l 0.36,0.02 c -0.01,-0.27 -0.02,-0.54 -0.04,-0.81 z m -2.55,1.42 -0.87,0.07 c -0.02,0.28 -0.03,0.57 -0.04,0.85 l 3.48,-0.06 c 0.03,-0.27 0.03,-0.54 0.04,-0.81 l -0.76,-0.04 c -0.28,0.32 -0.68,0.58 -1.02,0.56 -0.38,-0.03 -0.66,-0.28 -0.83,-0.57 z m 2.41,1.53 -3.32,0.06 c -0.03,0.34 0.25,0.59 0.45,0.75 l 2.45,-0.01 c 0.26,-0.30 0.32,-0.41 0.42,-0.79 z m -3.43,1.19 c -0.53,1.44 -1.09,2.86 -1.51,4.31 h 1.95 c 0.25,-0.45 0.47,-0.92 0.66,-1.39 -0.03,-1.17 -0.53,-2.31 -1.10,-2.92 z m 2.59,0.27 -1.54,0 c 0.29,0.48 0.43,1.06 0.55,1.68 l 0.30,-0.03 c 0.23,-0.56 0.39,-1.13 0.69,-1.65 z" style="fill:#333333;stroke:none" />
  </g>
   <g id="achieve-connect-purple">
    <rect x="83" y="480.5" width="71.5" height="199" style="fill:#c8e0c0;stroke:#333333;stroke-width:1px" />
    <rect x="99.25" y="483.5" width="39" height="159" style="fill:none;stroke:#aaaaaa;stroke-width:1px" />
    <path d="m 119.10,609.48 q 1.70,0 3.17,0.50 1.47,0.50 2.56,1.47 1.08,0.952 1.70,2.33 0.62,1.38 0.62,3.14 0,1.49 -0.45,2.78 -0.45,1.27 -1.21,2.43 -0.77,1.16 -1.77,2.26 -0.99,1.10 -2.11,2.22 l -7.06,7.21 q 0.75,-0.21 1.51,-0.32 0.77,-0.13 1.47,-0.13 h 8.96 q 0.54,0 0.86,0.32 0.32,0.32 0.32,0.82 v 2.02 H 109.83 v -1.14 q 0,-0.35 0.15,-0.73 0.15,-0.37 0.47,-0.69 l 8.57,-8.61 q 1.06,-1.08 1.94,-2.07 0.88,-1.01 1.49,-2.02 0.62,-1.01 0.95,-2.03 0.34,-1.05 0.34,-2.22 0,-1.18 -0.37,-2.05 -0.37,-0.90 -1.03,-1.47 -0.63,-0.58 -1.51,-0.86 -0.88,-0.30 -1.89,-0.30 -1.03,0 -1.89,0.30 -0.86,0.30 -1.53,0.84 -0.65,0.52 -1.10,1.25 -0.45,0.73 -0.63,1.61 -0.22,0.65 -0.62,0.88 -0.37,0.21 -1.06,0.11 l -1.74,-0.30 q 0.26,-1.83 1.01,-3.23 0.77,-1.42 1.90,-2.37 1.16,-0.95 2.63,-1.44 1.47,-0.50 3.19,-0.50 z" style="fill:#333333;stroke:none" />
    <path d="m 89.94,672.84 c -1.12,-0.39 -2.08,-1.28 -2.60,-2.42 -0.19,-0.41 -0.23,-0.66 -0.23,-1.54 0,-1.65 0.14,-1.86 2.92,-4.67 2.41,-2.43 2.68,-2.63 3.93,-2.95 0.72,-0.18 1.73,-0.14 2.32,0.11 l 0.38,0.16 1.08,-1.08 1.08,-1.08 -0.17,-0.39 c -0.13,-0.29 -0.18,-0.67 -0.18,-1.39 0,-0.91 0.02,-1.05 0.31,-1.64 0.41,-0.86 1.24,-1.80 3.38,-3.82 1.39,-1.32 1.90,-1.74 2.39,-1.97 1.11,-0.52 2.47,-0.47 3.64,0.13 0.65,0.33 1.44,1.19 1.80,1.95 0.30,0.63 0.32,0.75 0.32,1.72 0,0.99 -0.02,1.09 -0.34,1.73 -0.29,0.59 -0.65,1.00 -2.65,3.01 -2.03,2.04 -2.39,2.36 -2.97,2.63 -0.86,0.40 -1.86,0.49 -2.85,0.25 l -0.70,-0.17 -0.37,0.30 c -0.20,0.16 -0.70,0.63 -1.09,1.03 l -0.72,0.73 0.20,0.65 c 0.16,0.50 0.20,0.83 0.17,1.44 -0.06,1.25 -0.28,1.63 -2.11,3.56 -2.00,2.12 -3.33,3.32 -4.02,3.64 -0.81,0.37 -2.03,0.41 -2.92,0.10 z m 2.70,-0.97 c 0.60,-0.30 4.87,-4.57 5.19,-5.18 0.20,-0.38 0.24,-0.59 0.24,-1.41 0,-0.53 -0.03,-0.99 -0.07,-1.03 -0.04,-0.04 -0.25,0.07 -0.47,0.25 -0.38,0.30 -0.40,0.35 -0.40,0.83 0,0.30 -0.08,0.67 -0.20,0.92 -0.27,0.56 -4.32,4.57 -4.83,4.79 -0.54,0.22 -1.44,0.20 -1.93,-0.05 -1.14,-0.58 -1.59,-1.95 -1.01,-3.09 0.10,-0.19 1.16,-1.32 2.36,-2.51 2.30,-2.26 2.45,-2.37 3.31,-2.37 0.28,0 0.43,-0.08 0.74,-0.39 l 0.39,-0.39 -0.27,-0.10 c -0.38,-0.14 -1.33,-0.12 -1.78,0.04 -0.67,0.24 -1.17,0.66 -3.31,2.79 -1.34,1.33 -2.19,2.25 -2.33,2.54 -0.28,0.54 -0.37,1.58 -0.21,2.26 0.23,0.94 1.11,1.91 2.07,2.27 0.58,0.22 1.95,0.14 2.52,-0.15 z m -0.28,-2.13 c 0.35,-0.29 1.17,-1.12 1.84,-1.83 0.93,-0.99 1.16,-1.28 0.97,-1.25 -0.39,0.07 -0.72,-0.05 -1.14,-0.44 -0.42,-0.38 -0.66,-0.98 -0.54,-1.34 0.12,-0.39 -0.30,-0.03 -1.90,1.63 -1.90,1.96 -2.09,2.31 -1.64,3.04 0.28,0.46 0.75,0.72 1.31,0.72 0.42,0 0.53,-0.05 1.10,-0.53 z m 6.62,-7.95 c 2.24,-2.23 4.01,-4.08 4.01,-4.18 0,-0.26 -0.44,-0.52 -0.66,-0.39 -0.36,0.20 -7.90,7.84 -7.90,8.01 0,0.17 0.33,0.57 0.47,0.57 0.04,0 1.87,-1.80 4.08,-4.00 z m 4.64,-1.13 c 0.36,-0.12 0.81,-0.48 1.93,-1.53 2.99,-2.79 3.50,-3.36 3.77,-4.27 0.45,-1.50 -0.30,-3.17 -1.74,-3.87 -0.49,-0.24 -0.69,-0.28 -1.41,-0.28 -1.32,0 -1.46,0.10 -4.11,2.74 -1.73,1.73 -2.32,2.38 -2.48,2.75 -0.26,0.59 -0.37,1.88 -0.18,2.22 l 0.12,0.23 0.39,-0.38 c 0.34,-0.33 0.39,-0.44 0.39,-0.83 0,-0.25 0.08,-0.63 0.18,-0.85 0.25,-0.54 4.26,-4.48 4.83,-4.74 1.48,-0.67 3.14,0.44 3.15,2.10 0,0.97 -0.26,1.33 -2.54,3.52 -2.12,2.03 -2.55,2.34 -3.28,2.34 -0.32,0 -0.47,0.07 -0.77,0.37 -0.21,0.20 -0.38,0.40 -0.38,0.44 0,0.21 1.52,0.23 2.13,0.03 z m 3.94,-6.29 c 0.20,-0.48 0.06,-0.99 -0.38,-1.44 -0.35,-0.35 -0.42,-0.38 -0.95,-0.38 h -0.58 l -1.24,1.22 c -0.68,0.67 -1.50,1.51 -1.82,1.87 l -0.58,0.65 0.37,-0.04 c 0.44,-0.04 0.83,0.14 1.25,0.58 0.26,0.27 0.30,0.38 0.29,0.87 l -0.01,0.56 1.75,-1.79 c 0.96,-0.98 1.81,-1.93 1.88,-2.10 z" style="fill:#333333;stroke:none" />
    <path d="m 115.97,654.17 q 0.91,0 1.70,0.27 0.79,0.27 1.37,0.79 0.58,0.51 0.91,1.25 0.33,0.74 0.33,1.68 0,0.80 -0.24,1.49 -0.24,0.68 -0.65,1.30 -0.41,0.62 -0.95,1.21 -0.53,0.59 -1.13,1.19 l -3.78,3.86 q 0.40,-0.11 0.81,-0.17 0.41,-0.07 0.79,-0.07 h 4.8 q 0.29,0 0.46,0.17 0.17,0.17 0.17,0.44 v 1.08 h -9.56 v -0.61 q 0,-0.19 0.08,-0.39 0.08,-0.20 0.25,-0.37 l 4.59,-4.61 q 0.57,-0.58 1.04,-1.11 0.47,-0.54 0.80,-1.08 0.33,-0.54 0.51,-1.09 0.18,-0.56 0.18,-1.19 0,-0.63 -0.20,-1.10 -0.20,-0.48 -0.55,-0.79 -0.34,-0.31 -0.81,-0.46 -0.47,-0.16 -1.01,-0.16 -0.55,0 -1.01,0.16 -0.46,0.16 -0.82,0.45 -0.35,0.28 -0.59,0.67 -0.24,0.39 -0.34,0.86 -0.12,0.35 -0.33,0.47 -0.20,0.11 -0.57,0.06 l -0.93,-0.16 q 0.14,-0.98 0.54,-1.73 0.41,-0.76 1.02,-1.27 0.62,-0.51 1.41,-0.77 0.79,-0.27 1.71,-0.27 z" style="fill:#333333;stroke:none" />
    <polygon points="129.22,649.44 143.05,649.44 149.97,661.42 143.05,673.39 129.22,673.39 122.31,661.42" style="fill:#da70d6;stroke:#333333;stroke-width:0.5px" />
    <path d="m 136.09,652.84 c -0.46,0 -0.86,0.29 -1.17,0.70 -0.31,0.41 -0.57,0.97 -0.79,1.65 -0.43,1.36 -0.70,3.20 -0.70,5.23 0.05,1.90 0.16,3.55 0.70,5.24 0.22,0.68 0.48,1.24 0.79,1.65 0.23,0.31 0.52,0.55 0.84,0.65 v 1.36 h -2.58 v 0.66 h 5.82 v -0.66 h -2.58 v -1.36 c 0.32,-0.10 0.60,-0.34 0.84,-0.65 0.31,-0.41 0.57,-0.97 0.79,-1.65 0.15,-0.48 0.28,-1.02 0.39,-1.60 0.61,-0.24 1.17,-0.55 1.17,-0.55 0.77,0.10 1.75,0.28 2.00,0.70 0.14,0.25 -0.06,0.66 0.12,0.81 0.48,0.39 0.86,0.04 0.94,-0.22 0.08,-0.49 0.10,-0.93 -0.07,-1.33 -0.08,-0.18 -1.28,-0.87 -2.13,-1.13 0.99,0.16 2.57,0.33 2.63,0.54 0.10,0.36 -0.03,0.86 0.28,0.92 0.69,0.15 0.79,0.02 0.84,-0.55 0.03,-0.34 0.06,-0.65 -0.17,-0.93 -0.24,-0.30 -2.07,-0.79 -2.83,-0.93 0.90,-0.59 1.00,-0.71 1.32,-1.03 1.21,-0.16 1.59,-0.66 1.81,-1.44 0.39,-0.21 0.16,-0.72 -0.03,-0.72 -0.56,-0.03 -1.34,0.03 -1.86,-0.18 -0.20,-0.27 -0.55,-0.45 -0.93,-0.61 -0.12,-0.28 0.19,-0.93 -0.05,-1.18 -0.35,0.14 -0.79,0.85 -0.95,1.12 -0.07,-0.36 -0.31,-0.67 -0.50,-0.96 -0.85,1.03 -0.79,1.74 -1.30,2.89 -0.08,-1.58 -0.32,-2.99 -0.67,-4.08 -0.22,-0.68 -0.47,-1.24 -0.79,-1.65 -0.31,-0.42 -0.71,-0.70 -1.17,-0.70 z m 0,0.66 c 0.18,0 0.40,0.12 0.64,0.44 0.24,0.32 0.49,0.82 0.69,1.46 0.36,1.13 0.61,2.68 0.66,4.41 -1.48,0.67 -2.20,0.90 -3.40,1.29 0.05,1.59 0.13,2.06 0.48,3.28 0.77,0.14 1.77,0.12 2.57,-0.08 -0.09,0.43 -0.19,0.82 -0.30,1.17 -0.20,0.63 -0.45,1.14 -0.69,1.46 -0.24,0.32 -0.46,0.44 -0.64,0.44 -0.18,0 -0.40,-0.12 -0.64,-0.44 -0.24,-0.32 -0.49,-0.83 -0.69,-1.46 -0.47,-1.89 -0.66,-3.26 -0.66,-5.04 0,-1.98 0.26,-3.77 0.66,-5.03 0.20,-0.63 0.45,-1.14 0.69,-1.46 0.24,-0.32 0.46,-0.44 0.64,-0.44 z m 5.43,4.41 c 0.13,0 0.26,0.15 0.30,0.36 0.04,0.23 -0.03,0.43 -0.16,0.46 -0.13,0.03 -0.28,-0.14 -0.32,-0.36 -0.04,-0.23 0.03,-0.43 0.16,-0.45 0.01,0 0.02,-0 0.03,0 z m -12.18,2.58 c 0.23,1.03 0.35,2.07 2.09,2.25 -0.37,1.18 -1.55,1.88 -3.20,2.89 -0.48,0.30 -0.69,0.96 -0.34,1.32 0.92,-0.33 2.17,-1.12 2.97,-1.70 -0.34,0.41 -0.96,1.04 -1.29,1.43 -0.49,0.57 -0.29,0.86 0.05,1.08 1.01,-0.72 2.12,-1.89 2.76,-2.80 l 0.813,-0.32 c -0.32,-1.20 -0.38,-2.16 -0.39,-3.21 -1.45,-0.11 -2.55,-0.26 -3.46,-0.95 z" style="fill:#333333;stroke:none" />
  </g>
  <g id="achieve-connect-white">
    <rect x="0.5" y="690.5" width="71.5" height="199" style="fill:#c8e0c0;stroke:#333333;stroke-width:1px" />
    <rect x="16.75" y="693.5" width="39" height="159" style="fill:none;stroke:#aaaaaa;stroke-width:1px" />
    <path d="m 36.60,819.48 q 1.70,0 3.17,0.50 1.47,0.50 2.56,1.47 1.08,0.952 1.70,2.33 0.62,1.38 0.62,3.14 0,1.49 -0.45,2.78 -0.45,1.27 -1.21,2.43 -0.77,1.16 -1.77,2.26 -0.99,1.10 -2.11,2.22 l -7.06,7.21 q 0.75,-0.21 1.51,-0.32 0.77,-0.13 1.47,-0.13 h 8.96 q 0.54,0 0.86,0.32 0.32,0.32 0.32,0.82 v 2.02 H 27.33 v -1.14 q 0,-0.35 0.15,-0.73 0.15,-0.37 0.47,-0.69 l 8.57,-8.61 q 1.06,-1.08 1.94,-2.07 0.88,-1.01 1.49,-2.02 0.62,-1.01 0.95,-2.03 0.34,-1.05 0.34,-2.22 0,-1.18 -0.37,-2.05 -0.37,-0.90 -1.03,-1.47 -0.63,-0.58 -1.51,-0.86 -0.88,-0.30 -1.89,-0.30 -1.03,0 -1.89,0.30 -0.86,0.30 -1.53,0.84 -0.65,0.52 -1.10,1.25 -0.45,0.73 -0.63,1.61 -0.22,0.65 -0.62,0.88 -0.37,0.21 -1.06,0.11 l -1.74,-0.30 q 0.26,-1.83 1.01,-3.23 0.77,-1.42 1.90,-2.37 1.16,-0.95 2.63,-1.44 1.47,-0.50 3.19,-0.50 z" style="fill:#333333;stroke:none" />
    <path d="m 7.94,882.84 c -1.12,-0.39 -2.08,-1.28 -2.60,-2.42 -0.19,-0.41 -0.23,-0.66 -0.23,-1.54 0,-1.65 0.14,-1.86 2.92,-4.67 2.41,-2.43 2.68,-2.63 3.93,-2.95 0.72,-0.18 1.73,-0.14 2.32,0.11 l 0.38,0.16 1.08,-1.08 1.08,-1.08 -0.17,-0.39 c -0.13,-0.29 -0.18,-0.67 -0.18,-1.39 0,-0.91 0.02,-1.05 0.31,-1.64 0.41,-0.86 1.24,-1.80 3.38,-3.82 1.39,-1.32 1.90,-1.74 2.39,-1.97 1.11,-0.52 2.47,-0.47 3.64,0.13 0.65,0.33 1.44,1.19 1.80,1.95 0.30,0.63 0.32,0.75 0.32,1.72 0,0.99 -0.02,1.09 -0.34,1.73 -0.29,0.59 -0.65,1.00 -2.65,3.01 -2.03,2.04 -2.39,2.36 -2.97,2.63 -0.86,0.40 -1.86,0.49 -2.85,0.25 l -0.70,-0.17 -0.37,0.30 c -0.20,0.16 -0.70,0.63 -1.09,1.03 l -0.72,0.73 0.20,0.65 c 0.16,0.50 0.20,0.83 0.17,1.44 -0.06,1.25 -0.28,1.63 -2.11,3.56 -2.00,2.12 -3.33,3.32 -4.02,3.64 -0.81,0.37 -2.03,0.41 -2.92,0.10 z m 2.70,-0.97 c 0.60,-0.30 4.87,-4.57 5.19,-5.18 0.20,-0.38 0.24,-0.59 0.24,-1.41 0,-0.53 -0.03,-0.99 -0.07,-1.03 -0.04,-0.04 -0.25,0.07 -0.47,0.25 -0.38,0.30 -0.40,0.35 -0.40,0.83 0,0.30 -0.08,0.67 -0.20,0.92 -0.27,0.56 -4.32,4.57 -4.83,4.79 -0.54,0.22 -1.44,0.20 -1.93,-0.05 -1.14,-0.58 -1.59,-1.95 -1.01,-3.09 0.10,-0.19 1.16,-1.32 2.36,-2.51 2.30,-2.26 2.45,-2.37 3.31,-2.37 0.28,0 0.43,-0.08 0.74,-0.39 l 0.39,-0.39 -0.27,-0.10 c -0.38,-0.14 -1.33,-0.12 -1.78,0.04 -0.67,0.24 -1.17,0.66 -3.31,2.79 -1.34,1.33 -2.19,2.25 -2.33,2.54 -0.28,0.54 -0.37,1.58 -0.21,2.26 0.23,0.94 1.11,1.91 2.07,2.27 0.58,0.22 1.95,0.14 2.52,-0.15 z m -0.28,-2.13 c 0.35,-0.29 1.17,-1.12 1.84,-1.83 0.93,-0.99 1.16,-1.28 0.97,-1.25 -0.39,0.07 -0.72,-0.05 -1.14,-0.44 -0.42,-0.38 -0.66,-0.98 -0.54,-1.34 0.12,-0.39 -0.30,-0.03 -1.90,1.63 -1.90,1.96 -2.09,2.31 -1.64,3.04 0.28,0.46 0.75,0.72 1.31,0.72 0.42,0 0.53,-0.05 1.10,-0.53 z m 6.62,-7.95 c 2.24,-2.23 4.01,-4.08 4.01,-4.18 0,-0.26 -0.44,-0.52 -0.66,-0.39 -0.36,0.20 -7.90,7.84 -7.90,8.01 0,0.17 0.33,0.57 0.47,0.57 0.04,0 1.87,-1.80 4.08,-4.00 z m 4.64,-1.13 c 0.36,-0.12 0.81,-0.48 1.93,-1.53 2.99,-2.79 3.50,-3.36 3.77,-4.27 0.45,-1.50 -0.30,-3.17 -1.74,-3.87 -0.49,-0.24 -0.69,-0.28 -1.41,-0.28 -1.32,0 -1.46,0.10 -4.11,2.74 -1.73,1.73 -2.32,2.38 -2.48,2.75 -0.26,0.59 -0.37,1.88 -0.18,2.22 l 0.12,0.23 0.39,-0.38 c 0.34,-0.33 0.39,-0.44 0.39,-0.83 0,-0.25 0.08,-0.63 0.18,-0.85 0.25,-0.54 4.26,-4.48 4.83,-4.74 1.48,-0.67 3.14,0.44 3.15,2.10 0,0.97 -0.26,1.33 -2.54,3.52 -2.12,2.03 -2.55,2.34 -3.28,2.34 -0.32,0 -0.47,0.07 -0.77,0.37 -0.21,0.20 -0.38,0.40 -0.38,0.44 0,0.21 1.52,0.23 2.13,0.03 z m 3.94,-6.29 c 0.20,-0.48 0.06,-0.99 -0.38,-1.44 -0.35,-0.35 -0.42,-0.38 -0.95,-0.38 h -0.58 l -1.24,1.22 c -0.68,0.67 -1.50,1.51 -1.82,1.87 l -0.58,0.65 0.37,-0.04 c 0.44,-0.04 0.83,0.14 1.25,0.58 0.26,0.27 0.30,0.38 0.29,0.87 l -0.01,0.56 1.75,-1.79 c 0.96,-0.98 1.81,-1.93 1.88,-2.10 z" style="fill:#333333;stroke:none" />
    <path d="m 33.97,864.17 q 0.91,0 1.70,0.27 0.79,0.27 1.37,0.79 0.58,0.51 0.91,1.25 0.33,0.74 0.33,1.68 0,0.80 -0.24,1.49 -0.24,0.68 -0.65,1.30 -0.41,0.62 -0.95,1.21 -0.53,0.59 -1.13,1.19 l -3.78,3.86 q 0.40,-0.11 0.81,-0.17 0.41,-0.07 0.79,-0.07 h 4.8 q 0.29,0 0.46,0.17 0.17,0.17 0.17,0.44 v 1.08 h -9.56 v -0.61 q 0,-0.19 0.08,-0.39 0.08,-0.20 0.25,-0.37 l 4.59,-4.61 q 0.57,-0.58 1.04,-1.11 0.47,-0.54 0.80,-1.08 0.33,-0.54 0.51,-1.09 0.18,-0.56 0.18,-1.19 0,-0.63 -0.20,-1.10 -0.20,-0.48 -0.55,-0.79 -0.34,-0.31 -0.81,-0.46 -0.47,-0.16 -1.01,-0.16 -0.55,0 -1.01,0.16 -0.46,0.16 -0.82,0.45 -0.35,0.28 -0.59,0.67 -0.24,0.39 -0.34,0.86 -0.12,0.35 -0.33,0.47 -0.20,0.11 -0.57,0.06 l -0.93,-0.16 q 0.14,-0.98 0.54,-1.73 0.41,-0.76 1.02,-1.27 0.62,-0.51 1.41,-0.77 0.79,-0.27 1.71,-0.27 z" style="fill:#333333;stroke:none" />
    <polygon points="47.22,859.44 61.05,859.44 67.97,871.42 61.05,883.39 47.22,883.39 40.31,871.42" style="fill:#fefefe;stroke:#333333;stroke-width:0.5px" />
    <path d="m 56.26,862.89 0,0.92 -0.67,0.62 0.92,0 0.62,0.67 0,-0.92 0.67,-0.62 -0.92,0 z m 3.39,1.86 -0.72,0.57 -0.90,-0.13 0.57,0.72 -0.13,0.90 0.72,-0.57 0.90,0.13 -0.57,-0.72 z m -13.53,0.16 -0.26,0.60 0.29,0.12 9.49,4.15 0.30,0.13 0,0.01 0.02,0.01 0.27,-0.61 -0.30,-0.13 -1.64,-0.72 a 3.80,1.62 0 0 1 1.93,-0.23 3.80,1.62 0 0 1 3.80,1.62 3.80,1.62 0 0 1 -3.80,1.62 3.80,1.62 0 0 1 -3.80,-1.62 3.80,1.62 0 0 1 0.31,-0.64 l -1.22,-0.53 c -0.46,0.20 -0.83,0.43 -1.08,0.66 -0.28,0.26 -0.40,0.51 -0.40,0.75 0,0.23 0.12,0.48 0.40,0.75 0.28,0.26 0.72,0.53 1.29,0.75 1.13,0.45 2.73,0.73 4.51,0.73 1.78,0 3.38,-0.29 4.51,-0.73 0.56,-0.22 1.01,-0.49 1.29,-0.75 0.28,-0.26 0.40,-0.51 0.40,-0.75 0,-0.23 -0.12,-0.48 -0.40,-0.75 -0.28,-0.26 -0.72,-0.53 -1.29,-0.75 -1.13,-0.45 -2.73,-0.73 -4.51,-0.73 -0.98,0 -1.91,0.09 -2.73,0.24 l -7.05,-3.09 z m 7.60,0.16 0,0.62 -0.45,0.43 0.62,0 0.43,0.45 0,-0.62 0.45,-0.43 -0.62,0 z m -1.07,7.49 c 0,0.56 -0.02,1.10 -0.04,1.64 2.50,1.10 4.69,1.10 7.20,0 -0.02,-0.54 -0.03,-1.09 -0.04,-1.64 -1.01,0.30 -2.24,0.46 -3.56,0.46 -1.32,0 -2.55,-0.17 -3.56,-0.46 z m -0.07,2.35 c -0.02,0.33 -0.05,0.66 -0.08,1.00 l 0.02,0.01 c 2.57,1.15 4.81,1.15 7.40,0 l 0.02,-0.01 c -0.03,-0.33 -0.06,-0.66 -0.08,-0.99 -2.48,1.02 -4.80,1.02 -7.28,0 z m 7.43,1.69 c -2.60,1.12 -5.00,1.12 -7.59,0 -0.09,0.66 -0.20,1.33 -0.36,2.02 0,1.78 8.30,1.78 8.30,0 -0.16,-0.69 -0.27,-1.35 -0.36,-2.02 z" style="fill:#333333;stroke:none" />
  </g>
  <g id="achieve-5-lower-section-trophies">
    <rect x="83" y="690.5" width="71.5" height="199" style="fill:#c8e0c0;stroke:#333333;stroke-width:1px" />
    <rect x="99.25" y="693.5" width="39" height="159" style="fill:none;stroke:#aaaaaa;stroke-width:1px" />
    <path d="m 102.08,843.07 h 5.32 v -16.93 q 0,-0.73 0.05,-1.54 l -4.42,3.80 q -0.23,0.19 -0.45,0.24 -0.23,0.03 -0.42,0 -0.19,-0.03 -0.36,-0.14 -0.16,-0.10 -0.24,-0.23 l -0.97,-1.33 7.40,-6.40 h 2.51 v 22.53 h 4.89 v 2.36 h -13.31 z m 34.84,-10.05 q 0,3.26 -0.71,5.65 -0.69,2.37 -1.91,3.93 -1.21,1.56 -2.88,2.32 -1.65,0.76 -3.54,0.76 -1.91,0 -3.55,-0.76 -1.63,-0.76 -2.84,-2.32 -1.21,-1.56 -1.91,-3.93 -0.69,-2.39 -0.69,-5.65 0,-3.26 0.69,-5.65 0.69,-2.39 1.91,-3.95 1.21,-1.58 2.84,-2.34 1.65,-0.76 3.55,-0.76 1.89,0 3.54,0.76 1.66,0.76 2.88,2.34 1.21,1.56 1.91,3.95 0.71,2.39 0.71,5.65 z m -3.21,0 q 0,-2.84 -0.49,-4.77 -0.47,-1.94 -1.28,-3.12 -0.80,-1.18 -1.85,-1.68 -1.06,-0.52 -2.20,-0.52 -1.14,0 -2.20,0.52 -1.06,0.50 -1.85,1.68 -0.80,1.18 -1.28,3.12 -0.47,1.92 -0.47,4.77 0,2.84 0.47,4.77 0.49,1.92 1.28,3.10 0.80,1.18 1.85,1.70 1.06,0.50 2.20,0.50 1.14,0 2.20,-0.50 1.06,-0.52 1.85,-1.70 0.81,-1.18 1.28,-3.10 0.49,-1.92 0.49,-4.77 z" style="fill:#333333;stroke:none" />
    <path d="m 106.89,864.95 q 0,0.38 -0.24,0.63 -0.23,0.24 -0.8,0.24 h -4.5 l -0.66,3.76 q 0.57,-0.13 1.07,-0.18 0.51,-0.06 0.99,-0.06 1.12,0 1.98,0.33 0.86,0.33 1.43,0.91 0.58,0.58 0.87,1.37 0.3,0.79 0.3,1.72 0,1.14 -0.4,2.06 -0.39,0.92 -1.09,1.58 -0.69,0.65 -1.63,1 -0.94,0.35 -2.03,0.35 -0.63,0 -1.21,-0.13 -0.58,-0.12 -1.09,-0.33 -0.5,-0.21 -0.93,-0.48 -0.43,-0.27 -0.76,-0.57 l 0.55,-0.76 q 0.18,-0.26 0.47,-0.26 0.2,0 0.45,0.16 0.25,0.15 0.61,0.34 0.36,0.19 0.84,0.35 0.49,0.15 1.16,0.15 0.75,0 1.35,-0.24 0.6,-0.24 1.03,-0.68 0.43,-0.45 0.66,-1.07 0.23,-0.62 0.23,-1.39 0,-0.67 -0.2,-1.21 -0.19,-0.54 -0.59,-0.92 -0.39,-0.38 -0.98,-0.59 -0.59,-0.21 -1.38,-0.21 -0.54,0 -1.13,0.09 -0.58,0.09 -1.19,0.29 l -1.12,-0.33 1.15,-6.7 h 6.79 z" style="fill:#333333;stroke:none" />
    <path d="m 119.75,861.84 c -1.80,0 -3.42,0.11 -4.62,0.30 -0.60,0.09 -1.09,0.20 -1.45,0.34 -0.18,0.07 -0.34,0.14 -0.47,0.24 -0.13,0.10 -0.26,0.25 -0.27,0.46 h -0.03 c 0,0.40 0.01,0.79 0.04,1.18 h -1.02 c -0.01,-0.31 0,-0.63 0.02,-0.94 l -1.06,-0.25 c -0.34,4.20 1.30,8.30 4.31,11.21 l 0.62,-1.17 c -0.17,-0.14 -0.33,-0.28 -0.48,-0.43 0.23,-0.24 0.49,-0.46 0.76,-0.67 0.53,0.52 1.11,0.93 1.73,1.21 0.87,0.70 0.32,1.16 -0.93,1.43 2.32,0.42 1.54,2.46 -0.56,3.64 -0.09,0.01 -0.17,0.02 -0.25,0.03 -0.48,0.07 -0.86,0.15 -1.16,0.25 -0.15,0.05 -0.27,0.10 -0.39,0.18 -0.12,0.08 -0.26,0.23 -0.26,0.45 0,0.23 0.15,0.37 0.26,0.45 0.12,0.08 0.24,0.13 0.39,0.18 0.30,0.10 0.68,0.18 1.16,0.25 0.95,0.14 2.24,0.22 3.66,0.22 1.42,0 2.71,-0.08 3.66,-0.22 0.48,-0.07 0.86,-0.15 1.16,-0.25 0.15,-0.05 0.27,-0.10 0.39,-0.18 0.12,-0.08 0.26,-0.22 0.26,-0.45 0,-0.23 -0.15,-0.37 -0.26,-0.45 -0.12,-0.08 -0.24,-0.13 -0.39,-0.18 -0.30,-0.10 -0.68,-0.18 -1.16,-0.25 -0.08,-0.01 -0.16,-0.02 -0.25,-0.03 -2.09,-1.19 -2.88,-3.22 -0.56,-3.64 -1.24,-0.27 -1.80,-0.73 -0.93,-1.43 0.62,-0.28 1.20,-0.69 1.74,-1.22 0.26,0.19 0.51,0.40 0.73,0.62 -0.16,0.17 -0.33,0.33 -0.50,0.48 l 0.64,1.17 c 3.12,-2.83 4.58,-7.08 4.34,-11.23 l -1.08,0.31 c 0.02,0.30 0.02,0.60 0.02,0.90 h -1.01 c 0.03,-0.39 0.04,-0.78 0.04,-1.18 h -0.03 c -0.02,-0.21 -0.16,-0.36 -0.28,-0.46 -0.13,-0.10 -0.29,-0.17 -0.47,-0.24 -0.37,-0.13 -0.85,-0.24 -1.45,-0.34 -1.20,-0.18 -2.82,-0.30 -4.62,-0.30 z m 0,0.74 c 1.77,0 3.37,0.11 4.51,0.29 0.57,0.09 1.02,0.19 1.31,0.30 0.04,0.01 0.07,0.03 0.10,0.04 -0.03,0.01 -0.06,0.03 -0.10,0.04 -0.29,0.10 -0.74,0.21 -1.31,0.30 -1.14,0.17 -2.74,0.29 -4.51,0.29 -1.77,0 -3.37,-0.11 -4.51,-0.29 -0.57,-0.09 -1.03,-0.19 -1.31,-0.30 -0.04,-0.01 -0.07,-0.03 -0.10,-0.04 0.03,-0.01 0.06,-0.03 0.10,-0.04 0.28,-0.11 0.74,-0.21 1.31,-0.30 1.14,-0.17 2.74,-0.29 4.51,-0.29 z m -7.77,2.83 h 1.08 c 0.32,2.28 1.11,4.29 2.22,5.76 -0.27,0.23 -0.53,0.47 -0.76,0.74 -1.53,-1.83 -2.33,-4.12 -2.54,-6.50 z m 14.47,0 h 1.06 c -0.22,2.35 -1.10,4.58 -2.56,6.41 -0.22,-0.24 -0.45,-0.46 -0.70,-0.67 1.10,-1.47 1.88,-3.48 2.20,-5.75 z" style="fill:#333333;stroke:none" />
    <rect x="134.21" y="860.81" width="5.04" height="20.53" style="fill:none;stroke:#333333;stroke-width:0.5px" />
  </g>
</svg>
