<svg xmlns="http://www.w3.org/2000/svg" width="680" height="732" viewbox="0 0 680 732">
  <g id="progress-04">
    <rect x="464" y="527" width="50" height="32" style="fill:#333333;stroke:#000000;stroke-width:0.5px" />
    <path d="m 489.00,535.44 c -1.03,1.56 -2.05,3.13 -2.05,5.21 0,1.85 1.21,3.70 1.48,4.82 h 1.13 c 0.27,-1.12 1.48,-2.97 1.48,-4.82 0,-2.09 -1.03,-3.65 -2.05,-5.21 z m -5.13,5.93 c -1.54,0 -2.56,1.04 -2.56,2.61 0,1.04 0.72,2.07 2.05,2.09 -0.51,-0.52 0,-2.09 1.03,-2.09 1.04,0 1.84,0.71 2.26,1.50 h 1.10 c -0.45,-1.55 -1.60,-4.10 -3.87,-4.10 z m 10.25,0 c -2.27,0 -3.42,2.56 -3.87,4.10 h 1.10 c 0.41,-0.78 1.22,-1.50 2.26,-1.50 1.03,0 1.54,1.56 1.03,2.09 1.33,-0.02 2.05,-1.04 2.05,-2.09 0,-1.56 -1.03,-2.61 -2.56,-2.61 z m -8.48,4.69 c -1.26,0 -1.77,0.52 -1.77,1.56 0,0.52 0.51,1.56 1.54,1.56 1.15,0 2.02,-0.88 2.38,-1.76 h -1.16 c -0.15,0.12 -0.37,0.20 -0.70,0.20 -0.51,0 -1.03,-1.04 -0.28,-1.56 z m 1.23,0 c 0,0 0,0 0,0.01 -0.43,0.07 -0.41,0.76 0.06,0.78 v 0 h 4.13 l 0,0 c 0.47,-0.01 0.49,-0.70 0.06,-0.78 0,0 0,0 0,-0.01 z m 5.48,0 c 0.75,0.52 0.24,1.56 -0.28,1.56 -0.33,0 -0.55,-0.08 -0.70,-0.20 h -1.16 c 0.36,0.88 1.23,1.76 2.38,1.76 1.03,0 1.54,-1.04 1.54,-1.56 0,-1.04 -0.51,-1.56 -1.77,-1.56 z m -3.87,1.37 c -0.51,0.52 -0.51,1.56 -1.03,2.09 l 1.03,-0.52 c 0,0.52 0,1.04 0.51,1.56 0.51,-0.52 0.51,-1.04 0.51,-1.56 l 1.03,0.52 c -0.51,-0.52 -0.51,-1.56 -1.03,-2.09 z" style="fill:#ffffff;stroke:none" />
  </g>
  <g id="progress-10">
    <rect x="464" y="275" width="50" height="32" style="fill:#333333;stroke:#000000;stroke-width:0.5px" />
    <path d="m 480.84,283.44 c -1.03,1.56 -2.05,3.13 -2.05,5.21 0,1.85 1.21,3.70 1.48,4.82 h 1.13 c 0.27,-1.12 1.48,-2.97 1.48,-4.82 0,-2.09 -1.03,-3.65 -2.05,-5.21 z m -5.13,5.93 c -1.54,0 -2.56,1.04 -2.56,2.61 0,1.04 0.72,2.07 2.05,2.09 -0.51,-0.52 0,-2.09 1.03,-2.09 1.04,0 1.84,0.71 2.26,1.50 h 1.10 c -0.45,-1.55 -1.60,-4.10 -3.87,-4.10 z m 10.25,0 c -2.27,0 -3.42,2.56 -3.87,4.10 h 1.10 c 0.41,-0.78 1.22,-1.50 2.26,-1.50 1.03,0 1.54,1.56 1.03,2.09 1.33,-0.02 2.05,-1.04 2.05,-2.09 0,-1.56 -1.03,-2.61 -2.56,-2.61 z m -8.48,4.69 c -1.26,0 -1.77,0.52 -1.77,1.56 0,0.52 0.51,1.56 1.54,1.56 1.15,0 2.02,-0.88 2.38,-1.76 h -1.16 c -0.15,0.12 -0.37,0.20 -0.70,0.20 -0.51,0 -1.03,-1.04 -0.28,-1.56 z m 1.23,0 c 0,0 0,0 0,0.01 -0.43,0.07 -0.41,0.76 0.06,0.78 v 0 h 4.13 l 0,0 c 0.47,-0.01 0.49,-0.70 0.06,-0.78 0,0 0,0 0,-0.01 z m 5.48,0 c 0.75,0.52 0.24,1.56 -0.28,1.56 -0.33,0 -0.55,-0.08 -0.70,-0.20 h -1.16 c 0.36,0.88 1.23,1.76 2.38,1.76 1.03,0 1.54,-1.04 1.54,-1.56 0,-1.04 -0.51,-1.56 -1.77,-1.56 z m -3.87,1.37 c -0.51,0.52 -0.51,1.56 -1.03,2.09 l 1.03,-0.52 c 0,0.52 0,1.04 0.51,1.56 0.51,-0.52 0.51,-1.04 0.51,-1.56 l 1.03,0.52 c -0.51,-0.52 -0.51,-1.56 -1.03,-2.09 z" style="fill:#ffffff;stroke:none" />
    <path d="m 497.16,283.44 c -1.03,1.56 -2.05,3.13 -2.05,5.21 0,1.85 1.21,3.70 1.48,4.82 h 1.13 c 0.27,-1.12 1.48,-2.97 1.48,-4.82 0,-2.09 -1.03,-3.65 -2.05,-5.21 z m -5.13,5.93 c -1.54,0 -2.56,1.04 -2.56,2.61 0,1.04 0.72,2.07 2.05,2.09 -0.51,-0.52 0,-2.09 1.03,-2.09 1.04,0 1.84,0.71 2.26,1.50 h 1.10 c -0.45,-1.55 -1.60,-4.10 -3.87,-4.10 z m 10.25,0 c -2.27,0 -3.42,2.56 -3.87,4.10 h 1.10 c 0.41,-0.78 1.22,-1.50 2.26,-1.50 1.03,0 1.54,1.56 1.03,2.09 1.33,-0.02 2.05,-1.04 2.05,-2.09 0,-1.56 -1.03,-2.61 -2.56,-2.61 z m -8.48,4.69 c -1.26,0 -1.77,0.52 -1.77,1.56 0,0.52 0.51,1.56 1.54,1.56 1.15,0 2.02,-0.88 2.38,-1.76 h -1.16 c -0.15,0.12 -0.37,0.20 -0.70,0.20 -0.51,0 -1.03,-1.04 -0.28,-1.56 z m 1.23,0 c 0,0 0,0 0,0.01 -0.43,0.07 -0.41,0.76 0.06,0.78 v 0 h 4.13 l 0,0 c 0.47,-0.01 0.49,-0.70 0.06,-0.78 0,0 0,0 0,-0.01 z m 5.48,0 c 0.75,0.52 0.24,1.56 -0.28,1.56 -0.33,0 -0.55,-0.08 -0.70,-0.20 h -1.16 c 0.36,0.88 1.23,1.76 2.38,1.76 1.03,0 1.54,-1.04 1.54,-1.56 0,-1.04 -0.51,-1.56 -1.77,-1.56 z m -3.87,1.37 c -0.51,0.52 -0.51,1.56 -1.03,2.09 l 1.03,-0.52 c 0,0.52 0,1.04 0.51,1.56 0.51,-0.52 0.51,-1.04 0.51,-1.56 l 1.03,0.52 c -0.51,-0.52 -0.51,-1.56 -1.03,-2.09 z" style="fill:#ffffff;stroke:none" />
  </g>
  <g id="progress-15">
    <rect x="464" y="65" width="50" height="32" style="fill:#333333;stroke:#000000;stroke-width:0.5px" />
    <path d="m 472.68,74.67 c -1.03,1.56 -2.05,3.13 -2.05,5.21 0,1.85 1.21,3.70 1.48,4.82 h 1.13 c 0.27,-1.12 1.48,-2.97 1.48,-4.82 0,-2.09 -1.03,-3.65 -2.05,-5.21 z m -5.13,5.93 c -1.54,0 -2.56,1.04 -2.56,2.61 0,1.04 0.72,2.07 2.05,2.09 -0.51,-0.52 0,-2.09 1.03,-2.09 1.04,0 1.84,0.71 2.26,1.50 h 1.10 c -0.45,-1.55 -1.60,-4.10 -3.87,-4.10 z m 10.25,0 c -2.27,0 -3.42,2.56 -3.87,4.10 h 1.10 c 0.41,-0.78 1.22,-1.50 2.26,-1.50 1.03,0 1.54,1.56 1.03,2.09 1.33,-0.02 2.05,-1.04 2.05,-2.09 0,-1.56 -1.03,-2.61 -2.56,-2.61 z m -8.48,4.69 c -1.26,0 -1.77,0.52 -1.77,1.56 0,0.52 0.51,1.56 1.54,1.56 1.15,0 2.02,-0.88 2.38,-1.76 h -1.16 c -0.15,0.12 -0.37,0.20 -0.70,0.20 -0.51,0 -1.03,-1.04 -0.28,-1.56 z m 1.23,0 c 0,0 0,0 0,0.01 -0.43,0.07 -0.41,0.76 0.06,0.78 v 0 h 4.13 l 0,0 c 0.47,-0.01 0.49,-0.70 0.06,-0.78 0,0 0,0 0,-0.01 z m 5.48,0 c 0.75,0.52 0.24,1.56 -0.28,1.56 -0.33,0 -0.55,-0.08 -0.70,-0.20 h -1.16 c 0.36,0.88 1.23,1.76 2.38,1.76 1.03,0 1.54,-1.04 1.54,-1.56 0,-1.04 -0.51,-1.56 -1.77,-1.56 z m -3.87,1.37 c -0.51,0.52 -0.51,1.56 -1.03,2.09 l 1.03,-0.52 c 0,0.52 0,1.04 0.51,1.56 0.51,-0.52 0.51,-1.04 0.51,-1.56 l 1.03,0.52 c -0.51,-0.52 -0.51,-1.56 -1.03,-2.09 z" style="fill:#ffffff;stroke:none" />
    <path d="m 489.00,74.67 c -1.03,1.56 -2.05,3.13 -2.05,5.21 0,1.85 1.21,3.70 1.48,4.82 h 1.13 c 0.27,-1.12 1.48,-2.97 1.48,-4.82 0,-2.09 -1.03,-3.65 -2.05,-5.21 z m -5.13,5.93 c -1.54,0 -2.56,1.04 -2.56,2.61 0,1.04 0.72,2.07 2.05,2.09 -0.51,-0.52 0,-2.09 1.03,-2.09 1.04,0 1.84,0.71 2.26,1.50 h 1.10 c -0.45,-1.55 -1.60,-4.10 -3.87,-4.10 z m 10.25,0 c -2.27,0 -3.42,2.56 -3.87,4.10 h 1.10 c 0.41,-0.78 1.22,-1.50 2.26,-1.50 1.03,0 1.54,1.56 1.03,2.09 1.33,-0.02 2.05,-1.04 2.05,-2.09 0,-1.56 -1.03,-2.61 -2.56,-2.61 z m -8.48,4.69 c -1.26,0 -1.77,0.52 -1.77,1.56 0,0.52 0.51,1.56 1.54,1.56 1.15,0 2.02,-0.88 2.38,-1.76 h -1.16 c -0.15,0.12 -0.37,0.20 -0.70,0.20 -0.51,0 -1.03,-1.04 -0.28,-1.56 z m 1.23,0 c 0,0 0,0 0,0.01 -0.43,0.07 -0.41,0.76 0.06,0.78 v 0 h 4.13 l 0,0 c 0.47,-0.01 0.49,-0.70 0.06,-0.78 0,0 0,0 0,-0.01 z m 5.48,0 c 0.75,0.52 0.24,1.56 -0.28,1.56 -0.33,0 -0.55,-0.08 -0.70,-0.20 h -1.16 c 0.36,0.88 1.23,1.76 2.38,1.76 1.03,0 1.54,-1.04 1.54,-1.56 0,-1.04 -0.51,-1.56 -1.77,-1.56 z m -3.87,1.37 c -0.51,0.52 -0.51,1.56 -1.03,2.09 l 1.03,-0.52 c 0,0.52 0,1.04 0.51,1.56 0.51,-0.52 0.51,-1.04 0.51,-1.56 l 1.03,0.52 c -0.51,-0.52 -0.51,-1.56 -1.03,-2.09 z" style="fill:#ffffff;stroke:none" />
    <path d="m 505.32,74.67 c -1.03,1.56 -2.05,3.13 -2.05,5.21 0,1.85 1.21,3.70 1.48,4.82 h 1.13 c 0.27,-1.12 1.48,-2.97 1.48,-4.82 0,-2.09 -1.03,-3.65 -2.05,-5.21 z m -5.13,5.93 c -1.54,0 -2.56,1.04 -2.56,2.61 0,1.04 0.72,2.07 2.05,2.09 -0.51,-0.52 0,-2.09 1.03,-2.09 1.04,0 1.84,0.71 2.26,1.50 h 1.10 c -0.45,-1.55 -1.60,-4.10 -3.87,-4.10 z m 10.25,0 c -2.27,0 -3.42,2.56 -3.87,4.10 h 1.10 c 0.41,-0.78 1.22,-1.50 2.26,-1.50 1.03,0 1.54,1.56 1.03,2.09 1.33,-0.02 2.05,-1.04 2.05,-2.09 0,-1.56 -1.03,-2.61 -2.56,-2.61 z m -8.48,4.69 c -1.26,0 -1.77,0.52 -1.77,1.56 0,0.52 0.51,1.56 1.54,1.56 1.15,0 2.02,-0.88 2.38,-1.76 h -1.16 c -0.15,0.12 -0.37,0.20 -0.70,0.20 -0.51,0 -1.03,-1.04 -0.28,-1.56 z m 1.23,0 c 0,0 0,0 0,0.01 -0.43,0.07 -0.41,0.76 0.06,0.78 v 0 h 4.13 l 0,0 c 0.47,-0.01 0.49,-0.70 0.06,-0.78 0,0 0,0 0,-0.01 z m 5.48,0 c 0.75,0.52 0.24,1.56 -0.28,1.56 -0.33,0 -0.55,-0.08 -0.70,-0.20 h -1.16 c 0.36,0.88 1.23,1.76 2.38,1.76 1.03,0 1.54,-1.04 1.54,-1.56 0,-1.04 -0.51,-1.56 -1.77,-1.56 z m -3.87,1.37 c -0.51,0.52 -0.51,1.56 -1.03,2.09 l 1.03,-0.52 c 0,0.52 0,1.04 0.51,1.56 0.51,-0.52 0.51,-1.04 0.51,-1.56 l 1.03,0.52 c -0.51,-0.52 -0.51,-1.56 -1.03,-2.09 z" style="fill:#ffffff;stroke:none" />
  </g>
  <g id="reward-left-02">
    <polygon points="0,609 460,609 460,645 0,645 10,627" style="fill:#c8e0c0;stroke:#000000;stroke-width:0.5px" />
    <path d="m 31.67,614.88 q 1.46,0 2.72,0.43 1.26,0.43 2.19,1.26 0.93,0.82 1.46,2 0.53,1.18 0.53,2.69 0,1.28 -0.38,2.38 -0.38,1.09 -1.04,2.08 -0.66,0.99 -1.52,1.94 -0.85,0.94 -1.81,1.90 l -6.05,6.18 q 0.64,-0.18 1.30,-0.27 0.66,-0.11 1.26,-0.11 h 7.68 q 0.46,0 0.74,0.27 0.27,0.27 0.27,0.70 v 1.73 h -15.30 v -0.98 q 0,-0.30 0.13,-0.62 0.13,-0.32 0.40,-0.59 l 7.34,-7.38 q 0.91,-0.93 1.66,-1.78 0.75,-0.86 1.28,-1.73 0.53,-0.86 0.82,-1.74 0.29,-0.90 0.29,-1.90 0,-1.01 -0.32,-1.76 -0.32,-0.77 -0.88,-1.26 -0.54,-0.50 -1.30,-0.74 -0.75,-0.26 -1.62,-0.26 -0.88,0 -1.62,0.26 -0.74,0.26 -1.31,0.72 -0.56,0.45 -0.94,1.07 -0.38,0.62 -0.54,1.38 -0.19,0.56 -0.53,0.75 -0.32,0.18 -0.91,0.10 l -1.49,-0.26 q 0.22,-1.57 0.86,-2.77 0.66,-1.22 1.63,-2.03 0.99,-0.82 2.26,-1.23 1.26,-0.43 2.74,-0.43 z m 12.93,23.52 q -0.21,0.56 -0.66,0.83 -0.43,0.27 -0.90,0.27 h -1.20 l 9.62,-23.95 q 0.19,-0.51 0.58,-0.78 0.40,-0.27 0.91,-0.27 h 1.22 z m 14.64,-2.51 h 4.91 v -15.63 q 0,-0.67 0.05,-1.42 l -4.08,3.50 q -0.21,0.18 -0.42,0.22 -0.21,0.03 -0.38,0 -0.18,-0.03 -0.34,-0.13 -0.14,-0.10 -0.22,-0.21 l -0.90,-1.23 6.83,-5.90 h 2.32 v 20.80 h 4.51 v 2.18 h -12.29 z" style="fill:#333333;stroke:none" />
  </g>
  <g id="reward-left-03">
    <polygon points="0,567 460,567 460,603 0,603 10,585" style="fill:#a8c0a0;stroke:#000000;stroke-width:0.5px" />
    <path d="m 63.20,574.86 c -0.29,-0.01 -0.55,0.07 -0.65,0.3 -0.67,1.49 -3.8,1.14 -3.8,1.14 0,0 3.31,1.47 3.81,0.37 0.16,-0.34 0.62,-0.16 1.04,0.11 v 0.67 h 0.86 v -2.29 h -0.02 v 0 c 0,0 -0.69,-0.29 -1.25,-0.3 z m -0.06,3.73 c -0.56,0.5 -1.14,1 -1.76,1.49 0.36,0.08 0.73,0.14 1.12,0.18 0.24,-0.56 0.45,-1.12 0.64,-1.67 z m 1.78,0 c 0.19,0.54 0.41,1.11 0.65,1.68 0.39,-0.04 0.76,-0.1 1.12,-0.18 -0.62,-0.49 -1.21,-0.99 -1.77,-1.5 z m -0.89,0.06 c -0.18,0.54 -0.4,1.11 -0.63,1.68 0.42,0.02 0.84,0.02 1.27,0.01 -0.24,-0.57 -0.45,-1.13 -0.63,-1.68 z m -3.51,2.1 c -2.2,1.68 -4.61,3.27 -6.84,4.63 0.06,0.01 0.1,0.02 0.16,0.03 0.55,0.1 1.24,0.22 1.94,0.31 1.33,0.18 2.77,0.27 3.45,0.18 0.68,-0.73 1.59,-2.17 2.4,-3.79 0.17,-0.34 0.34,-0.69 0.5,-1.03 -0.56,-0.08 -1.1,-0.19 -1.62,-0.33 z m 7.03,0.01 c -0.52,0.15 -1.06,0.26 -1.62,0.34 0.16,0.35 0.32,0.69 0.49,1.02 0.82,1.64 1.74,3.1 2.43,3.82 0.6,0.18 2.07,0.12 3.42,-0.09 0.8,-0.13 1.56,-0.29 2.15,-0.43 -2.23,-1.36 -4.66,-2.96 -6.86,-4.65 z m -4.51,0.42 c -0.2,0.45 -0.41,0.89 -0.63,1.33 -0.7,1.4 -1.45,2.66 -2.15,3.53 2.51,0.47 5.01,0.44 7.53,-0.01 -0.7,-0.88 -1.45,-2.14 -2.14,-3.53 -0.21,-0.43 -0.42,-0.88 -0.62,-1.32 -0.66,0.04 -1.33,0.04 -1.99,-0.01 z m -9.05,5.14 c 0.07,0.16 0.17,0.32 0.28,0.47 0.33,0.45 0.8,0.83 1.44,0.92 0.62,0.09 1.51,-0.14 2.22,-0.5 0.25,-0.13 0.47,-0.26 0.65,-0.4 -0.85,0.01 -1.88,-0.1 -2.89,-0.24 -0.6,-0.08 -1.18,-0.17 -1.68,-0.26 z m 20.05,0.06 c -0.5,0.1 -1.05,0.21 -1.65,0.31 -0.95,0.15 -1.92,0.28 -2.75,0.24 0.14,0.1 0.31,0.2 0.49,0.29 0.7,0.36 1.61,0.59 2.22,0.5 0.63,-0.1 1.11,-0.47 1.44,-0.92 0.1,-0.13 0.18,-0.27 0.24,-0.41 z m -6.76,0.61 c -2.16,0.32 -4.33,0.34 -6.49,0.01 0.81,0.68 2.02,1.47 3.24,1.47 1.22,0 2.44,-0.8 3.25,-1.48 z m -7.53,0.28 -1.25,8.74 c 0.12,-0.12 0.24,-0.26 0.37,-0.41 0.59,-0.68 1.33,-1.64 2.03,-2.7 0.78,-1.17 1.52,-2.49 2.03,-3.7 -1.37,-0.35 -2.52,-1.28 -3.18,-1.92 z m 8.56,0 c -0.67,0.64 -1.81,1.57 -3.18,1.92 0.51,1.21 1.24,2.53 2.03,3.7 0.7,1.06 1.44,2.02 2.03,2.7 0.13,0.15 0.26,0.29 0.37,0.41 z m -9.49,0.42 c -0.16,0.1 -0.33,0.2 -0.51,0.3 -0.82,0.42 -1.83,0.72 -2.74,0.58 -0.1,-0.02 -0.2,-0.04 -0.3,-0.06 -0.02,0.54 -0.04,1.09 -0.08,1.62 l 0.06,0.11 c 0.21,0.43 0.6,0.68 1.18,0.79 0.53,0.1 1.21,0.04 1.94,-0.18 z m 10.42,0 0.45,3.15 c 0.73,0.23 1.41,0.28 1.94,0.18 0.57,-0.1 0.96,-0.36 1.18,-0.79 l 0.06,-0.11 c -0.03,-0.54 -0.06,-1.08 -0.07,-1.62 -0.09,0.03 -0.19,0.04 -0.3,0.06 -0.91,0.14 -1.92,-0.16 -2.74,-0.58 -0.18,-0.09 -0.35,-0.19 -0.51,-0.3 z m -5.41,1.64 c -0.54,1.35 -1.36,2.76 -2.21,4.04 -0.37,0.56 -0.75,1.1 -1.12,1.58 2.37,-0.51 4.72,-0.52 7.06,-0.01 -0.36,-0.48 -0.74,-1.01 -1.12,-1.57 -0.85,-1.28 -1.67,-2.69 -2.21,-4.04 -0.07,0.01 -0.13,0.01 -0.2,0.01 -0.07,0 -0.13,0 -0.2,-0.01 z m -8.74,2.03 c -0.18,1.63 -0.52,3.19 -1.16,4.63 0.88,0.3 2.47,0.73 3.61,0.62 l 0.69,-4.84 c -0.69,0.17 -1.36,0.21 -1.96,0.1 -0.44,-0.08 -0.85,-0.25 -1.18,-0.51 z m 17.87,0 c -0.34,0.26 -0.74,0.43 -1.18,0.51 -0.6,0.11 -1.27,0.07 -1.96,-0.1 l 0.69,4.84 c 1.14,0.1 2.73,-0.33 3.61,-0.62 -0.64,-1.44 -0.98,-3 -1.16,-4.63 z m 11.97,-2.61 -5.7,5.7 -0.61,-0.63 q -0.2,-0.2 -0.16,-0.4 0.05,-0.2 0.22,-0.38 l 2.87,-2.85 q 0.23,-0.24 0.44,-0.43 0.22,-0.19 0.42,-0.34 -0.51,0.07 -1.07,0.11 -0.55,0.03 -1.13,0.03 H 67.19 v -1.63 h 13.02 q 0.59,0 1.14,0.04 0.56,0.04 1.06,0.11 -0.2,-0.16 -0.41,-0.35 -0.21,-0.19 -0.45,-0.43 l -2.89,-2.87 q -0.18,-0.18 -0.22,-0.38 -0.04,-0.2 0.15,-0.4 l 0.62,-0.64 z m -40.72,7.65 q -0.21,0.56 -0.66,0.83 -0.43,0.27 -0.9,0.27 h -1.2 l 9.62,-23.95 q 0.19,-0.51 0.58,-0.78 0.4,-0.27 0.91,-0.27 h 1.22 z m -7.08,-24.35 c 0.69,0.53 1.25,1.23 1.66,2 0.48,0.91 0.76,1.94 0.73,2.94 0.69,-0.93 0.82,-2.2 0.25,-3.29 -0.54,-1.02 -1.56,-1.61 -2.64,-1.65 z m -1.36,0.34 c -0.21,0.99 -0.01,2.15 0.52,3.14 0.49,0.93 1.27,1.72 2.14,2.13 0.21,-1 0,-2.15 -0.53,-3.15 -0.5,-0.93 -1.26,-1.72 -2.13,-2.13 z m -1.1,0.76 c -0.79,0.93 -0.98,2.28 -0.37,3.43 0.6,1.15 1.82,1.76 3.04,1.63 -0.81,-0.54 -1.48,-1.33 -1.95,-2.21 -0.46,-0.88 -0.73,-1.88 -0.73,-2.86 z m 1.45,6.07 c -0.34,0 -1.06,0.19 -1.73,0.6 -0.77,0.48 -1.49,1.2 -1.82,1.98 -0.05,0.12 -0.21,0.7 -0.42,1.41 -0.2,0.7 -0.47,1.56 -0.83,2.41 -0.36,0.85 -0.8,1.7 -1.38,2.38 -0.58,0.68 -1.31,1.21 -2.22,1.3 -0.74,0.08 -1.44,-0.22 -2.08,-0.64 -0.65,-0.42 -1.26,-0.97 -1.79,-1.53 -1.06,-1.11 -1.82,-2.25 -1.82,-2.25 l -0.25,-0.37 0.34,-0.29 c 1.22,-1.05 1.32,-2.4 1.28,-3.53 -1.02,0.53 -1.95,1.22 -2.26,1.84 l -0.21,0.39 -0.42,-0.16 c -0.58,-0.22 -1.19,-0.26 -1.82,-0.32 -0.43,-0.04 -0.88,-0.1 -1.32,-0.24 -0.02,0.47 0.22,0.83 0.63,1.2 0.55,0.49 1.45,0.89 2.25,1.13 l 0.34,0.1 0.02,0.36 c 0,0 0.08,1.59 0.44,3.36 0.37,1.77 1.09,3.68 2,4.26 1.56,1.01 3.68,1.43 5.81,1.3 -0.13,-0.12 -0.26,-0.25 -0.38,-0.37 -0.47,-0.48 -0.82,-0.92 -1.02,-1.32 l 0.92,-0.43 c 0.09,0.2 0.39,0.62 0.81,1.04 0.42,0.43 0.95,0.88 1.52,1.25 0.57,0.37 1.17,0.66 1.7,0.78 0.45,0.1 0.82,0.08 1.14,-0.07 -0.02,-0.08 -0.03,-0.14 -0.09,-0.27 -0.14,-0.34 -0.41,-0.82 -0.7,-1.28 -0.57,-0.93 -1.24,-1.82 -1.24,-1.82 l 0.81,-0.6 c 0,0 0.62,0.84 1.21,1.78 0.65,-0.36 1.24,-0.78 1.74,-1.27 0.86,-0.84 1.21,-3.01 1.22,-4.96 0.01,-1.95 -0.25,-3.64 -0.25,-3.64 l -0.02,-0.13 0.05,-0.12 c 0.15,-0.38 0.28,-1.3 0.26,-2.06 -0.02,-0.38 -0.08,-0.73 -0.16,-0.94 -0.08,-0.22 -0.15,-0.24 -0.14,-0.24 -0.03,-0.01 -0.08,-0.01 -0.12,-0.01 z m -1.78,1.56 c 0.28,0 0.51,0.23 0.51,0.51 0,0.28 -0.23,0.51 -0.51,0.51 -0.28,0 -0.51,-0.23 -0.51,-0.51 0,-0.28 0.23,-0.51 0.51,-0.51 z m 2.13,10.67 c -0.14,0.21 -0.3,0.41 -0.48,0.59 -0.45,0.44 -0.95,0.83 -1.5,1.17 0.52,0.16 1.09,0.26 1.67,0.31 1.35,0.12 2.69,-0.04 3.47,-0.24 -0.03,-0.05 -0.06,-0.11 -0.12,-0.2 -0.21,-0.26 -0.59,-0.59 -1.05,-0.87 -0.57,-0.35 -1.28,-0.63 -1.99,-0.77 z" style="fill:#333333;stroke:none" />
  </g>
  <g id="reward-left-04">
    <polygon points="0,525 460,525 460,561 0,561 10,543" style="fill:#c8e0c0;stroke:#000000;stroke-width:0.5px" />
    <path d="m 60.21,533.35 5.70,5.70 -0.63,0.62 q -0.20,0.20 -0.40,0.16 -0.20,-0.05 -0.38,-0.23 l -2.86,-2.85 q -0.47,-0.47 -0.77,-0.86 0.06,0.50 0.10,1.06 0.04,0.55 0.04,1.14 v 13 h -1.62 v -13 q 0,-0.59 0.04,-1.14 0.04,-0.56 0.10,-1.07 -0.15,0.20 -0.34,0.42 -0.19,0.21 -0.42,0.45 l -2.88,2.87 q -0.18,0.18 -0.38,0.23 -0.20,0.04 -0.40,-0.16 l -0.63,-0.62 z m -21.32,-0.52 -8.99,4.15 8.99,4.15 8.99,-4.15 z m -9.54,4.77 v 11.36 l 9.15,4.22 v -11.36 z m 19.08,0 -9.15,4.22 v 11.36 l 9.15,-4.22 z" style="fill:#333333;stroke:none" />
  </g>
  <g id="reward-left-06">
    <polygon points="0,441 460,441 460,477 0,477 10,459" style="fill:#c8e0c0;stroke:#000000;stroke-width:0.5px" />
    <path d="m 31.59,446.88 q 1.46,0 2.69,0.42 1.23,0.42 2.11,1.18 0.90,0.77 1.39,1.86 0.50,1.09 0.50,2.42 0,1.09 -0.29,1.95 -0.27,0.85 -0.80,1.50 -0.51,0.64 -1.25,1.09 -0.74,0.45 -1.65,0.72 2.24,0.59 3.36,1.98 1.14,1.39 1.14,3.49 0,1.58 -0.61,2.85 -0.59,1.26 -1.63,2.16 -1.04,0.88 -2.43,1.36 -1.38,0.46 -2.96,0.46 -1.82,0 -3.12,-0.45 -1.30,-0.46 -2.19,-1.26 -0.90,-0.80 -1.47,-1.89 -0.58,-1.10 -0.98,-2.38 l 1.23,-0.51 q 0.48,-0.21 0.93,-0.11 0.46,0.10 0.67,0.53 0.21,0.45 0.51,1.07 0.32,0.62 0.86,1.20 0.54,0.58 1.38,0.98 0.85,0.40 2.14,0.40 1.20,0 2.10,-0.38 0.91,-0.40 1.50,-1.02 0.61,-0.62 0.91,-1.39 0.30,-0.77 0.30,-1.52 0,-0.93 -0.24,-1.70 -0.24,-0.77 -0.90,-1.33 -0.66,-0.56 -1.81,-0.88 -1.14,-0.32 -2.93,-0.32 v -2.06 q 1.47,-0.02 2.50,-0.32 1.04,-0.30 1.68,-0.83 0.66,-0.53 0.94,-1.26 0.30,-0.74 0.30,-1.63 0,-0.99 -0.32,-1.73 -0.30,-0.74 -0.85,-1.22 -0.54,-0.48 -1.30,-0.72 -0.74,-0.24 -1.60,-0.24 -0.86,0 -1.62,0.26 -0.74,0.26 -1.31,0.72 -0.56,0.45 -0.94,1.07 -0.38,0.62 -0.54,1.38 -0.21,0.56 -0.53,0.75 -0.30,0.18 -0.90,0.10 l -1.49,-0.26 q 0.22,-1.57 0.86,-2.77 0.64,-1.22 1.62,-2.03 0.99,-0.82 2.26,-1.23 1.28,-0.43 2.75,-0.43 z m 12.82,23.52 q -0.21,0.56 -0.66,0.83 -0.43,0.27 -0.90,0.27 h -1.20 l 9.62,-23.95 q 0.19,-0.51 0.58,-0.78 0.40,-0.27 0.91,-0.27 h 1.22 z M 64.50,446.88 q 1.46,0 2.72,0.43 1.26,0.43 2.19,1.26 0.93,0.82 1.46,2 0.53,1.18 0.53,2.69 0,1.28 -0.38,2.38 -0.38,1.09 -1.04,2.08 -0.66,0.99 -1.52,1.94 -0.85,0.94 -1.81,1.90 l -6.05,6.18 q 0.64,-0.18 1.30,-0.27 0.66,-0.11 1.26,-0.11 h 7.68 q 0.46,0 0.74,0.27 0.27,0.27 0.27,0.70 v 1.73 h -15.30 v -0.98 q 0,-0.30 0.13,-0.62 0.13,-0.32 0.40,-0.59 l 7.34,-7.38 q 0.91,-0.93 1.66,-1.78 0.75,-0.86 1.28,-1.73 0.53,-0.86 0.82,-1.74 0.29,-0.90 0.29,-1.90 0,-1.01 -0.32,-1.76 -0.32,-0.77 -0.88,-1.26 -0.54,-0.50 -1.30,-0.74 -0.75,-0.26 -1.62,-0.26 -0.88,0 -1.62,0.26 -0.74,0.26 -1.31,0.72 -0.56,0.45 -0.94,1.07 -0.38,0.62 -0.54,1.38 -0.19,0.56 -0.53,0.75 -0.32,0.18 -0.91,0.10 l -1.49,-0.26 q 0.22,-1.57 0.86,-2.77 0.66,-1.22 1.63,-2.03 0.99,-0.82 2.26,-1.23 1.26,-0.43 2.74,-0.43 z" style="fill:#333333;stroke:none" />
  </g>
  <g id="reward-left-07">
    <polygon points="0,399 460,399 460,435 0,435 10,417" style="fill:#c8e0c0;stroke:#000000;stroke-width:0.5px" />
    <path d="m 35.67426,414.40485 v 4.27 h 4.08 v 1.35 h -4.08 v 4.3 h -1.45 v -4.3 h -4.06 v -1.35 h 4.06 v -4.27 z m 17.926342,-8.546 c -0.298681,-0.006 -0.563549,0.0676 -0.670623,0.30432 -0.69,1.53 -3.89,1.17 -3.89,1.17 0,0 3.39,1.50 3.91,0.38 0.16,-0.35 0.63,-0.16 1.07,0.11 v 0.69 h 0.88 v -2.34 h -0.02 v 0 c 0,0 -0.70,-0.29 -1.28,-0.30 z m -0.06,3.82 c -0.57,0.51 -1.17,1.02 -1.80,1.52 0.37,0.08 0.75,0.14 1.14,0.19 0.24,-0.57 0.46,-1.15 0.66,-1.71 z m 1.83,0 c 0.19,0.56 0.42,1.14 0.66,1.72 0.39,-0.05 0.78,-0.11 1.15,-0.19 -0.63,-0.50 -1.24,-1.01 -1.81,-1.53 z m -0.91,0.06 c -0.19,0.56 -0.41,1.14 -0.65,1.72 0.43,0.02 0.86,0.02 1.30,0.01 -0.24,-0.58 -0.46,-1.16 -0.65,-1.72 z m -3.60,2.15 c -2.25,1.72 -4.72,3.35 -7.00,4.75 0.06,0.01 0.10,0.02 0.16,0.03 0.56,0.11 1.27,0.23 1.99,0.32 1.36,0.18 2.84,0.28 3.53,0.19 0.69,-0.74 1.63,-2.23 2.46,-3.88 0.17,-0.35 0.34,-0.70 0.51,-1.06 -0.57,-0.08 -1.13,-0.19 -1.66,-0.34 z m 7.20,0.01 c -0.53,0.15 -1.09,0.27 -1.66,0.34 0.16,0.36 0.33,0.70 0.50,1.05 0.84,1.68 1.79,3.18 2.49,3.91 0.61,0.19 2.12,0.12 3.50,-0.10 0.82,-0.13 1.60,-0.30 2.20,-0.45 -2.29,-1.40 -4.77,-3.03 -7.03,-4.76 z m -4.62,0.43 c -0.20,0.46 -0.42,0.91 -0.64,1.36 -0.72,1.43 -1.48,2.72 -2.20,3.62 2.57,0.48 5.13,0.45 7.71,-0.01 -0.72,-0.90 -1.48,-2.19 -2.19,-3.61 -0.22,-0.44 -0.43,-0.90 -0.64,-1.35 -0.68,0.05 -1.36,0.04 -2.04,-0.01 z m -9.26,5.26 c 0.07,0.16 0.17,0.33 0.28,0.48 0.34,0.46 0.82,0.85 1.47,0.95 0.63,0.10 1.55,-0.14 2.27,-0.51 0.25,-0.13 0.48,-0.27 0.66,-0.41 -0.87,0.01 -1.93,-0.10 -2.96,-0.24 -0.61,-0.08 -1.21,-0.17 -1.72,-0.27 z m 20.54,0.06 c -0.51,0.11 -1.08,0.22 -1.69,0.32 -0.97,0.15 -1.96,0.28 -2.81,0.25 0.15,0.10 0.32,0.20 0.50,0.30 0.72,0.37 1.65,0.60 2.27,0.51 0.65,-0.10 1.13,-0.48 1.47,-0.95 0.10,-0.14 0.18,-0.28 0.25,-0.42 z m -6.92,0.63 c -2.21,0.33 -4.43,0.35 -6.64,0.01 0.83,0.69 2.07,1.50 3.31,1.50 1.25,0 2.50,-0.82 3.33,-1.52 z m -7.71,0.28 -1.28,8.95 c 0.12,-0.12 0.25,-0.26 0.38,-0.42 0.61,-0.70 1.36,-1.68 2.08,-2.77 0.80,-1.20 1.56,-2.55 2.07,-3.79 -1.40,-0.36 -2.58,-1.31 -3.26,-1.97 z m 8.77,0 c -0.68,0.66 -1.85,1.61 -3.26,1.97 0.52,1.23 1.27,2.59 2.07,3.79 0.72,1.09 1.47,2.07 2.08,2.77 0.14,0.16 0.26,0.30 0.38,0.42 z m -9.72,0.43 c -0.16,0.11 -0.34,0.21 -0.52,0.30 -0.84,0.43 -1.87,0.74 -2.81,0.59 -0.11,-0.02 -0.21,-0.04 -0.30,-0.06 -0.02,0.56 -0.04,1.12 -0.07,1.66 l 0.06,0.11 c 0.22,0.44 0.61,0.70 1.21,0.81 0.55,0.10 1.24,0.05 1.98,-0.19 l 0.46,-3.23 z m 10.67,0 0.46,3.23 c 0.74,0.23 1.44,0.29 1.98,0.19 0.59,-0.11 0.99,-0.37 1.21,-0.81 l 0.06,-0.11 c -0.03,-0.55 -0.06,-1.10 -0.07,-1.66 -0.10,0.03 -0.20,0.05 -0.30,0.06 -0.94,0.14 -1.97,-0.16 -2.81,-0.59 -0.19,-0.10 -0.36,-0.20 -0.52,-0.30 z m -5.54,1.68 c -0.55,1.38 -1.40,2.83 -2.27,4.14 -0.38,0.57 -0.77,1.12 -1.14,1.62 2.43,-0.52 4.84,-0.54 7.22,-0.01 -0.37,-0.50 -0.76,-1.04 -1.14,-1.61 -0.87,-1.31 -1.71,-2.76 -2.27,-4.14 -0.07,0.01 -0.14,0.01 -0.20,0.01 -0.07,0 -0.14,0 -0.20,-0.01 z m -8.95,2.08 c -0.19,1.67 -0.53,3.27 -1.18,4.74 0.90,0.30 2.53,0.74 3.70,0.64 l 0.71,-4.95 c -0.71,0.17 -1.39,0.21 -2.01,0.10 -0.45,-0.08 -0.87,-0.26 -1.21,-0.52 z m 18.30,0 c -0.34,0.26 -0.76,0.45 -1.21,0.52 -0.61,0.11 -1.30,0.07 -2.01,-0.10 l 0.71,4.95 c 1.17,0.10 2.80,-0.34 3.70,-0.64 -0.65,-1.47 -1.00,-3.07 -1.18,-4.74 z" style="fill:#333333;stroke:none" />
  </g>
  <g id="reward-left-08">
    <polygon points="0,357 460,357 460,393 0,393 10,375" style="fill:#a8c0a0;stroke:#000000;stroke-width:0.5px" />
    <path d="m 63.20,365.09 c -0.29,-0.01 -0.55,0.07 -0.65,0.3 -0.67,1.49 -3.8,1.14 -3.8,1.14 0,0 3.31,1.47 3.81,0.37 0.16,-0.34 0.62,-0.16 1.04,0.11 v 0.67 h 0.86 v -2.29 h -0.02 v 0 c 0,0 -0.69,-0.29 -1.25,-0.3 z m -0.06,3.73 c -0.56,0.5 -1.14,1 -1.76,1.49 0.36,0.08 0.73,0.14 1.12,0.18 0.24,-0.56 0.45,-1.12 0.64,-1.67 z m 1.78,0 c 0.19,0.54 0.41,1.11 0.65,1.68 0.39,-0.04 0.76,-0.1 1.12,-0.18 -0.62,-0.49 -1.21,-0.99 -1.77,-1.5 z m -0.89,0.06 c -0.18,0.54 -0.4,1.11 -0.63,1.68 0.42,0.02 0.84,0.02 1.27,0.01 -0.24,-0.57 -0.45,-1.13 -0.63,-1.68 z m -3.51,2.1 c -2.2,1.68 -4.61,3.27 -6.84,4.63 0.06,0.01 0.1,0.02 0.16,0.03 0.55,0.1 1.24,0.22 1.94,0.31 1.33,0.18 2.77,0.27 3.45,0.18 0.68,-0.73 1.59,-2.17 2.4,-3.79 0.17,-0.34 0.34,-0.69 0.5,-1.03 -0.56,-0.08 -1.1,-0.19 -1.62,-0.33 z m 7.03,0.01 c -0.52,0.15 -1.06,0.26 -1.62,0.34 0.16,0.35 0.32,0.69 0.49,1.02 0.82,1.64 1.74,3.1 2.43,3.82 0.6,0.18 2.07,0.12 3.42,-0.09 0.8,-0.13 1.56,-0.29 2.15,-0.43 -2.23,-1.36 -4.66,-2.96 -6.86,-4.65 z m -4.51,0.42 c -0.2,0.45 -0.41,0.89 -0.63,1.33 -0.7,1.4 -1.45,2.66 -2.15,3.53 2.51,0.47 5.01,0.44 7.53,-0.01 -0.7,-0.88 -1.45,-2.14 -2.14,-3.53 -0.21,-0.43 -0.42,-0.88 -0.62,-1.32 -0.66,0.04 -1.33,0.04 -1.99,-0.01 z m -9.05,5.14 c 0.07,0.16 0.17,0.32 0.28,0.47 0.33,0.45 0.8,0.83 1.44,0.92 0.62,0.09 1.51,-0.14 2.22,-0.5 0.25,-0.13 0.47,-0.26 0.65,-0.4 -0.85,0.01 -1.88,-0.1 -2.89,-0.24 -0.6,-0.08 -1.18,-0.17 -1.68,-0.26 z m 20.05,0.06 c -0.5,0.1 -1.05,0.21 -1.65,0.31 -0.95,0.15 -1.92,0.28 -2.75,0.24 0.14,0.1 0.31,0.2 0.49,0.29 0.7,0.36 1.61,0.59 2.22,0.5 0.63,-0.1 1.11,-0.47 1.44,-0.92 0.1,-0.13 0.18,-0.27 0.24,-0.41 z m -6.76,0.61 c -2.16,0.32 -4.33,0.34 -6.49,0.01 0.81,0.68 2.02,1.47 3.24,1.47 1.22,0 2.44,-0.8 3.25,-1.48 z m -7.53,0.28 -1.25,8.74 c 0.12,-0.12 0.24,-0.26 0.37,-0.41 0.59,-0.68 1.33,-1.64 2.03,-2.7 0.78,-1.17 1.52,-2.49 2.03,-3.7 -1.37,-0.35 -2.52,-1.28 -3.18,-1.92 z m 8.56,0 c -0.67,0.64 -1.81,1.57 -3.18,1.92 0.51,1.21 1.24,2.53 2.03,3.7 0.7,1.06 1.44,2.02 2.03,2.7 0.13,0.15 0.26,0.29 0.37,0.41 z m -9.49,0.42 c -0.16,0.1 -0.33,0.2 -0.51,0.3 -0.82,0.42 -1.83,0.72 -2.74,0.58 -0.1,-0.02 -0.2,-0.04 -0.3,-0.06 -0.02,0.54 -0.04,1.09 -0.08,1.62 l 0.06,0.11 c 0.21,0.43 0.6,0.68 1.18,0.79 0.53,0.1 1.21,0.04 1.94,-0.18 z m 10.42,0 0.45,3.15 c 0.73,0.23 1.41,0.28 1.94,0.18 0.57,-0.1 0.96,-0.36 1.18,-0.79 l 0.06,-0.11 c -0.03,-0.54 -0.06,-1.08 -0.07,-1.62 -0.09,0.03 -0.19,0.04 -0.3,0.06 -0.91,0.14 -1.92,-0.16 -2.74,-0.58 -0.18,-0.09 -0.35,-0.19 -0.51,-0.3 z m -5.41,1.64 c -0.54,1.35 -1.36,2.76 -2.21,4.04 -0.37,0.56 -0.75,1.1 -1.12,1.58 2.37,-0.51 4.72,-0.52 7.06,-0.01 -0.36,-0.48 -0.74,-1.01 -1.12,-1.57 -0.85,-1.28 -1.67,-2.69 -2.21,-4.04 -0.07,0.01 -0.13,0.01 -0.2,0.01 -0.07,0 -0.13,0 -0.2,-0.01 z m -8.74,2.03 c -0.18,1.63 -0.52,3.19 -1.16,4.63 0.88,0.3 2.47,0.73 3.61,0.62 l 0.69,-4.84 c -0.69,0.17 -1.36,0.21 -1.96,0.1 -0.44,-0.08 -0.85,-0.25 -1.18,-0.51 z m 17.87,0 c -0.34,0.26 -0.74,0.43 -1.18,0.51 -0.6,0.11 -1.27,0.07 -1.96,-0.1 l 0.69,4.84 c 1.14,0.1 2.73,-0.33 3.61,-0.62 -0.64,-1.44 -0.98,-3 -1.16,-4.63 z m 11.97,-2.61 -5.7,5.7 -0.61,-0.63 q -0.2,-0.2 -0.16,-0.4 0.05,-0.2 0.22,-0.38 l 2.87,-2.85 q 0.23,-0.24 0.44,-0.43 0.22,-0.19 0.42,-0.34 -0.51,0.07 -1.07,0.11 -0.55,0.03 -1.13,0.03 H 67.19 v -1.63 h 13.02 q 0.59,0 1.14,0.04 0.56,0.04 1.06,0.11 -0.2,-0.16 -0.41,-0.35 -0.21,-0.19 -0.45,-0.43 l -2.89,-2.87 q -0.18,-0.18 -0.22,-0.38 -0.04,-0.2 0.15,-0.4 l 0.62,-0.64 z m -40.72,7.65 q -0.21,0.56 -0.66,0.83 -0.43,0.27 -0.9,0.27 h -1.2 l 9.62,-23.95 q 0.19,-0.51 0.58,-0.78 0.4,-0.27 0.91,-0.27 h 1.22 z m -7.08,-24.35 c 0.69,0.53 1.25,1.23 1.66,2 0.48,0.91 0.76,1.94 0.73,2.94 0.69,-0.93 0.82,-2.2 0.25,-3.29 -0.54,-1.02 -1.56,-1.61 -2.64,-1.65 z m -1.36,0.34 c -0.21,0.99 -0.01,2.15 0.52,3.14 0.49,0.93 1.27,1.72 2.14,2.13 0.21,-1 0,-2.15 -0.53,-3.15 -0.5,-0.93 -1.26,-1.72 -2.13,-2.13 z m -1.1,0.76 c -0.79,0.93 -0.98,2.28 -0.37,3.43 0.6,1.15 1.82,1.76 3.04,1.63 -0.81,-0.54 -1.48,-1.33 -1.95,-2.21 -0.46,-0.88 -0.73,-1.88 -0.73,-2.86 z m 1.45,6.07 c -0.34,0 -1.06,0.19 -1.73,0.6 -0.77,0.48 -1.49,1.2 -1.82,1.98 -0.05,0.12 -0.21,0.7 -0.42,1.41 -0.2,0.7 -0.47,1.56 -0.83,2.41 -0.36,0.85 -0.8,1.7 -1.38,2.38 -0.58,0.68 -1.31,1.21 -2.22,1.3 -0.74,0.08 -1.44,-0.22 -2.08,-0.64 -0.65,-0.42 -1.26,-0.97 -1.79,-1.53 -1.06,-1.11 -1.82,-2.25 -1.82,-2.25 l -0.25,-0.37 0.34,-0.29 c 1.22,-1.05 1.32,-2.4 1.28,-3.53 -1.02,0.53 -1.95,1.22 -2.26,1.84 l -0.21,0.39 -0.42,-0.16 c -0.58,-0.22 -1.19,-0.26 -1.82,-0.32 -0.43,-0.04 -0.88,-0.1 -1.32,-0.24 -0.02,0.47 0.22,0.83 0.63,1.2 0.55,0.49 1.45,0.89 2.25,1.13 l 0.34,0.1 0.02,0.36 c 0,0 0.08,1.59 0.44,3.36 0.37,1.77 1.09,3.68 2,4.26 1.56,1.01 3.68,1.43 5.81,1.3 -0.13,-0.12 -0.26,-0.25 -0.38,-0.37 -0.47,-0.48 -0.82,-0.92 -1.02,-1.32 l 0.92,-0.43 c 0.09,0.2 0.39,0.62 0.81,1.04 0.42,0.43 0.95,0.88 1.52,1.25 0.57,0.37 1.17,0.66 1.7,0.78 0.45,0.1 0.82,0.08 1.14,-0.07 -0.02,-0.08 -0.03,-0.14 -0.09,-0.27 -0.14,-0.34 -0.41,-0.82 -0.7,-1.28 -0.57,-0.93 -1.24,-1.82 -1.24,-1.82 l 0.81,-0.6 c 0,0 0.62,0.84 1.21,1.78 0.65,-0.36 1.24,-0.78 1.74,-1.27 0.86,-0.84 1.21,-3.01 1.22,-4.96 0.01,-1.95 -0.25,-3.64 -0.25,-3.64 l -0.02,-0.13 0.05,-0.12 c 0.15,-0.38 0.28,-1.3 0.26,-2.06 -0.02,-0.38 -0.08,-0.73 -0.16,-0.94 -0.08,-0.22 -0.15,-0.24 -0.14,-0.24 -0.03,-0.01 -0.08,-0.01 -0.12,-0.01 z m -1.78,1.56 c 0.28,0 0.51,0.23 0.51,0.51 0,0.28 -0.23,0.51 -0.51,0.51 -0.28,0 -0.51,-0.23 -0.51,-0.51 0,-0.28 0.23,-0.51 0.51,-0.51 z m 2.13,10.67 c -0.14,0.21 -0.3,0.41 -0.48,0.59 -0.45,0.44 -0.95,0.83 -1.5,1.17 0.52,0.16 1.09,0.26 1.67,0.31 1.35,0.12 2.69,-0.04 3.47,-0.24 -0.03,-0.05 -0.06,-0.11 -0.12,-0.2 -0.21,-0.26 -0.59,-0.59 -1.05,-0.87 -0.57,-0.35 -1.28,-0.63 -1.99,-0.77 z" style="fill:#333333;stroke:none" />
  </g>
  <g id="reward-left-10">
    <polygon points="0,273 460,273 460,309 0,309 10,291" style="fill:#c8e0c0;stroke:#000000;stroke-width:0.5px" />
    <path d="m 60.21,281.25 5.70,5.70 -0.63,0.62 q -0.20,0.20 -0.40,0.16 -0.20,-0.05 -0.38,-0.23 l -2.86,-2.85 q -0.47,-0.47 -0.77,-0.86 0.06,0.50 0.10,1.06 0.04,0.55 0.04,1.14 v 13 h -1.62 v -13 q 0,-0.59 0.04,-1.14 0.04,-0.56 0.10,-1.07 -0.15,0.20 -0.34,0.42 -0.19,0.21 -0.42,0.45 l -2.88,2.87 q -0.18,0.18 -0.38,0.23 -0.20,0.04 -0.40,-0.16 l -0.63,-0.62 z m -21.32,-0.52 -8.99,4.15 8.99,4.15 8.99,-4.15 z m -9.54,4.77 v 11.36 l 9.15,4.22 v -11.36 z m 19.08,0 -9.15,4.22 v 11.36 l 9.15,-4.22 z" style="fill:#333333;stroke:none" />
  </g>
  <g id="reward-left-12">
    <polygon points="0,189 460,189 460,225 0,225 10,207" style="fill:#c8e0c0;stroke:#000000;stroke-width:0.5px" />
    <path d="m 48.12,195.28 q 1.46,0 2.69,0.42 1.23,0.42 2.11,1.18 0.90,0.77 1.39,1.86 0.50,1.09 0.50,2.42 0,1.09 -0.29,1.95 -0.27,0.85 -0.80,1.50 -0.51,0.64 -1.25,1.09 -0.74,0.45 -1.65,0.72 2.24,0.59 3.36,1.98 1.14,1.39 1.14,3.49 0,1.58 -0.61,2.85 -0.59,1.26 -1.63,2.16 -1.04,0.88 -2.43,1.36 -1.38,0.46 -2.96,0.46 -1.82,0 -3.12,-0.45 -1.30,-0.46 -2.19,-1.26 -0.90,-0.80 -1.47,-1.89 -0.58,-1.10 -0.98,-2.38 l 1.23,-0.51 q 0.48,-0.21 0.93,-0.11 0.46,0.10 0.67,0.53 0.21,0.45 0.51,1.07 0.32,0.62 0.86,1.20 0.54,0.58 1.38,0.98 0.85,0.40 2.14,0.40 1.20,0 2.10,-0.38 0.91,-0.40 1.50,-1.02 0.61,-0.62 0.91,-1.39 0.30,-0.77 0.30,-1.52 0,-0.93 -0.24,-1.70 -0.24,-0.77 -0.90,-1.33 -0.66,-0.56 -1.81,-0.88 -1.14,-0.32 -2.93,-0.32 v -2.06 q 1.47,-0.02 2.50,-0.32 1.04,-0.30 1.68,-0.83 0.66,-0.53 0.94,-1.26 0.30,-0.74 0.30,-1.63 0,-0.99 -0.32,-1.73 -0.30,-0.74 -0.85,-1.22 -0.54,-0.48 -1.30,-0.72 -0.74,-0.24 -1.60,-0.24 -0.86,0 -1.62,0.26 -0.74,0.26 -1.31,0.72 -0.56,0.45 -0.94,1.07 -0.38,0.62 -0.54,1.38 -0.21,0.56 -0.53,0.75 -0.30,0.18 -0.90,0.10 l -1.49,-0.26 q 0.22,-1.57 0.86,-2.77 0.64,-1.22 1.62,-2.03 0.99,-0.82 2.26,-1.23 1.28,-0.43 2.75,-0.43 z" style="fill:#333333;stroke:none" />
  </g>
  <g id="reward-left-13">
    <polygon points="0,147 460,147 460,183 0,183 10,165" style="fill:#c8e0c0;stroke:#000000;stroke-width:0.5px" />
    <path d="m 35.67,162.40 v 4.27 h 4.08 v 1.35 h -4.08 v 4.3 h -1.45 v -4.3 h -4.06 v -1.35 h 4.06 v -4.27 z m 17.926342,-8.546 c -0.298681,-0.006 -0.563549,0.0676 -0.670623,0.30432 -0.69,1.53 -3.89,1.17 -3.89,1.17 0,0 3.39,1.5 3.91,0.38 0.16,-0.35 0.63,-0.16 1.07,0.11 v 0.69 h 0.88 v -2.34 h -0.02 v 0 c 0,0 -0.7,-0.29 -1.28,-0.3 z m -0.06,3.82 c -0.57,0.51 -1.17,1.02 -1.8,1.52 0.37,0.08 0.75,0.14 1.14,0.19 0.24,-0.57 0.46,-1.15 0.66,-1.71 z m 1.83,0 c 0.19,0.56 0.42,1.14 0.66,1.72 0.39,-0.05 0.78,-0.11 1.15,-0.19 -0.63,-0.5 -1.24,-1.01 -1.81,-1.53 z m -0.91,0.06 c -0.19,0.56 -0.41,1.14 -0.65,1.72 0.43,0.02 0.86,0.02 1.3,0.01 -0.24,-0.58 -0.46,-1.16 -0.65,-1.72 z m -3.6,2.15 c -2.25,1.72 -4.72,3.35 -7,4.75 0.06,0.01 0.1,0.02 0.16,0.03 0.56,0.11 1.27,0.23 1.99,0.32 1.36,0.18 2.84,0.28 3.53,0.19 0.69,-0.74 1.63,-2.23 2.46,-3.88 0.17,-0.35 0.34,-0.7 0.51,-1.06 -0.57,-0.08 -1.13,-0.19 -1.66,-0.34 z m 7.2,0.01 c -0.53,0.15 -1.09,0.27 -1.66,0.34 0.16,0.36 0.33,0.7 0.5,1.05 0.84,1.68 1.79,3.18 2.49,3.91 0.61,0.19 2.12,0.12 3.5,-0.1 0.82,-0.13 1.6,-0.3 2.2,-0.45 -2.29,-1.4 -4.77,-3.03 -7.03,-4.76 z m -4.62,0.43 c -0.2,0.46 -0.42,0.91 -0.64,1.36 -0.72,1.43 -1.48,2.72 -2.2,3.62 2.57,0.48 5.13,0.45 7.71,-0.01 -0.72,-0.9 -1.48,-2.19 -2.19,-3.61 -0.22,-0.44 -0.43,-0.9 -0.64,-1.35 -0.68,0.05 -1.36,0.04 -2.04,-0.01 z m -9.26,5.26 c 0.07,0.16 0.17,0.33 0.28,0.48 0.34,0.46 0.82,0.85 1.47,0.95 0.63,0.1 1.55,-0.14 2.27,-0.51 0.25,-0.13 0.48,-0.27 0.66,-0.41 -0.87,0.01 -1.93,-0.1 -2.96,-0.24 -0.61,-0.08 -1.21,-0.17 -1.72,-0.27 z m 20.54,0.06 c -0.51,0.11 -1.08,0.22 -1.69,0.32 -0.97,0.15 -1.96,0.28 -2.81,0.25 0.15,0.1 0.32,0.2 0.5,0.3 0.72,0.37 1.65,0.6 2.27,0.51 0.65,-0.1 1.13,-0.48 1.47,-0.95 0.1,-0.14 0.18,-0.28 0.25,-0.42 z m -6.92,0.63 c -2.21,0.33 -4.43,0.35 -6.64,0.01 0.83,0.69 2.07,1.5 3.31,1.5 1.25,0 2.5,-0.82 3.33,-1.52 z m -7.71,0.28 -1.28,8.95 c 0.12,-0.12 0.25,-0.26 0.38,-0.42 0.61,-0.7 1.36,-1.68 2.08,-2.77 0.8,-1.2 1.56,-2.55 2.07,-3.79 -1.4,-0.36 -2.58,-1.31 -3.26,-1.97 z m 8.77,0 c -0.68,0.66 -1.85,1.61 -3.26,1.97 0.52,1.23 1.27,2.59 2.07,3.79 0.72,1.09 1.47,2.07 2.08,2.77 0.14,0.16 0.26,0.3 0.38,0.42 z m -9.72,0.43 c -0.16,0.11 -0.34,0.21 -0.52,0.3 -0.84,0.43 -1.87,0.74 -2.81,0.59 -0.11,-0.02 -0.21,-0.04 -0.3,-0.06 -0.02,0.56 -0.04,1.12 -0.07,1.66 l 0.06,0.11 c 0.22,0.44 0.61,0.7 1.21,0.81 0.55,0.1 1.24,0.05 1.98,-0.19 l 0.46,-3.23 z m 10.67,0 0.46,3.23 c 0.74,0.23 1.44,0.29 1.98,0.19 0.59,-0.11 0.99,-0.37 1.21,-0.81 l 0.06,-0.11 c -0.03,-0.55 -0.06,-1.1 -0.07,-1.66 -0.1,0.03 -0.2,0.05 -0.3,0.06 -0.94,0.14 -1.97,-0.16 -2.81,-0.59 -0.19,-0.1 -0.36,-0.2 -0.52,-0.3 z m -5.54,1.68 c -0.55,1.38 -1.4,2.83 -2.27,4.14 -0.38,0.57 -0.77,1.12 -1.14,1.62 2.43,-0.52 4.84,-0.54 7.22,-0.01 -0.37,-0.5 -0.76,-1.04 -1.14,-1.61 -0.87,-1.31 -1.71,-2.76 -2.27,-4.14 -0.07,0.01 -0.14,0.01 -0.2,0.01 -0.07,0 -0.14,0 -0.2,-0.01 z m -8.95,2.08 c -0.19,1.67 -0.53,3.27 -1.18,4.74 0.9,0.3 2.53,0.74 3.7,0.64 l 0.71,-4.95 c -0.71,0.17 -1.39,0.21 -2.01,0.1 -0.45,-0.08 -0.87,-0.26 -1.21,-0.52 z m 18.3,0 c -0.34,0.26 -0.76,0.45 -1.21,0.52 -0.61,0.11 -1.3,0.07 -2.01,-0.1 l 0.71,4.95 c 1.17,0.1 2.8,-0.34 3.7,-0.64 -0.65,-1.47 -1,-3.07 -1.18,-4.74 z" style="fill:#333333;stroke:none" />
  </g>
  <g id="reward-left-15">
    <polygon points="0,63 460,63 460,99 0,99 10,81" style="fill:#c8e0c0;stroke:#000000;stroke-width:0.5px" />
    <path d="m 48.12,69.28 q 1.46,0 2.69,0.42 1.23,0.42 2.11,1.18 0.90,0.77 1.39,1.86 0.50,1.09 0.50,2.42 0,1.09 -0.29,1.95 -0.27,0.85 -0.80,1.50 -0.51,0.64 -1.25,1.09 -0.74,0.45 -1.65,0.72 2.24,0.59 3.36,1.98 1.14,1.39 1.14,3.49 0,1.58 -0.61,2.85 -0.59,1.26 -1.63,2.16 -1.04,0.88 -2.43,1.36 -1.38,0.46 -2.96,0.46 -1.82,0 -3.12,-0.45 -1.30,-0.46 -2.19,-1.26 -0.90,-0.80 -1.47,-1.89 -0.58,-1.10 -0.98,-2.38 l 1.23,-0.51 q 0.48,-0.21 0.93,-0.11 0.46,0.10 0.67,0.53 0.21,0.45 0.51,1.07 0.32,0.62 0.86,1.20 0.54,0.58 1.38,0.98 0.85,0.40 2.14,0.40 1.20,0 2.10,-0.38 0.91,-0.40 1.50,-1.02 0.61,-0.62 0.91,-1.39 0.30,-0.77 0.30,-1.52 0,-0.93 -0.24,-1.70 -0.24,-0.77 -0.90,-1.33 -0.66,-0.56 -1.81,-0.88 -1.14,-0.32 -2.93,-0.32 v -2.06 q 1.47,-0.02 2.50,-0.32 1.04,-0.30 1.68,-0.83 0.66,-0.53 0.94,-1.26 0.30,-0.74 0.30,-1.63 0,-0.99 -0.32,-1.73 -0.30,-0.74 -0.85,-1.22 -0.54,-0.48 -1.30,-0.72 -0.74,-0.24 -1.60,-0.24 -0.86,0 -1.62,0.26 -0.74,0.26 -1.31,0.72 -0.56,0.45 -0.94,1.07 -0.38,0.62 -0.54,1.38 -0.21,0.56 -0.53,0.75 -0.30,0.18 -0.90,0.10 l -1.49,-0.26 q 0.22,-1.57 0.86,-2.77 0.64,-1.22 1.62,-2.03 0.99,-0.82 2.26,-1.23 1.28,-0.43 2.75,-0.43 z" style="fill:#333333;stroke:none" />
  </g>
  <g id="reward-right-02">
    <polygon points="680,609 525,609 525,645 680,645 670,627" style="fill:#c8e0c0;stroke:#000000;stroke-width:0.5px" />
    <path d="m 618.95,614.88 q 1.46,0 2.72,0.43 1.26,0.43 2.19,1.26 0.93,0.82 1.46,2 0.53,1.18 0.53,2.69 0,1.28 -0.38,2.38 -0.38,1.09 -1.04,2.08 -0.66,0.99 -1.52,1.94 -0.85,0.94 -1.81,1.90 l -6.05,6.18 q 0.64,-0.18 1.30,-0.27 0.66,-0.11 1.26,-0.11 h 7.68 q 0.46,0 0.74,0.27 0.27,0.27 0.27,0.70 v 1.73 h -15.30 v -0.98 q 0,-0.30 0.13,-0.62 0.13,-0.32 0.40,-0.59 l 7.34,-7.38 q 0.91,-0.93 1.66,-1.78 0.75,-0.86 1.28,-1.73 0.53,-0.86 0.82,-1.74 0.29,-0.90 0.29,-1.90 0,-1.01 -0.32,-1.76 -0.32,-0.77 -0.88,-1.26 -0.54,-0.50 -1.30,-0.74 -0.75,-0.26 -1.62,-0.26 -0.88,0 -1.62,0.26 -0.74,0.26 -1.31,0.72 -0.56,0.45 -0.94,1.07 -0.38,0.62 -0.54,1.38 -0.19,0.56 -0.53,0.75 -0.32,0.18 -0.91,0.10 l -1.49,-0.26 q 0.22,-1.57 0.86,-2.77 0.66,-1.22 1.63,-2.03 0.99,-0.82 2.26,-1.23 1.26,-0.43 2.74,-0.43 z m 12.93,23.52 q -0.21,0.56 -0.66,0.83 -0.43,0.27 -0.90,0.27 h -1.20 l 9.62,-23.95 q 0.19,-0.51 0.58,-0.78 0.40,-0.27 0.91,-0.27 h 1.22 z m 14.64,-2.51 h 4.91 v -15.63 q 0,-0.67 0.05,-1.42 l -4.08,3.50 q -0.21,0.18 -0.42,0.22 -0.21,0.03 -0.38,0 -0.18,-0.03 -0.34,-0.13 -0.14,-0.10 -0.22,-0.21 l -0.90,-1.23 6.83,-5.90 h 2.32 v 20.80 h 4.51 v 2.18 h -12.29 z" style="fill:#333333;stroke:none" />
  </g>
  <g id="reward-right-03">
    <polygon points="680,567 525,567 525,603 680,603 670,585" style="fill:#a8c0a0;stroke:#000000;stroke-width:0.5px" />
    <path d="m 646.96,575.085 c -0.29,-0.01 -0.55,0.07 -0.65,0.3 -0.67,1.49 -3.8,1.14 -3.8,1.14 0,0 3.31,1.47 3.81,0.37 0.16,-0.34 0.62,-0.16 1.04,0.11 v 0.67 h 0.86 v -2.29 h -0.02 v 0 c 0,0 -0.69,-0.29 -1.25,-0.3 z m -0.06,3.73 c -0.56,0.5 -1.14,1 -1.76,1.49 0.36,0.08 0.73,0.14 1.12,0.18 0.24,-0.56 0.45,-1.12 0.64,-1.67 z m 1.78,0 c 0.19,0.54 0.41,1.11 0.65,1.68 0.39,-0.04 0.76,-0.1 1.12,-0.18 -0.62,-0.49 -1.21,-0.99 -1.77,-1.5 z m -0.89,0.06 c -0.18,0.54 -0.4,1.11 -0.63,1.68 0.42,0.02 0.84,0.02 1.27,0.01 -0.24,-0.57 -0.45,-1.13 -0.63,-1.68 z m -3.51,2.1 c -2.2,1.68 -4.61,3.27 -6.84,4.63 0.06,0.01 0.1,0.02 0.16,0.03 0.55,0.1 1.24,0.22 1.94,0.31 1.33,0.18 2.77,0.27 3.45,0.18 0.68,-0.73 1.59,-2.17 2.4,-3.79 0.17,-0.34 0.34,-0.69 0.5,-1.03 -0.56,-0.08 -1.1,-0.19 -1.62,-0.33 z m 7.03,0.01 c -0.52,0.15 -1.06,0.26 -1.62,0.34 0.16,0.35 0.32,0.69 0.49,1.02 0.82,1.64 1.74,3.1 2.43,3.82 0.6,0.18 2.07,0.12 3.42,-0.09 0.8,-0.13 1.56,-0.29 2.15,-0.43 -2.23,-1.36 -4.66,-2.96 -6.86,-4.65 z m -4.51,0.42 c -0.2,0.45 -0.41,0.89 -0.63,1.33 -0.7,1.4 -1.45,2.66 -2.15,3.53 2.51,0.47 5.01,0.44 7.53,-0.01 -0.7,-0.88 -1.45,-2.14 -2.14,-3.53 -0.21,-0.43 -0.42,-0.88 -0.62,-1.32 -0.66,0.04 -1.33,0.04 -1.99,-0.01 z m -9.05,5.14 c 0.07,0.16 0.17,0.32 0.28,0.47 0.33,0.45 0.8,0.83 1.44,0.92 0.62,0.09 1.51,-0.14 2.22,-0.5 0.25,-0.13 0.47,-0.26 0.65,-0.4 -0.85,0.01 -1.88,-0.1 -2.89,-0.24 -0.6,-0.08 -1.18,-0.17 -1.68,-0.26 z m 20.05,0.06 c -0.5,0.1 -1.05,0.21 -1.65,0.31 -0.95,0.15 -1.92,0.28 -2.75,0.24 0.14,0.1 0.31,0.2 0.49,0.29 0.7,0.36 1.61,0.59 2.22,0.5 0.63,-0.1 1.11,-0.47 1.44,-0.92 0.1,-0.13 0.18,-0.27 0.24,-0.41 z m -6.76,0.61 c -2.16,0.32 -4.33,0.34 -6.49,0.01 0.81,0.68 2.02,1.47 3.24,1.47 1.22,0 2.44,-0.8 3.25,-1.48 z m -7.53,0.28 -1.25,8.74 c 0.12,-0.12 0.24,-0.26 0.37,-0.41 0.59,-0.68 1.33,-1.64 2.03,-2.7 0.78,-1.17 1.52,-2.49 2.03,-3.7 -1.37,-0.35 -2.52,-1.28 -3.18,-1.92 z m 8.56,0 c -0.67,0.64 -1.81,1.57 -3.18,1.92 0.51,1.21 1.24,2.53 2.03,3.7 0.7,1.06 1.44,2.02 2.03,2.7 0.13,0.15 0.26,0.29 0.37,0.41 z m -9.49,0.42 c -0.16,0.1 -0.33,0.2 -0.51,0.3 -0.82,0.42 -1.83,0.72 -2.74,0.58 -0.1,-0.02 -0.2,-0.04 -0.3,-0.06 -0.02,0.54 -0.04,1.09 -0.08,1.62 l 0.06,0.11 c 0.21,0.43 0.6,0.68 1.18,0.79 0.53,0.1 1.21,0.04 1.94,-0.18 z m 10.42,0 0.45,3.15 c 0.73,0.23 1.41,0.28 1.94,0.18 0.57,-0.1 0.96,-0.36 1.18,-0.79 l 0.06,-0.11 c -0.03,-0.54 -0.06,-1.08 -0.07,-1.62 -0.09,0.03 -0.19,0.04 -0.3,0.06 -0.91,0.14 -1.92,-0.16 -2.74,-0.58 -0.18,-0.09 -0.35,-0.19 -0.51,-0.3 z m -5.41,1.64 c -0.54,1.35 -1.36,2.76 -2.21,4.04 -0.37,0.56 -0.75,1.1 -1.12,1.58 2.37,-0.51 4.72,-0.52 7.06,-0.01 -0.36,-0.48 -0.74,-1.01 -1.12,-1.57 -0.85,-1.28 -1.67,-2.69 -2.21,-4.04 -0.07,0.01 -0.13,0.01 -0.2,0.01 -0.07,0 -0.13,0 -0.2,-0.01 z m -8.74,2.03 c -0.18,1.63 -0.52,3.19 -1.16,4.63 0.88,0.3 2.47,0.73 3.61,0.62 l 0.69,-4.84 c -0.69,0.17 -1.36,0.21 -1.96,0.1 -0.44,-0.08 -0.85,-0.25 -1.18,-0.51 z m 17.87,0 c -0.34,0.26 -0.74,0.43 -1.18,0.51 -0.6,0.11 -1.27,0.07 -1.96,-0.1 l 0.69,4.84 c 1.14,0.1 2.73,-0.33 3.61,-0.62 -0.64,-1.44 -0.98,-3 -1.16,-4.63 z m 11.97,-2.61 -5.7,5.7 -0.61,-0.63 q -0.2,-0.2 -0.16,-0.4 0.05,-0.2 0.22,-0.38 l 2.87,-2.85 q 0.23,-0.24 0.44,-0.43 0.22,-0.19 0.42,-0.34 -0.51,0.07 -1.07,0.11 -0.55,0.03 -1.13,0.03 h -13.02 v -1.63 h 13.02 q 0.59,0 1.14,0.04 0.56,0.04 1.06,0.11 -0.2,-0.16 -0.41,-0.35 -0.21,-0.19 -0.45,-0.43 l -2.89,-2.87 q -0.18,-0.18 -0.22,-0.38 -0.04,-0.2 0.15,-0.4 l 0.62,-0.64 z m -40.72,7.65 q -0.21,0.56 -0.66,0.83 -0.43,0.27 -0.9,0.27 h -1.2 l 9.62,-23.95 q 0.19,-0.51 0.58,-0.78 0.4,-0.27 0.91,-0.27 h 1.22 z m -7.08,-24.35 c 0.69,0.53 1.25,1.23 1.66,2 0.48,0.91 0.76,1.94 0.73,2.94 0.69,-0.93 0.82,-2.2 0.25,-3.29 -0.54,-1.02 -1.56,-1.61 -2.64,-1.65 z m -1.36,0.34 c -0.21,0.99 -0.01,2.15 0.52,3.14 0.49,0.93 1.27,1.72 2.14,2.13 0.21,-1 0,-2.15 -0.53,-3.15 -0.5,-0.93 -1.26,-1.72 -2.13,-2.13 z m -1.1,0.76 c -0.79,0.93 -0.98,2.28 -0.37,3.43 0.6,1.15 1.82,1.76 3.04,1.63 -0.81,-0.54 -1.48,-1.33 -1.95,-2.21 -0.46,-0.88 -0.73,-1.88 -0.73,-2.86 z m 1.45,6.07 c -0.34,0 -1.06,0.19 -1.73,0.6 -0.77,0.48 -1.49,1.2 -1.82,1.98 -0.05,0.12 -0.21,0.7 -0.42,1.41 -0.2,0.7 -0.47,1.56 -0.83,2.41 -0.36,0.85 -0.8,1.7 -1.38,2.38 -0.58,0.68 -1.31,1.21 -2.22,1.3 -0.74,0.08 -1.44,-0.22 -2.08,-0.64 -0.65,-0.42 -1.26,-0.97 -1.79,-1.53 -1.06,-1.11 -1.82,-2.25 -1.82,-2.25 l -0.25,-0.37 0.34,-0.29 c 1.22,-1.05 1.32,-2.4 1.28,-3.53 -1.02,0.53 -1.95,1.22 -2.26,1.84 l -0.21,0.39 -0.42,-0.16 c -0.58,-0.22 -1.19,-0.26 -1.82,-0.32 -0.43,-0.04 -0.88,-0.1 -1.32,-0.24 -0.02,0.47 0.22,0.83 0.63,1.2 0.55,0.49 1.45,0.89 2.25,1.13 l 0.34,0.1 0.02,0.36 c 0,0 0.08,1.59 0.44,3.36 0.37,1.77 1.09,3.68 2,4.26 1.56,1.01 3.68,1.43 5.81,1.3 -0.13,-0.12 -0.26,-0.25 -0.38,-0.37 -0.47,-0.48 -0.82,-0.92 -1.02,-1.32 l 0.92,-0.43 c 0.09,0.2 0.39,0.62 0.81,1.04 0.42,0.43 0.95,0.88 1.52,1.25 0.57,0.37 1.17,0.66 1.7,0.78 0.45,0.1 0.82,0.08 1.14,-0.07 -0.02,-0.08 -0.03,-0.14 -0.09,-0.27 -0.14,-0.34 -0.41,-0.82 -0.7,-1.28 -0.57,-0.93 -1.24,-1.82 -1.24,-1.82 l 0.81,-0.6 c 0,0 0.62,0.84 1.21,1.78 0.65,-0.36 1.24,-0.78 1.74,-1.27 0.86,-0.84 1.21,-3.01 1.22,-4.96 0.01,-1.95 -0.25,-3.64 -0.25,-3.64 l -0.02,-0.13 0.05,-0.12 c 0.15,-0.38 0.28,-1.3 0.26,-2.06 -0.02,-0.38 -0.08,-0.73 -0.16,-0.94 -0.08,-0.22 -0.15,-0.24 -0.14,-0.24 -0.03,-0.01 -0.08,-0.01 -0.12,-0.01 z m -1.78,1.56 c 0.28,0 0.51,0.23 0.51,0.51 0,0.28 -0.23,0.51 -0.51,0.51 -0.28,0 -0.51,-0.23 -0.51,-0.51 0,-0.28 0.23,-0.51 0.51,-0.51 z m 2.13,10.67 c -0.14,0.21 -0.3,0.41 -0.48,0.59 -0.45,0.44 -0.95,0.83 -1.5,1.17 0.52,0.16 1.09,0.26 1.67,0.31 1.35,0.12 2.69,-0.04 3.47,-0.24 -0.03,-0.05 -0.06,-0.11 -0.12,-0.2 -0.21,-0.26 -0.59,-0.59 -1.05,-0.87 -0.57,-0.35 -1.28,-0.63 -1.99,-0.77 z" style="fill:#333333;stroke:none" />
  </g>
  <g id="reward-right-04">
    <polygon points="680,525 525,525 525,561 680,561 670,543" style="fill:#c8e0c0;stroke:#000000;stroke-width:0.5px" />
    <path d="m 622.96,540.40 v 4.27 h 4.08 v 1.35 h -4.08 v 4.3 h -1.45 v -4.3 h -4.06 v -1.35 h 4.06 v -4.27 z m 17.92634,-8.546 c -0.29868,-0.006 -0.56355,0.0676 -0.67062,0.30432 -0.69,1.53 -3.89,1.17 -3.89,1.17 0,0 3.39,1.5 3.91,0.38 0.16,-0.35 0.63,-0.16 1.07,0.11 v 0.69 h 0.88 v -2.34 h -0.02 v 0 c 0,0 -0.7,-0.29 -1.28,-0.3 z m -0.06,3.82 c -0.57,0.51 -1.17,1.02 -1.8,1.52 0.37,0.08 0.75,0.14 1.14,0.19 0.24,-0.57 0.46,-1.15 0.66,-1.71 z m 1.83,0 c 0.19,0.56 0.42,1.14 0.66,1.72 0.39,-0.05 0.78,-0.11 1.15,-0.19 -0.63,-0.5 -1.24,-1.01 -1.81,-1.53 z m -0.91,0.06 c -0.19,0.56 -0.41,1.14 -0.65,1.72 0.43,0.02 0.86,0.02 1.3,0.01 -0.24,-0.58 -0.46,-1.16 -0.65,-1.72 z m -3.6,2.15 c -2.25,1.72 -4.72,3.35 -7,4.75 0.06,0.01 0.1,0.02 0.16,0.03 0.56,0.11 1.27,0.23 1.99,0.32 1.36,0.18 2.84,0.28 3.53,0.19 0.69,-0.74 1.63,-2.23 2.46,-3.88 0.17,-0.35 0.34,-0.7 0.51,-1.06 -0.57,-0.08 -1.13,-0.19 -1.66,-0.34 z m 7.2,0.01 c -0.53,0.15 -1.09,0.27 -1.66,0.34 0.16,0.36 0.33,0.7 0.5,1.05 0.84,1.68 1.79,3.18 2.49,3.91 0.61,0.19 2.12,0.12 3.5,-0.1 0.82,-0.13 1.6,-0.3 2.2,-0.45 -2.29,-1.4 -4.77,-3.03 -7.03,-4.76 z m -4.62,0.43 c -0.2,0.46 -0.42,0.91 -0.64,1.36 -0.72,1.43 -1.48,2.72 -2.2,3.62 2.57,0.48 5.13,0.45 7.71,-0.01 -0.72,-0.9 -1.48,-2.19 -2.19,-3.61 -0.22,-0.44 -0.43,-0.9 -0.64,-1.35 -0.68,0.05 -1.36,0.04 -2.04,-0.01 z m -9.26,5.26 c 0.07,0.16 0.17,0.33 0.28,0.48 0.34,0.46 0.82,0.85 1.47,0.95 0.63,0.1 1.55,-0.14 2.27,-0.51 0.25,-0.13 0.48,-0.27 0.66,-0.41 -0.87,0.01 -1.93,-0.1 -2.96,-0.24 -0.61,-0.08 -1.21,-0.17 -1.72,-0.27 z m 20.54,0.06 c -0.51,0.11 -1.08,0.22 -1.69,0.32 -0.97,0.15 -1.96,0.28 -2.81,0.25 0.15,0.1 0.32,0.2 0.5,0.3 0.72,0.37 1.65,0.6 2.27,0.51 0.65,-0.1 1.13,-0.48 1.47,-0.95 0.1,-0.14 0.18,-0.28 0.25,-0.42 z m -6.92,0.63 c -2.21,0.33 -4.43,0.35 -6.64,0.01 0.83,0.69 2.07,1.5 3.31,1.5 1.25,0 2.5,-0.82 3.33,-1.52 z m -7.71,0.28 -1.28,8.95 c 0.12,-0.12 0.25,-0.26 0.38,-0.42 0.61,-0.7 1.36,-1.68 2.08,-2.77 0.8,-1.2 1.56,-2.55 2.07,-3.79 -1.4,-0.36 -2.58,-1.31 -3.26,-1.97 z m 8.77,0 c -0.68,0.66 -1.85,1.61 -3.26,1.97 0.52,1.23 1.27,2.59 2.07,3.79 0.72,1.09 1.47,2.07 2.08,2.77 0.14,0.16 0.26,0.3 0.38,0.42 z m -9.72,0.43 c -0.16,0.11 -0.34,0.21 -0.52,0.3 -0.84,0.43 -1.87,0.74 -2.81,0.59 -0.11,-0.02 -0.21,-0.04 -0.3,-0.06 -0.02,0.56 -0.04,1.12 -0.07,1.66 l 0.06,0.11 c 0.22,0.44 0.61,0.7 1.21,0.81 0.55,0.1 1.24,0.05 1.98,-0.19 l 0.46,-3.23 z m 10.67,0 0.46,3.23 c 0.74,0.23 1.44,0.29 1.98,0.19 0.59,-0.11 0.99,-0.37 1.21,-0.81 l 0.06,-0.11 c -0.03,-0.55 -0.06,-1.1 -0.07,-1.66 -0.1,0.03 -0.2,0.05 -0.3,0.06 -0.94,0.14 -1.97,-0.16 -2.81,-0.59 -0.19,-0.1 -0.36,-0.2 -0.52,-0.3 z m -5.54,1.68 c -0.55,1.38 -1.4,2.83 -2.27,4.14 -0.38,0.57 -0.77,1.12 -1.14,1.62 2.43,-0.52 4.84,-0.54 7.22,-0.01 -0.37,-0.5 -0.76,-1.04 -1.14,-1.61 -0.87,-1.31 -1.71,-2.76 -2.27,-4.14 -0.07,0.01 -0.14,0.01 -0.2,0.01 -0.07,0 -0.14,0 -0.2,-0.01 z m -8.95,2.08 c -0.19,1.67 -0.53,3.27 -1.18,4.74 0.9,0.3 2.53,0.74 3.7,0.64 l 0.71,-4.95 c -0.71,0.17 -1.39,0.21 -2.01,0.1 -0.45,-0.08 -0.87,-0.26 -1.21,-0.52 z m 18.3,0 c -0.34,0.26 -0.76,0.45 -1.21,0.52 -0.61,0.11 -1.3,0.07 -2.01,-0.1 l 0.71,4.95 c 1.17,0.1 2.8,-0.34 3.7,-0.64 -0.65,-1.47 -1,-3.07 -1.18,-4.74 z" style="fill:#333333;stroke:none" />
  </g>
  <g id="reward-right-06">
    <polygon points="680,441 525,441 525,477 680,477 670,459" style="fill:#c8e0c0;stroke:#000000;stroke-width:0.5px" />
    <path d="m 618.87,446.88 q 1.46,0 2.69,0.42 1.23,0.42 2.11,1.18 0.9,0.77 1.39,1.86 0.5,1.09 0.5,2.42 0,1.09 -0.29,1.95 -0.27,0.85 -0.8,1.5 -0.51,0.64 -1.25,1.09 -0.74,0.45 -1.65,0.72 2.24,0.59 3.36,1.98 1.14,1.39 1.14,3.49 0,1.58 -0.61,2.85 -0.59,1.26 -1.63,2.16 -1.04,0.88 -2.43,1.36 -1.38,0.46 -2.96,0.46 -1.82,0 -3.12,-0.45 -1.3,-0.46 -2.19,-1.26 -0.9,-0.8 -1.47,-1.89 -0.58,-1.1 -0.98,-2.38 l 1.23,-0.51 q 0.48,-0.21 0.93,-0.11 0.46,0.1 0.67,0.53 0.21,0.45 0.51,1.07 0.32,0.62 0.86,1.2 0.54,0.58 1.38,0.98 0.85,0.4 2.14,0.4 1.2,0 2.1,-0.38 0.91,-0.4 1.5,-1.02 0.61,-0.62 0.91,-1.39 0.3,-0.77 0.3,-1.52 0,-0.93 -0.24,-1.7 -0.24,-0.77 -0.9,-1.33 -0.66,-0.56 -1.81,-0.88 -1.14,-0.32 -2.93,-0.32 v -2.06 q 1.47,-0.02 2.5,-0.32 1.04,-0.3 1.68,-0.83 0.66,-0.53 0.94,-1.26 0.3,-0.74 0.3,-1.63 0,-0.99 -0.32,-1.73 -0.3,-0.74 -0.85,-1.22 -0.54,-0.48 -1.3,-0.72 -0.74,-0.24 -1.6,-0.24 -0.86,0 -1.62,0.26 -0.74,0.26 -1.31,0.72 -0.56,0.45 -0.94,1.07 -0.38,0.62 -0.54,1.38 -0.21,0.56 -0.53,0.75 -0.3,0.18 -0.9,0.1 l -1.49,-0.26 q 0.22,-1.57 0.86,-2.77 0.64,-1.22 1.62,-2.03 0.99,-0.82 2.26,-1.23 1.28,-0.43 2.75,-0.43 z m 12.82,23.52 q -0.21,0.56 -0.66,0.83 -0.43,0.27 -0.9,0.27 h -1.2 l 9.62,-23.95 q 0.19,-0.51 0.58,-0.78 0.4,-0.27 0.91,-0.27 h 1.22 z m 20.09,-23.52 q 1.46,0 2.72,0.43 1.26,0.43 2.19,1.26 0.93,0.82 1.46,2 0.53,1.18 0.53,2.69 0,1.28 -0.38,2.38 -0.38,1.09 -1.04,2.08 -0.66,0.99 -1.52,1.94 -0.85,0.94 -1.81,1.9 l -6.05,6.18 q 0.64,-0.18 1.3,-0.27 0.66,-0.11 1.26,-0.11 h 7.68 q 0.46,0 0.74,0.27 0.27,0.27 0.27,0.7 v 1.73 h -15.3 v -0.98 q 0,-0.3 0.13,-0.62 0.13,-0.32 0.4,-0.59 l 7.34,-7.38 q 0.91,-0.93 1.66,-1.78 0.75,-0.86 1.28,-1.73 0.53,-0.86 0.82,-1.74 0.29,-0.9 0.29,-1.9 0,-1.01 -0.32,-1.76 -0.32,-0.77 -0.88,-1.26 -0.54,-0.5 -1.3,-0.74 -0.75,-0.26 -1.62,-0.26 -0.88,0 -1.62,0.26 -0.74,0.26 -1.31,0.72 -0.56,0.45 -0.94,1.07 -0.38,0.62 -0.54,1.38 -0.19,0.56 -0.53,0.75 -0.32,0.18 -0.91,0.1 l -1.49,-0.26 q 0.22,-1.57 0.86,-2.77 0.66,-1.22 1.63,-2.03 0.99,-0.82 2.26,-1.23 1.26,-0.43 2.74,-0.43 z" style="fill:#333333;stroke:none" />
  </g>
  <g id="reward-right-07">
    <polygon points="680,399 525,399 525,435 680,435 670,417" style="fill:#a8c0a0;stroke:#000000;stroke-width:0.5px" />
    <path d="m 646.96,407.09 c -0.29,-0.01 -0.55,0.07 -0.65,0.3 -0.67,1.49 -3.8,1.14 -3.8,1.14 0,0 3.31,1.47 3.81,0.37 0.16,-0.34 0.62,-0.16 1.04,0.11 v 0.67 h 0.86 v -2.29 h -0.02 v 0 c 0,0 -0.69,-0.29 -1.25,-0.3 z m -0.06,3.73 c -0.56,0.5 -1.14,1 -1.76,1.49 0.36,0.08 0.73,0.14 1.12,0.18 0.24,-0.56 0.45,-1.12 0.64,-1.67 z m 1.78,0 c 0.19,0.54 0.41,1.11 0.65,1.68 0.39,-0.04 0.76,-0.1 1.12,-0.18 -0.62,-0.49 -1.21,-0.99 -1.77,-1.5 z m -0.89,0.06 c -0.18,0.54 -0.4,1.11 -0.63,1.68 0.42,0.02 0.84,0.02 1.27,0.01 -0.24,-0.57 -0.45,-1.13 -0.63,-1.68 z m -3.51,2.1 c -2.2,1.68 -4.61,3.27 -6.84,4.63 0.06,0.01 0.1,0.02 0.16,0.03 0.55,0.1 1.24,0.22 1.94,0.31 1.33,0.18 2.77,0.27 3.45,0.18 0.68,-0.73 1.59,-2.17 2.4,-3.79 0.17,-0.34 0.34,-0.69 0.5,-1.03 -0.56,-0.08 -1.1,-0.19 -1.62,-0.33 z m 7.03,0.01 c -0.52,0.15 -1.06,0.26 -1.62,0.34 0.16,0.35 0.32,0.69 0.49,1.02 0.82,1.64 1.74,3.1 2.43,3.82 0.6,0.18 2.07,0.12 3.42,-0.09 0.8,-0.13 1.56,-0.29 2.15,-0.43 -2.23,-1.36 -4.66,-2.96 -6.86,-4.65 z m -4.51,0.42 c -0.2,0.45 -0.41,0.89 -0.63,1.33 -0.7,1.4 -1.45,2.66 -2.15,3.53 2.51,0.47 5.01,0.44 7.53,-0.01 -0.7,-0.88 -1.45,-2.14 -2.14,-3.53 -0.21,-0.43 -0.42,-0.88 -0.62,-1.32 -0.66,0.04 -1.33,0.04 -1.99,-0.01 z m -9.05,5.14 c 0.07,0.16 0.17,0.32 0.28,0.47 0.33,0.45 0.8,0.83 1.44,0.92 0.62,0.09 1.51,-0.14 2.22,-0.5 0.25,-0.13 0.47,-0.26 0.65,-0.4 -0.85,0.01 -1.88,-0.1 -2.89,-0.24 -0.6,-0.08 -1.18,-0.17 -1.68,-0.26 z m 20.05,0.06 c -0.5,0.1 -1.05,0.21 -1.65,0.31 -0.95,0.15 -1.92,0.28 -2.75,0.24 0.14,0.1 0.31,0.2 0.49,0.29 0.7,0.36 1.61,0.59 2.22,0.5 0.63,-0.1 1.11,-0.47 1.44,-0.92 0.1,-0.13 0.18,-0.27 0.24,-0.41 z m -6.76,0.61 c -2.16,0.32 -4.33,0.34 -6.49,0.01 0.81,0.68 2.02,1.47 3.24,1.47 1.22,0 2.44,-0.8 3.25,-1.48 z m -7.53,0.28 -1.25,8.74 c 0.12,-0.12 0.24,-0.26 0.37,-0.41 0.59,-0.68 1.33,-1.64 2.03,-2.7 0.78,-1.17 1.52,-2.49 2.03,-3.7 -1.37,-0.35 -2.52,-1.28 -3.18,-1.92 z m 8.56,0 c -0.67,0.64 -1.81,1.57 -3.18,1.92 0.51,1.21 1.24,2.53 2.03,3.7 0.7,1.06 1.44,2.02 2.03,2.7 0.13,0.15 0.26,0.29 0.37,0.41 z m -9.49,0.42 c -0.16,0.1 -0.33,0.2 -0.51,0.3 -0.82,0.42 -1.83,0.72 -2.74,0.58 -0.1,-0.02 -0.2,-0.04 -0.3,-0.06 -0.02,0.54 -0.04,1.09 -0.08,1.62 l 0.06,0.11 c 0.21,0.43 0.6,0.68 1.18,0.79 0.53,0.1 1.21,0.04 1.94,-0.18 z m 10.42,0 0.45,3.15 c 0.73,0.23 1.41,0.28 1.94,0.18 0.57,-0.1 0.96,-0.36 1.18,-0.79 l 0.06,-0.11 c -0.03,-0.54 -0.06,-1.08 -0.07,-1.62 -0.09,0.03 -0.19,0.04 -0.3,0.06 -0.91,0.14 -1.92,-0.16 -2.74,-0.58 -0.18,-0.09 -0.35,-0.19 -0.51,-0.3 z m -5.41,1.64 c -0.54,1.35 -1.36,2.76 -2.21,4.04 -0.37,0.56 -0.75,1.1 -1.12,1.58 2.37,-0.51 4.72,-0.52 7.06,-0.01 -0.36,-0.48 -0.74,-1.01 -1.12,-1.57 -0.85,-1.28 -1.67,-2.69 -2.21,-4.04 -0.07,0.01 -0.13,0.01 -0.2,0.01 -0.07,0 -0.13,0 -0.2,-0.01 z m -8.74,2.03 c -0.18,1.63 -0.52,3.19 -1.16,4.63 0.88,0.3 2.47,0.73 3.61,0.62 l 0.69,-4.84 c -0.69,0.17 -1.36,0.21 -1.96,0.1 -0.44,-0.08 -0.85,-0.25 -1.18,-0.51 z m 17.87,0 c -0.34,0.26 -0.74,0.43 -1.18,0.51 -0.6,0.11 -1.27,0.07 -1.96,-0.1 l 0.69,4.84 c 1.14,0.1 2.73,-0.33 3.61,-0.62 -0.64,-1.44 -0.98,-3 -1.16,-4.63 z m 11.97,-2.61 -5.7,5.7 -0.61,-0.63 q -0.2,-0.2 -0.16,-0.4 0.05,-0.2 0.22,-0.38 l 2.87,-2.85 q 0.23,-0.24 0.44,-0.43 0.22,-0.19 0.42,-0.34 -0.51,0.07 -1.07,0.11 -0.55,0.03 -1.13,0.03 h -13.02 v -1.63 h 13.02 q 0.59,0 1.14,0.04 0.56,0.04 1.06,0.11 -0.2,-0.16 -0.41,-0.35 -0.21,-0.19 -0.45,-0.43 l -2.89,-2.87 q -0.18,-0.18 -0.22,-0.38 -0.04,-0.2 0.15,-0.4 l 0.62,-0.64 z m -40.72,7.65 q -0.21,0.56 -0.66,0.83 -0.43,0.27 -0.9,0.27 h -1.2 l 9.62,-23.95 q 0.19,-0.51 0.58,-0.78 0.4,-0.27 0.91,-0.27 h 1.22 z m -7.08,-24.35 c 0.69,0.53 1.25,1.23 1.66,2 0.48,0.91 0.76,1.94 0.73,2.94 0.69,-0.93 0.82,-2.2 0.25,-3.29 -0.54,-1.02 -1.56,-1.61 -2.64,-1.65 z m -1.36,0.34 c -0.21,0.99 -0.01,2.15 0.52,3.14 0.49,0.93 1.27,1.72 2.14,2.13 0.21,-1 0,-2.15 -0.53,-3.15 -0.5,-0.93 -1.26,-1.72 -2.13,-2.13 z m -1.1,0.76 c -0.79,0.93 -0.98,2.28 -0.37,3.43 0.6,1.15 1.82,1.76 3.04,1.63 -0.81,-0.54 -1.48,-1.33 -1.95,-2.21 -0.46,-0.88 -0.73,-1.88 -0.73,-2.86 z m 1.45,6.07 c -0.34,0 -1.06,0.19 -1.73,0.6 -0.77,0.48 -1.49,1.2 -1.82,1.98 -0.05,0.12 -0.21,0.7 -0.42,1.41 -0.2,0.7 -0.47,1.56 -0.83,2.41 -0.36,0.85 -0.8,1.7 -1.38,2.38 -0.58,0.68 -1.31,1.21 -2.22,1.3 -0.74,0.08 -1.44,-0.22 -2.08,-0.64 -0.65,-0.42 -1.26,-0.97 -1.79,-1.53 -1.06,-1.11 -1.82,-2.25 -1.82,-2.25 l -0.25,-0.37 0.34,-0.29 c 1.22,-1.05 1.32,-2.4 1.28,-3.53 -1.02,0.53 -1.95,1.22 -2.26,1.84 l -0.21,0.39 -0.42,-0.16 c -0.58,-0.22 -1.19,-0.26 -1.82,-0.32 -0.43,-0.04 -0.88,-0.1 -1.32,-0.24 -0.02,0.47 0.22,0.83 0.63,1.2 0.55,0.49 1.45,0.89 2.25,1.13 l 0.34,0.1 0.02,0.36 c 0,0 0.08,1.59 0.44,3.36 0.37,1.77 1.09,3.68 2,4.26 1.56,1.01 3.68,1.43 5.81,1.3 -0.13,-0.12 -0.26,-0.25 -0.38,-0.37 -0.47,-0.48 -0.82,-0.92 -1.02,-1.32 l 0.92,-0.43 c 0.09,0.2 0.39,0.62 0.81,1.04 0.42,0.43 0.95,0.88 1.52,1.25 0.57,0.37 1.17,0.66 1.7,0.78 0.45,0.1 0.82,0.08 1.14,-0.07 -0.02,-0.08 -0.03,-0.14 -0.09,-0.27 -0.14,-0.34 -0.41,-0.82 -0.7,-1.28 -0.57,-0.93 -1.24,-1.82 -1.24,-1.82 l 0.81,-0.6 c 0,0 0.62,0.84 1.21,1.78 0.65,-0.36 1.24,-0.78 1.74,-1.27 0.86,-0.84 1.21,-3.01 1.22,-4.96 0.01,-1.95 -0.25,-3.64 -0.25,-3.64 l -0.02,-0.13 0.05,-0.12 c 0.15,-0.38 0.28,-1.3 0.26,-2.06 -0.02,-0.38 -0.08,-0.73 -0.16,-0.94 -0.08,-0.22 -0.15,-0.24 -0.14,-0.24 -0.03,-0.01 -0.08,-0.01 -0.12,-0.01 z m -1.78,1.56 c 0.28,0 0.51,0.23 0.51,0.51 0,0.28 -0.23,0.51 -0.51,0.51 -0.28,0 -0.51,-0.23 -0.51,-0.51 0,-0.28 0.23,-0.51 0.51,-0.51 z m 2.13,10.67 c -0.14,0.21 -0.3,0.41 -0.48,0.59 -0.45,0.44 -0.95,0.83 -1.5,1.17 0.52,0.16 1.09,0.26 1.67,0.31 1.35,0.12 2.69,-0.04 3.47,-0.24 -0.03,-0.05 -0.06,-0.11 -0.12,-0.2 -0.21,-0.26 -0.59,-0.59 -1.05,-0.87 -0.57,-0.35 -1.28,-0.63 -1.99,-0.77 z" style="fill:#333333;stroke:none" />
  </g>
  <g id="reward-right-09">
    <polygon points="680,315 525,315 525,351 680,351 670,333" style="fill:#a8c0a0;stroke:#000000;stroke-width:0.5px" />
    <path d="m 646.96,323.09 c -0.29,-0.01 -0.55,0.07 -0.65,0.3 -0.67,1.49 -3.8,1.14 -3.8,1.14 0,0 3.31,1.47 3.81,0.37 0.16,-0.34 0.62,-0.16 1.04,0.11 v 0.67 h 0.86 v -2.29 h -0.02 v 0 c 0,0 -0.69,-0.29 -1.25,-0.3 z m -0.06,3.73 c -0.56,0.5 -1.14,1 -1.76,1.49 0.36,0.08 0.73,0.14 1.12,0.18 0.24,-0.56 0.45,-1.12 0.64,-1.67 z m 1.78,0 c 0.19,0.54 0.41,1.11 0.65,1.68 0.39,-0.04 0.76,-0.1 1.12,-0.18 -0.62,-0.49 -1.21,-0.99 -1.77,-1.5 z m -0.89,0.06 c -0.18,0.54 -0.4,1.11 -0.63,1.68 0.42,0.02 0.84,0.02 1.27,0.01 -0.24,-0.57 -0.45,-1.13 -0.63,-1.68 z m -3.51,2.1 c -2.2,1.68 -4.61,3.27 -6.84,4.63 0.06,0.01 0.1,0.02 0.16,0.03 0.55,0.1 1.24,0.22 1.94,0.31 1.33,0.18 2.77,0.27 3.45,0.18 0.68,-0.73 1.59,-2.17 2.4,-3.79 0.17,-0.34 0.34,-0.69 0.5,-1.03 -0.56,-0.08 -1.1,-0.19 -1.62,-0.33 z m 7.03,0.01 c -0.52,0.15 -1.06,0.26 -1.62,0.34 0.16,0.35 0.32,0.69 0.49,1.02 0.82,1.64 1.74,3.1 2.43,3.82 0.6,0.18 2.07,0.12 3.42,-0.09 0.8,-0.13 1.56,-0.29 2.15,-0.43 -2.23,-1.36 -4.66,-2.96 -6.86,-4.65 z m -4.51,0.42 c -0.2,0.45 -0.41,0.89 -0.63,1.33 -0.7,1.4 -1.45,2.66 -2.15,3.53 2.51,0.47 5.01,0.44 7.53,-0.01 -0.7,-0.88 -1.45,-2.14 -2.14,-3.53 -0.21,-0.43 -0.42,-0.88 -0.62,-1.32 -0.66,0.04 -1.33,0.04 -1.99,-0.01 z m -9.05,5.14 c 0.07,0.16 0.17,0.32 0.28,0.47 0.33,0.45 0.8,0.83 1.44,0.92 0.62,0.09 1.51,-0.14 2.22,-0.5 0.25,-0.13 0.47,-0.26 0.65,-0.4 -0.85,0.01 -1.88,-0.1 -2.89,-0.24 -0.6,-0.08 -1.18,-0.17 -1.68,-0.26 z m 20.05,0.06 c -0.5,0.1 -1.05,0.21 -1.65,0.31 -0.95,0.15 -1.92,0.28 -2.75,0.24 0.14,0.1 0.31,0.2 0.49,0.29 0.7,0.36 1.61,0.59 2.22,0.5 0.63,-0.1 1.11,-0.47 1.44,-0.92 0.1,-0.13 0.18,-0.27 0.24,-0.41 z m -6.76,0.61 c -2.16,0.32 -4.33,0.34 -6.49,0.01 0.81,0.68 2.02,1.47 3.24,1.47 1.22,0 2.44,-0.8 3.25,-1.48 z m -7.53,0.28 -1.25,8.74 c 0.12,-0.12 0.24,-0.26 0.37,-0.41 0.59,-0.68 1.33,-1.64 2.03,-2.7 0.78,-1.17 1.52,-2.49 2.03,-3.7 -1.37,-0.35 -2.52,-1.28 -3.18,-1.92 z m 8.56,0 c -0.67,0.64 -1.81,1.57 -3.18,1.92 0.51,1.21 1.24,2.53 2.03,3.7 0.7,1.06 1.44,2.02 2.03,2.7 0.13,0.15 0.26,0.29 0.37,0.41 z m -9.49,0.42 c -0.16,0.1 -0.33,0.2 -0.51,0.3 -0.82,0.42 -1.83,0.72 -2.74,0.58 -0.1,-0.02 -0.2,-0.04 -0.3,-0.06 -0.02,0.54 -0.04,1.09 -0.08,1.62 l 0.06,0.11 c 0.21,0.43 0.6,0.68 1.18,0.79 0.53,0.1 1.21,0.04 1.94,-0.18 z m 10.42,0 0.45,3.15 c 0.73,0.23 1.41,0.28 1.94,0.18 0.57,-0.1 0.96,-0.36 1.18,-0.79 l 0.06,-0.11 c -0.03,-0.54 -0.06,-1.08 -0.07,-1.62 -0.09,0.03 -0.19,0.04 -0.3,0.06 -0.91,0.14 -1.92,-0.16 -2.74,-0.58 -0.18,-0.09 -0.35,-0.19 -0.51,-0.3 z m -5.41,1.64 c -0.54,1.35 -1.36,2.76 -2.21,4.04 -0.37,0.56 -0.75,1.1 -1.12,1.58 2.37,-0.51 4.72,-0.52 7.06,-0.01 -0.36,-0.48 -0.74,-1.01 -1.12,-1.57 -0.85,-1.28 -1.67,-2.69 -2.21,-4.04 -0.07,0.01 -0.13,0.01 -0.2,0.01 -0.07,0 -0.13,0 -0.2,-0.01 z m -8.74,2.03 c -0.18,1.63 -0.52,3.19 -1.16,4.63 0.88,0.3 2.47,0.73 3.61,0.62 l 0.69,-4.84 c -0.69,0.17 -1.36,0.21 -1.96,0.1 -0.44,-0.08 -0.85,-0.25 -1.18,-0.51 z m 17.87,0 c -0.34,0.26 -0.74,0.43 -1.18,0.51 -0.6,0.11 -1.27,0.07 -1.96,-0.1 l 0.69,4.84 c 1.14,0.1 2.73,-0.33 3.61,-0.62 -0.64,-1.44 -0.98,-3 -1.16,-4.63 z m 11.97,-2.61 -5.7,5.7 -0.61,-0.63 q -0.2,-0.2 -0.16,-0.4 0.05,-0.2 0.22,-0.38 l 2.87,-2.85 q 0.23,-0.24 0.44,-0.43 0.22,-0.19 0.42,-0.34 -0.51,0.07 -1.07,0.11 -0.55,0.03 -1.13,0.03 h -13.02 v -1.63 h 13.02 q 0.59,0 1.14,0.04 0.56,0.04 1.06,0.11 -0.2,-0.16 -0.41,-0.35 -0.21,-0.19 -0.45,-0.43 l -2.89,-2.87 q -0.18,-0.18 -0.22,-0.38 -0.04,-0.2 0.15,-0.4 l 0.62,-0.64 z m -40.72,7.65 q -0.21,0.56 -0.66,0.83 -0.43,0.27 -0.9,0.27 h -1.2 l 9.62,-23.95 q 0.19,-0.51 0.58,-0.78 0.4,-0.27 0.91,-0.27 h 1.22 z m -7.08,-24.35 c 0.69,0.53 1.25,1.23 1.66,2 0.48,0.91 0.76,1.94 0.73,2.94 0.69,-0.93 0.82,-2.2 0.25,-3.29 -0.54,-1.02 -1.56,-1.61 -2.64,-1.65 z m -1.36,0.34 c -0.21,0.99 -0.01,2.15 0.52,3.14 0.49,0.93 1.27,1.72 2.14,2.13 0.21,-1 0,-2.15 -0.53,-3.15 -0.5,-0.93 -1.26,-1.72 -2.13,-2.13 z m -1.1,0.76 c -0.79,0.93 -0.98,2.28 -0.37,3.43 0.6,1.15 1.82,1.76 3.04,1.63 -0.81,-0.54 -1.48,-1.33 -1.95,-2.21 -0.46,-0.88 -0.73,-1.88 -0.73,-2.86 z m 1.45,6.07 c -0.34,0 -1.06,0.19 -1.73,0.6 -0.77,0.48 -1.49,1.2 -1.82,1.98 -0.05,0.12 -0.21,0.7 -0.42,1.41 -0.2,0.7 -0.47,1.56 -0.83,2.41 -0.36,0.85 -0.8,1.7 -1.38,2.38 -0.58,0.68 -1.31,1.21 -2.22,1.3 -0.74,0.08 -1.44,-0.22 -2.08,-0.64 -0.65,-0.42 -1.26,-0.97 -1.79,-1.53 -1.06,-1.11 -1.82,-2.25 -1.82,-2.25 l -0.25,-0.37 0.34,-0.29 c 1.22,-1.05 1.32,-2.4 1.28,-3.53 -1.02,0.53 -1.95,1.22 -2.26,1.84 l -0.21,0.39 -0.42,-0.16 c -0.58,-0.22 -1.19,-0.26 -1.82,-0.32 -0.43,-0.04 -0.88,-0.1 -1.32,-0.24 -0.02,0.47 0.22,0.83 0.63,1.2 0.55,0.49 1.45,0.89 2.25,1.13 l 0.34,0.1 0.02,0.36 c 0,0 0.08,1.59 0.44,3.36 0.37,1.77 1.09,3.68 2,4.26 1.56,1.01 3.68,1.43 5.81,1.3 -0.13,-0.12 -0.26,-0.25 -0.38,-0.37 -0.47,-0.48 -0.82,-0.92 -1.02,-1.32 l 0.92,-0.43 c 0.09,0.2 0.39,0.62 0.81,1.04 0.42,0.43 0.95,0.88 1.52,1.25 0.57,0.37 1.17,0.66 1.7,0.78 0.45,0.1 0.82,0.08 1.14,-0.07 -0.02,-0.08 -0.03,-0.14 -0.09,-0.27 -0.14,-0.34 -0.41,-0.82 -0.7,-1.28 -0.57,-0.93 -1.24,-1.82 -1.24,-1.82 l 0.81,-0.6 c 0,0 0.62,0.84 1.21,1.78 0.65,-0.36 1.24,-0.78 1.74,-1.27 0.86,-0.84 1.21,-3.01 1.22,-4.96 0.01,-1.95 -0.25,-3.64 -0.25,-3.64 l -0.02,-0.13 0.05,-0.12 c 0.15,-0.38 0.28,-1.3 0.26,-2.06 -0.02,-0.38 -0.08,-0.73 -0.16,-0.94 -0.08,-0.22 -0.15,-0.24 -0.14,-0.24 -0.03,-0.01 -0.08,-0.01 -0.12,-0.01 z m -1.78,1.56 c 0.28,0 0.51,0.23 0.51,0.51 0,0.28 -0.23,0.51 -0.51,0.51 -0.28,0 -0.51,-0.23 -0.51,-0.51 0,-0.28 0.23,-0.51 0.51,-0.51 z m 2.13,10.67 c -0.14,0.21 -0.3,0.41 -0.48,0.59 -0.45,0.44 -0.95,0.83 -1.5,1.17 0.52,0.16 1.09,0.26 1.67,0.31 1.35,0.12 2.69,-0.04 3.47,-0.24 -0.03,-0.05 -0.06,-0.11 -0.12,-0.2 -0.21,-0.26 -0.59,-0.59 -1.05,-0.87 -0.57,-0.35 -1.28,-0.63 -1.99,-0.77 z" style="fill:#333333;stroke:none" />
  </g>
  <g id="reward-right-10">
    <polygon points="680,273 525,273 525,309 680,309 670,291" style="fill:#c8e0c0;stroke:#000000;stroke-width:0.5px" />
    <path d="m 622.96,288.40 v 4.27 h 4.08 v 1.35 h -4.08 v 4.3 h -1.45 v -4.3 h -4.06 v -1.35 h 4.06 v -4.27 z m 17.92634,-8.546 c -0.29868,-0.006 -0.56355,0.0676 -0.67062,0.30432 -0.69,1.53 -3.89,1.17 -3.89,1.17 0,0 3.39,1.5 3.91,0.38 0.16,-0.35 0.63,-0.16 1.07,0.11 v 0.69 h 0.88 v -2.34 h -0.02 v 0 c 0,0 -0.7,-0.29 -1.28,-0.3 z m -0.06,3.82 c -0.57,0.51 -1.17,1.02 -1.8,1.52 0.37,0.08 0.75,0.14 1.14,0.19 0.24,-0.57 0.46,-1.15 0.66,-1.71 z m 1.83,0 c 0.19,0.56 0.42,1.14 0.66,1.72 0.39,-0.05 0.78,-0.11 1.15,-0.19 -0.63,-0.5 -1.24,-1.01 -1.81,-1.53 z m -0.91,0.06 c -0.19,0.56 -0.41,1.14 -0.65,1.72 0.43,0.02 0.86,0.02 1.3,0.01 -0.24,-0.58 -0.46,-1.16 -0.65,-1.72 z m -3.6,2.15 c -2.25,1.72 -4.72,3.35 -7,4.75 0.06,0.01 0.1,0.02 0.16,0.03 0.56,0.11 1.27,0.23 1.99,0.32 1.36,0.18 2.84,0.28 3.53,0.19 0.69,-0.74 1.63,-2.23 2.46,-3.88 0.17,-0.35 0.34,-0.7 0.51,-1.06 -0.57,-0.08 -1.13,-0.19 -1.66,-0.34 z m 7.2,0.01 c -0.53,0.15 -1.09,0.27 -1.66,0.34 0.16,0.36 0.33,0.7 0.5,1.05 0.84,1.68 1.79,3.18 2.49,3.91 0.61,0.19 2.12,0.12 3.5,-0.1 0.82,-0.13 1.6,-0.3 2.2,-0.45 -2.29,-1.4 -4.77,-3.03 -7.03,-4.76 z m -4.62,0.43 c -0.2,0.46 -0.42,0.91 -0.64,1.36 -0.72,1.43 -1.48,2.72 -2.2,3.62 2.57,0.48 5.13,0.45 7.71,-0.01 -0.72,-0.9 -1.48,-2.19 -2.19,-3.61 -0.22,-0.44 -0.43,-0.9 -0.64,-1.35 -0.68,0.05 -1.36,0.04 -2.04,-0.01 z m -9.26,5.26 c 0.07,0.16 0.17,0.33 0.28,0.48 0.34,0.46 0.82,0.85 1.47,0.95 0.63,0.1 1.55,-0.14 2.27,-0.51 0.25,-0.13 0.48,-0.27 0.66,-0.41 -0.87,0.01 -1.93,-0.1 -2.96,-0.24 -0.61,-0.08 -1.21,-0.17 -1.72,-0.27 z m 20.54,0.06 c -0.51,0.11 -1.08,0.22 -1.69,0.32 -0.97,0.15 -1.96,0.28 -2.81,0.25 0.15,0.1 0.32,0.2 0.5,0.3 0.72,0.37 1.65,0.6 2.27,0.51 0.65,-0.1 1.13,-0.48 1.47,-0.95 0.1,-0.14 0.18,-0.28 0.25,-0.42 z m -6.92,0.63 c -2.21,0.33 -4.43,0.35 -6.64,0.01 0.83,0.69 2.07,1.5 3.31,1.5 1.25,0 2.5,-0.82 3.33,-1.52 z m -7.71,0.28 -1.28,8.95 c 0.12,-0.12 0.25,-0.26 0.38,-0.42 0.61,-0.7 1.36,-1.68 2.08,-2.77 0.8,-1.2 1.56,-2.55 2.07,-3.79 -1.4,-0.36 -2.58,-1.31 -3.26,-1.97 z m 8.77,0 c -0.68,0.66 -1.85,1.61 -3.26,1.97 0.52,1.23 1.27,2.59 2.07,3.79 0.72,1.09 1.47,2.07 2.08,2.77 0.14,0.16 0.26,0.3 0.38,0.42 z m -9.72,0.43 c -0.16,0.11 -0.34,0.21 -0.52,0.3 -0.84,0.43 -1.87,0.74 -2.81,0.59 -0.11,-0.02 -0.21,-0.04 -0.3,-0.06 -0.02,0.56 -0.04,1.12 -0.07,1.66 l 0.06,0.11 c 0.22,0.44 0.61,0.7 1.21,0.81 0.55,0.1 1.24,0.05 1.98,-0.19 l 0.46,-3.23 z m 10.67,0 0.46,3.23 c 0.74,0.23 1.44,0.29 1.98,0.19 0.59,-0.11 0.99,-0.37 1.21,-0.81 l 0.06,-0.11 c -0.03,-0.55 -0.06,-1.1 -0.07,-1.66 -0.1,0.03 -0.2,0.05 -0.3,0.06 -0.94,0.14 -1.97,-0.16 -2.81,-0.59 -0.19,-0.1 -0.36,-0.2 -0.52,-0.3 z m -5.54,1.68 c -0.55,1.38 -1.4,2.83 -2.27,4.14 -0.38,0.57 -0.77,1.12 -1.14,1.62 2.43,-0.52 4.84,-0.54 7.22,-0.01 -0.37,-0.5 -0.76,-1.04 -1.14,-1.61 -0.87,-1.31 -1.71,-2.76 -2.27,-4.14 -0.07,0.01 -0.14,0.01 -0.2,0.01 -0.07,0 -0.14,0 -0.2,-0.01 z m -8.95,2.08 c -0.19,1.67 -0.53,3.27 -1.18,4.74 0.9,0.3 2.53,0.74 3.7,0.64 l 0.71,-4.95 c -0.71,0.17 -1.39,0.21 -2.01,0.1 -0.45,-0.08 -0.87,-0.26 -1.21,-0.52 z m 18.3,0 c -0.34,0.26 -0.76,0.45 -1.21,0.52 -0.61,0.11 -1.3,0.07 -2.01,-0.1 l 0.71,4.95 c 1.17,0.1 2.8,-0.34 3.7,-0.64 -0.65,-1.47 -1,-3.07 -1.18,-4.74 z" style="fill:#333333;stroke:none" />
  </g>
  <g id="reward-right-12">
    <polygon points="680,189 525,189 525,225 680,225 670,207" style="fill:#c8e0c0;stroke:#000000;stroke-width:0.5px" />
    <path d="m 635.40,195.28 q 1.46,0 2.69,0.42 1.23,0.42 2.11,1.18 0.90,0.77 1.39,1.86 0.50,1.09 0.50,2.42 0,1.09 -0.29,1.95 -0.27,0.85 -0.80,1.50 -0.51,0.64 -1.25,1.09 -0.74,0.45 -1.65,0.72 2.24,0.59 3.36,1.98 1.14,1.39 1.14,3.49 0,1.58 -0.61,2.85 -0.59,1.26 -1.63,2.16 -1.04,0.88 -2.43,1.36 -1.38,0.46 -2.96,0.46 -1.82,0 -3.12,-0.45 -1.30,-0.46 -2.19,-1.26 -0.90,-0.80 -1.47,-1.89 -0.58,-1.10 -0.98,-2.38 l 1.23,-0.51 q 0.48,-0.21 0.93,-0.11 0.46,0.10 0.67,0.53 0.21,0.45 0.51,1.07 0.32,0.62 0.86,1.20 0.54,0.58 1.38,0.98 0.85,0.40 2.14,0.40 1.20,0 2.10,-0.38 0.91,-0.40 1.50,-1.02 0.61,-0.62 0.91,-1.39 0.30,-0.77 0.30,-1.52 0,-0.93 -0.24,-1.70 -0.24,-0.77 -0.90,-1.33 -0.66,-0.56 -1.81,-0.88 -1.14,-0.32 -2.93,-0.32 v -2.06 q 1.47,-0.02 2.50,-0.32 1.04,-0.30 1.68,-0.83 0.66,-0.53 0.94,-1.26 0.30,-0.74 0.30,-1.63 0,-0.99 -0.32,-1.73 -0.30,-0.74 -0.85,-1.22 -0.54,-0.48 -1.30,-0.72 -0.74,-0.24 -1.60,-0.24 -0.86,0 -1.62,0.26 -0.74,0.26 -1.31,0.72 -0.56,0.45 -0.94,1.07 -0.38,0.62 -0.54,1.38 -0.21,0.56 -0.53,0.75 -0.30,0.18 -0.90,0.10 l -1.49,-0.26 q 0.22,-1.57 0.86,-2.77 0.64,-1.22 1.62,-2.03 0.99,-0.82 2.26,-1.23 1.28,-0.43 2.75,-0.43 z" style="fill:#333333;stroke:none" />
  </g>
  <g id="reward-right-13">
    <polygon points="680,147 525,147 525,183 680,183 670,165" style="fill:#a8c0a0;stroke:#000000;stroke-width:0.5px" />
    <path d="m 646.96,155.09 c -0.29,-0.01 -0.55,0.07 -0.65,0.3 -0.67,1.49 -3.8,1.14 -3.8,1.14 0,0 3.31,1.47 3.81,0.37 0.16,-0.34 0.62,-0.16 1.04,0.11 v 0.67 h 0.86 v -2.29 h -0.02 v 0 c 0,0 -0.69,-0.29 -1.25,-0.3 z m -0.06,3.73 c -0.56,0.5 -1.14,1 -1.76,1.49 0.36,0.08 0.73,0.14 1.12,0.18 0.24,-0.56 0.45,-1.12 0.64,-1.67 z m 1.78,0 c 0.19,0.54 0.41,1.11 0.65,1.68 0.39,-0.04 0.76,-0.1 1.12,-0.18 -0.62,-0.49 -1.21,-0.99 -1.77,-1.5 z m -0.89,0.06 c -0.18,0.54 -0.4,1.11 -0.63,1.68 0.42,0.02 0.84,0.02 1.27,0.01 -0.24,-0.57 -0.45,-1.13 -0.63,-1.68 z m -3.51,2.1 c -2.2,1.68 -4.61,3.27 -6.84,4.63 0.06,0.01 0.1,0.02 0.16,0.03 0.55,0.1 1.24,0.22 1.94,0.31 1.33,0.18 2.77,0.27 3.45,0.18 0.68,-0.73 1.59,-2.17 2.4,-3.79 0.17,-0.34 0.34,-0.69 0.5,-1.03 -0.56,-0.08 -1.1,-0.19 -1.62,-0.33 z m 7.03,0.01 c -0.52,0.15 -1.06,0.26 -1.62,0.34 0.16,0.35 0.32,0.69 0.49,1.02 0.82,1.64 1.74,3.1 2.43,3.82 0.6,0.18 2.07,0.12 3.42,-0.09 0.8,-0.13 1.56,-0.29 2.15,-0.43 -2.23,-1.36 -4.66,-2.96 -6.86,-4.65 z m -4.51,0.42 c -0.2,0.45 -0.41,0.89 -0.63,1.33 -0.7,1.4 -1.45,2.66 -2.15,3.53 2.51,0.47 5.01,0.44 7.53,-0.01 -0.7,-0.88 -1.45,-2.14 -2.14,-3.53 -0.21,-0.43 -0.42,-0.88 -0.62,-1.32 -0.66,0.04 -1.33,0.04 -1.99,-0.01 z m -9.05,5.14 c 0.07,0.16 0.17,0.32 0.28,0.47 0.33,0.45 0.8,0.83 1.44,0.92 0.62,0.09 1.51,-0.14 2.22,-0.5 0.25,-0.13 0.47,-0.26 0.65,-0.4 -0.85,0.01 -1.88,-0.1 -2.89,-0.24 -0.6,-0.08 -1.18,-0.17 -1.68,-0.26 z m 20.05,0.06 c -0.5,0.1 -1.05,0.21 -1.65,0.31 -0.95,0.15 -1.92,0.28 -2.75,0.24 0.14,0.1 0.31,0.2 0.49,0.29 0.7,0.36 1.61,0.59 2.22,0.5 0.63,-0.1 1.11,-0.47 1.44,-0.92 0.1,-0.13 0.18,-0.27 0.24,-0.41 z m -6.76,0.61 c -2.16,0.32 -4.33,0.34 -6.49,0.01 0.81,0.68 2.02,1.47 3.24,1.47 1.22,0 2.44,-0.8 3.25,-1.48 z m -7.53,0.28 -1.25,8.74 c 0.12,-0.12 0.24,-0.26 0.37,-0.41 0.59,-0.68 1.33,-1.64 2.03,-2.7 0.78,-1.17 1.52,-2.49 2.03,-3.7 -1.37,-0.35 -2.52,-1.28 -3.18,-1.92 z m 8.56,0 c -0.67,0.64 -1.81,1.57 -3.18,1.92 0.51,1.21 1.24,2.53 2.03,3.7 0.7,1.06 1.44,2.02 2.03,2.7 0.13,0.15 0.26,0.29 0.37,0.41 z m -9.49,0.42 c -0.16,0.1 -0.33,0.2 -0.51,0.3 -0.82,0.42 -1.83,0.72 -2.74,0.58 -0.1,-0.02 -0.2,-0.04 -0.3,-0.06 -0.02,0.54 -0.04,1.09 -0.08,1.62 l 0.06,0.11 c 0.21,0.43 0.6,0.68 1.18,0.79 0.53,0.1 1.21,0.04 1.94,-0.18 z m 10.42,0 0.45,3.15 c 0.73,0.23 1.41,0.28 1.94,0.18 0.57,-0.1 0.96,-0.36 1.18,-0.79 l 0.06,-0.11 c -0.03,-0.54 -0.06,-1.08 -0.07,-1.62 -0.09,0.03 -0.19,0.04 -0.3,0.06 -0.91,0.14 -1.92,-0.16 -2.74,-0.58 -0.18,-0.09 -0.35,-0.19 -0.51,-0.3 z m -5.41,1.64 c -0.54,1.35 -1.36,2.76 -2.21,4.04 -0.37,0.56 -0.75,1.1 -1.12,1.58 2.37,-0.51 4.72,-0.52 7.06,-0.01 -0.36,-0.48 -0.74,-1.01 -1.12,-1.57 -0.85,-1.28 -1.67,-2.69 -2.21,-4.04 -0.07,0.01 -0.13,0.01 -0.2,0.01 -0.07,0 -0.13,0 -0.2,-0.01 z m -8.74,2.03 c -0.18,1.63 -0.52,3.19 -1.16,4.63 0.88,0.3 2.47,0.73 3.61,0.62 l 0.69,-4.84 c -0.69,0.17 -1.36,0.21 -1.96,0.1 -0.44,-0.08 -0.85,-0.25 -1.18,-0.51 z m 17.87,0 c -0.34,0.26 -0.74,0.43 -1.18,0.51 -0.6,0.11 -1.27,0.07 -1.96,-0.1 l 0.69,4.84 c 1.14,0.1 2.73,-0.33 3.61,-0.62 -0.64,-1.44 -0.98,-3 -1.16,-4.63 z m 11.97,-2.61 -5.7,5.7 -0.61,-0.63 q -0.2,-0.2 -0.16,-0.4 0.05,-0.2 0.22,-0.38 l 2.87,-2.85 q 0.23,-0.24 0.44,-0.43 0.22,-0.19 0.42,-0.34 -0.51,0.07 -1.07,0.11 -0.55,0.03 -1.13,0.03 h -13.02 v -1.63 h 13.02 q 0.59,0 1.14,0.04 0.56,0.04 1.06,0.11 -0.2,-0.16 -0.41,-0.35 -0.21,-0.19 -0.45,-0.43 l -2.89,-2.87 q -0.18,-0.18 -0.22,-0.38 -0.04,-0.2 0.15,-0.4 l 0.62,-0.64 z m -40.72,7.65 q -0.21,0.56 -0.66,0.83 -0.43,0.27 -0.9,0.27 h -1.2 l 9.62,-23.95 q 0.19,-0.51 0.58,-0.78 0.4,-0.27 0.91,-0.27 h 1.22 z m -7.08,-24.35 c 0.69,0.53 1.25,1.23 1.66,2 0.48,0.91 0.76,1.94 0.73,2.94 0.69,-0.93 0.82,-2.2 0.25,-3.29 -0.54,-1.02 -1.56,-1.61 -2.64,-1.65 z m -1.36,0.34 c -0.21,0.99 -0.01,2.15 0.52,3.14 0.49,0.93 1.27,1.72 2.14,2.13 0.21,-1 0,-2.15 -0.53,-3.15 -0.5,-0.93 -1.26,-1.72 -2.13,-2.13 z m -1.1,0.76 c -0.79,0.93 -0.98,2.28 -0.37,3.43 0.6,1.15 1.82,1.76 3.04,1.63 -0.81,-0.54 -1.48,-1.33 -1.95,-2.21 -0.46,-0.88 -0.73,-1.88 -0.73,-2.86 z m 1.45,6.07 c -0.34,0 -1.06,0.19 -1.73,0.6 -0.77,0.48 -1.49,1.2 -1.82,1.98 -0.05,0.12 -0.21,0.7 -0.42,1.41 -0.2,0.7 -0.47,1.56 -0.83,2.41 -0.36,0.85 -0.8,1.7 -1.38,2.38 -0.58,0.68 -1.31,1.21 -2.22,1.3 -0.74,0.08 -1.44,-0.22 -2.08,-0.64 -0.65,-0.42 -1.26,-0.97 -1.79,-1.53 -1.06,-1.11 -1.82,-2.25 -1.82,-2.25 l -0.25,-0.37 0.34,-0.29 c 1.22,-1.05 1.32,-2.4 1.28,-3.53 -1.02,0.53 -1.95,1.22 -2.26,1.84 l -0.21,0.39 -0.42,-0.16 c -0.58,-0.22 -1.19,-0.26 -1.82,-0.32 -0.43,-0.04 -0.88,-0.1 -1.32,-0.24 -0.02,0.47 0.22,0.83 0.63,1.2 0.55,0.49 1.45,0.89 2.25,1.13 l 0.34,0.1 0.02,0.36 c 0,0 0.08,1.59 0.44,3.36 0.37,1.77 1.09,3.68 2,4.26 1.56,1.01 3.68,1.43 5.81,1.3 -0.13,-0.12 -0.26,-0.25 -0.38,-0.37 -0.47,-0.48 -0.82,-0.92 -1.02,-1.32 l 0.92,-0.43 c 0.09,0.2 0.39,0.62 0.81,1.04 0.42,0.43 0.95,0.88 1.52,1.25 0.57,0.37 1.17,0.66 1.7,0.78 0.45,0.1 0.82,0.08 1.14,-0.07 -0.02,-0.08 -0.03,-0.14 -0.09,-0.27 -0.14,-0.34 -0.41,-0.82 -0.7,-1.28 -0.57,-0.93 -1.24,-1.82 -1.24,-1.82 l 0.81,-0.6 c 0,0 0.62,0.84 1.21,1.78 0.65,-0.36 1.24,-0.78 1.74,-1.27 0.86,-0.84 1.21,-3.01 1.22,-4.96 0.01,-1.95 -0.25,-3.64 -0.25,-3.64 l -0.02,-0.13 0.05,-0.12 c 0.15,-0.38 0.28,-1.3 0.26,-2.06 -0.02,-0.38 -0.08,-0.73 -0.16,-0.94 -0.08,-0.22 -0.15,-0.24 -0.14,-0.24 -0.03,-0.01 -0.08,-0.01 -0.12,-0.01 z m -1.78,1.56 c 0.28,0 0.51,0.23 0.51,0.51 0,0.28 -0.23,0.51 -0.51,0.51 -0.28,0 -0.51,-0.23 -0.51,-0.51 0,-0.28 0.23,-0.51 0.51,-0.51 z m 2.13,10.67 c -0.14,0.21 -0.3,0.41 -0.48,0.59 -0.45,0.44 -0.95,0.83 -1.5,1.17 0.52,0.16 1.09,0.26 1.67,0.31 1.35,0.12 2.69,-0.04 3.47,-0.24 -0.03,-0.05 -0.06,-0.11 -0.12,-0.2 -0.21,-0.26 -0.59,-0.59 -1.05,-0.87 -0.57,-0.35 -1.28,-0.63 -1.99,-0.77 z" style="fill:#333333;stroke:none" />
  </g>
  <g id="reward-right-15">
    <polygon points="680,63 525,63 525,99 680,99 670,81" style="fill:#c8e0c0;stroke:#000000;stroke-width:0.5px" />
    <path d="m 635.40,69.28 q 1.46,0 2.69,0.42 1.23,0.42 2.11,1.18 0.90,0.77 1.39,1.86 0.50,1.09 0.50,2.42 0,1.09 -0.29,1.95 -0.27,0.85 -0.80,1.50 -0.51,0.64 -1.25,1.09 -0.74,0.45 -1.65,0.72 2.24,0.59 3.36,1.98 1.14,1.39 1.14,3.49 0,1.58 -0.61,2.85 -0.59,1.26 -1.63,2.16 -1.04,0.88 -2.43,1.36 -1.38,0.46 -2.96,0.46 -1.82,0 -3.12,-0.45 -1.30,-0.46 -2.19,-1.26 -0.90,-0.80 -1.47,-1.89 -0.58,-1.10 -0.98,-2.38 l 1.23,-0.51 q 0.48,-0.21 0.93,-0.11 0.46,0.10 0.67,0.53 0.21,0.45 0.51,1.07 0.32,0.62 0.86,1.20 0.54,0.58 1.38,0.98 0.85,0.40 2.14,0.40 1.20,0 2.10,-0.38 0.91,-0.40 1.50,-1.02 0.61,-0.62 0.91,-1.39 0.30,-0.77 0.30,-1.52 0,-0.93 -0.24,-1.70 -0.24,-0.77 -0.90,-1.33 -0.66,-0.56 -1.81,-0.88 -1.14,-0.32 -2.93,-0.32 v -2.06 q 1.47,-0.02 2.50,-0.32 1.04,-0.30 1.68,-0.83 0.66,-0.53 0.94,-1.26 0.30,-0.74 0.30,-1.63 0,-0.99 -0.32,-1.73 -0.30,-0.74 -0.85,-1.22 -0.54,-0.48 -1.30,-0.72 -0.74,-0.24 -1.60,-0.24 -0.86,0 -1.62,0.26 -0.74,0.26 -1.31,0.72 -0.56,0.45 -0.94,1.07 -0.38,0.62 -0.54,1.38 -0.21,0.56 -0.53,0.75 -0.30,0.18 -0.90,0.10 l -1.49,-0.26 q 0.22,-1.57 0.86,-2.77 0.64,-1.22 1.62,-2.03 0.99,-0.82 2.26,-1.23 1.28,-0.43 2.75,-0.43 z" style="fill:#333333;stroke:none" />
  </g>
  <g id="blue-heading">
    <polygon points="164.75,30.00 148.88,57.50 117.13,57.50 101.25,30.00 117.12,2.50 148.88,2.50" style="fill:#6495ed;stroke:#000000;stroke-width:0.5px" />
    <path d="m 134.53,11.06 c -0.43,1.76 -0.76,3.17 -1.79,4.25 -1.93,2.06 -4.93,3.28 -9.71,1.94 -1.26,-0.36 -2.37,-1.29 -3.5,-2.68 l -1.18,0.96 c 1.23,1.5 2.57,2.7 4.27,3.18 h 0.01 c 1.22,0.35 2.37,0.52 3.44,0.57 0.69,2.29 1.05,4.49 2.47,6.65 0.17,3.44 -0.34,6.13 -0.92,9.45 -2.47,-0.36 -4.96,-1.17 -7.51,-2.58 l -0.35,1.53 c 9.05,4.8 17.4,2.45 26.44,-0.14 l -0.35,-1.49 c -5.56,1.6 -10.66,3.06 -15.75,2.89 0.73,-3.14 1.21,-6.28 1.49,-9.43 3.83,1.33 6.5,2.74 8.82,5.02 l 1.39,-1.33 c -2.15,-2.47 -5.76,-4.83 -9.43,-6.4 -0.56,-1.91 -1.07,-3.3 -1.11,-5.17 1.01,-0.51 1.88,-1.17 2.6,-1.94 1.34,-1.42 1.72,-3.18 2.14,-4.92 z m -7.36,0.56 c -0.08,0 -0.14,0.01 -0.22,0.02 -0.39,0.08 -0.73,0.36 -0.96,0.86 -0.24,0.5 -0.35,1.2 -0.19,1.94 0.14,0.74 0.5,1.35 0.91,1.72 0.41,0.36 0.84,0.5 1.22,0.42 0.39,-0.08 0.73,-0.36 0.96,-0.86 0.24,-0.5 0.34,-1.2 0.19,-1.94 -0.13,-0.73 -0.49,-1.34 -0.9,-1.71 -0.34,-0.3 -0.68,-0.45 -1.01,-0.45 z m -13.68,21.28 v 16.04 h 1.33 l 3.7,-16.04 z m 33.97,0 3.71,16.04 h 1.33 V 32.9 Z" style="fill:#333333" />
  </g>
  <rect id="blue-00" x="90" y="690" width="86" height="42" style="fill:#6495ed;stroke:#000000;stroke-width:0.5px" />
  <rect id="blue-01" x="90" y="648" width="86" height="42" style="fill:#6495ed;stroke:#000000;stroke-width:0.5px" />
  <rect id="blue-02" x="90" y="606" width="86" height="42" style="fill:#6495ed;stroke:#000000;stroke-width:0.5px" />
  <rect id="blue-03" x="90" y="564" width="86" height="42" style="fill:#4475cd;stroke:#000000;stroke-width:0.5px" />
  <rect id="blue-04" x="90" y="522" width="86" height="42" style="fill:#6495ed;stroke:#000000;stroke-width:0.5px" />
  <path id="blue-05" d="m 129.00,500.59 -11.37,-16.47 h 5.70 q 0.73,0 1.07,0.23 0.33,0.23 0.6,0.67 l 8.27,12.67 q 0.30,-0.93 0.87,-1.87 l 7.27,-10.67 q 0.30,-0.47 0.63,-0.73 0.37,-0.30 0.87,-0.30 h 5.47 l -11.37,16.13 11.83,17.63 h -5.70 q -0.73,0 -1.17,-0.37 -0.40,-0.40 -0.67,-0.87 l -8.50,-13.23 q -0.23,0.97 -0.70,1.73 l -7.87,11.50 q -0.33,0.47 -0.73,0.87 -0.37,0.37 -1.03,0.37 h -5.30 z" style="fill:#777777;stroke:none" />
  <rect id="blue-06" x="90" y="438" width="86" height="42" style="fill:#6495ed;stroke:#000000;stroke-width:0.5px" />
  <rect id="blue-07" x="90" y="396" width="86" height="42" style="fill:#6495ed;stroke:#000000;stroke-width:0.5px" />
  <rect id="blue-08" x="90" y="354" width="86" height="42" style="fill:#4475cd;stroke:#000000;stroke-width:0.5px" />
  <rect id="blue-09" x="90" y="312" width="86" height="42" style="fill:#6495ed;stroke:#000000;stroke-width:0.5px" />
  <rect id="blue-10" x="90" y="270" width="86" height="42" style="fill:#6495ed;stroke:#000000;stroke-width:0.5px" />
  <path id="blue-11" d="m 129.00,248.58 -11.37,-16.47 h 5.70 q 0.73,0 1.07,0.23 0.33,0.23 0.6,0.67 l 8.27,12.67 q 0.30,-0.93 0.87,-1.87 l 7.27,-10.67 q 0.30,-0.47 0.63,-0.73 0.37,-0.30 0.87,-0.30 h 5.47 l -11.37,16.13 11.83,17.63 h -5.70 q -0.73,0 -1.17,-0.37 -0.40,-0.40 -0.67,-0.87 l -8.50,-13.23 q -0.23,0.97 -0.70,1.73 l -7.87,11.50 q -0.33,0.47 -0.73,0.87 -0.37,0.37 -1.03,0.37 h -5.30 z" style="fill:#777777;stroke:none" />
  <rect id="blue-12" x="90" y="186" width="86" height="42" style="fill:#6495ed;stroke:#000000;stroke-width:0.5px" />
  <rect id="blue-13" x="90" y="144" width="86" height="42" style="fill:#6495ed;stroke:#000000;stroke-width:0.5px" />
  <rect id="blue-14" x="90" y="102" width="86" height="42" style="fill:#6495ed;stroke:#000000;stroke-width:0.5px" />
  <rect id="blue-15" x="90" y="60" width="86" height="42" style="fill:#6495ed;stroke:#000000;stroke-width:0.5px" />
  <g id="yellow-heading">
    <polygon points="260.75,30.00 244.88,57.50 213.13,57.50 197.25,30.00 213.12,2.50 244.88,2.50" style="fill:#ffff66;stroke:#000000;stroke-width:0.5px" />
    <path d="m 230.79,10.35 c -1.59,0 -2.85,1.31 -2.85,2.89 0,1.59 1.26,2.85 2.85,2.85 1.59,0 2.85,-1.26 2.85,-2.85 0,-1.59 -1.26,-2.89 -2.85,-2.89 z m -12.79,5.14 c -1.59,0 -2.85,1.31 -2.85,2.9 0,1.59 1.26,2.85 2.85,2.85 1.59,0 2.85,-1.26 2.85,-2.85 0,-1.59 -1.26,-2.9 -2.85,-2.9 z m 23.9,1.91 c -1.59,0 -2.85,1.31 -2.85,2.9 0,1.59 1.26,2.85 2.85,2.85 1.59,0 2.85,-1.26 2.85,-2.85 0,-1.59 -1.26,-2.9 -2.85,-2.9 z m -13.64,4.83 c -0.27,0 -0.55,0.04 -0.82,0.11 -2.16,0.58 -3.29,3.34 -2.53,6.17 0.29,1.1 0.83,2.04 1.5,2.76 -1.62,0.38 -2.87,1.13 -3.4,2.06 l -0.03,-0.01 -3.5,5.42 -4.26,-1.84 c -2.47,-1.36 -5.18,2.02 -2.57,3.5 l 7.94,3.7 3.2,-4.21 c 1.81,3.26 1.32,6.51 -2.11,9.77 h 14.22 c -3.35,-3.21 -3.57,-6.42 -1.96,-9.64 l 3.09,4.07 7.94,-3.7 c 0.98,-0.56 1.2,-1.38 0.98,-2.13 -0.69,0.44 -1.51,0.7 -2.38,0.7 -1.2,0 -2.28,-0.48 -3.08,-1.26 l -2.35,1.02 -3.5,-5.42 v 0 c -0.46,-0.77 -1.45,-1.43 -2.74,-1.84 0.98,-1.2 1.34,-3.1 0.82,-5.04 -0.66,-2.48 -2.55,-4.18 -4.46,-4.19 z m -13.8,5.13 c -1.59,0 -2.85,1.31 -2.85,2.89 0,1.59 1.26,2.85 2.85,2.85 1.59,0 2.85,-1.26 2.85,-2.85 0,-1.59 -1.26,-2.89 -2.85,-2.89 z m 29.1,4.3 c -1.59,0 -2.85,1.31 -2.85,2.9 0,1.59 1.26,2.85 2.85,2.85 1.59,0 2.85,-1.26 2.85,-2.85 0,-1.59 -1.26,-2.9 -2.85,-2.9 z" style="fill:#333333" />
  </g>
  <rect id="yellow-00" x="186" y="690" width="86" height="42" style="fill:#ffff66;stroke:#000000;stroke-width:0.5px" />
  <rect id="yellow-01" x="186" y="648" width="86" height="42" style="fill:#ffff66;stroke:#000000;stroke-width:0.5px" />
  <rect id="yellow-02" x="186" y="606" width="86" height="42" style="fill:#ffff66;stroke:#000000;stroke-width:0.5px" />
  <rect id="yellow-03" x="186" y="564" width="86" height="42" style="fill:#dfdf46;stroke:#000000;stroke-width:0.5px" />
  <rect id="yellow-04" x="186" y="522" width="86" height="42" style="fill:#ffff66;stroke:#000000;stroke-width:0.5px" />
  <path id="yellow-05" d="m 225.00,500.59 -11.37,-16.47 h 5.70 q 0.73,0 1.07,0.23 0.33,0.23 0.6,0.67 l 8.27,12.67 q 0.30,-0.93 0.87,-1.87 l 7.27,-10.67 q 0.30,-0.47 0.63,-0.73 0.37,-0.30 0.87,-0.30 h 5.47 l -11.37,16.13 11.83,17.63 h -5.70 q -0.73,0 -1.17,-0.37 -0.40,-0.40 -0.67,-0.87 l -8.50,-13.23 q -0.23,0.97 -0.70,1.73 l -7.87,11.50 q -0.33,0.47 -0.73,0.87 -0.37,0.37 -1.03,0.37 h -5.30 z" style="fill:#777777;stroke:none" />
  <rect id="yellow-06" x="186" y="438" width="86" height="42" style="fill:#ffff66;stroke:#000000;stroke-width:0.5px" />
  <rect id="yellow-07" x="186" y="396" width="86" height="42" style="fill:#ffff66;stroke:#000000;stroke-width:0.5px" />
  <rect id="yellow-08" x="186" y="354" width="86" height="42" style="fill:#dfdf46;stroke:#000000;stroke-width:0.5px" />
  <rect id="yellow-09" x="186" y="312" width="86" height="42" style="fill:#ffff66;stroke:#000000;stroke-width:0.5px" />
  <rect id="yellow-10" x="186" y="270" width="86" height="42" style="fill:#ffff66;stroke:#000000;stroke-width:0.5px" />
  <path id="yellow-11" d="m 225.00,248.58 -11.37,-16.47 h 5.70 q 0.73,0 1.07,0.23 0.33,0.23 0.6,0.67 l 8.27,12.67 q 0.30,-0.93 0.87,-1.87 l 7.27,-10.67 q 0.30,-0.47 0.63,-0.73 0.37,-0.30 0.87,-0.30 h 5.47 l -11.37,16.13 11.83,17.63 h -5.70 q -0.73,0 -1.17,-0.37 -0.40,-0.40 -0.67,-0.87 l -8.50,-13.23 q -0.23,0.97 -0.70,1.73 l -7.87,11.50 q -0.33,0.47 -0.73,0.87 -0.37,0.37 -1.03,0.37 h -5.30 z" style="fill:#777777;stroke:none" />
  <rect id="yellow-12" x="186" y="186" width="86" height="42" style="fill:#ffff66;stroke:#000000;stroke-width:0.5px" />
  <rect id="yellow-13" x="186" y="144" width="86" height="42" style="fill:#ffff66;stroke:#000000;stroke-width:0.5px" />
  <rect id="yellow-14" x="186" y="102" width="86" height="42" style="fill:#ffff66;stroke:#000000;stroke-width:0.5px" />
  <rect id="yellow-15" x="186" y="60" width="86" height="42" style="fill:#ffff66;stroke:#000000;stroke-width:0.5px" />
  <g id="orange-heading">
    <polygon points="356.75,30.00 340.88,57.50 309.13,57.50 293.25,30.00 309.12,2.50 340.88,2.50" style="fill:#ff9f00;stroke:#000000;stroke-width:0.5px" />
    <path d="m 310.71,10.25 c -2.44,0 -4.41,1.96 -4.41,4.41 0,2.44 1.97,4.41 4.41,4.41 2.44,0 4.41,-1.97 4.41,-4.41 0,-2.44 -1.97,-4.41 -4.41,-4.41 z m 11.19,2.25 c -0.22,0.35 -0.34,0.81 -0.38,1.3 -1.76,-0.06 -3.32,-0.09 -4.94,-0.06 0.07,0.53 0.09,1.03 0.03,1.53 1.68,-0.02 3.31,0 4.93,0.07 0.03,0.26 0.06,0.51 0.1,0.7 -1.01,2.07 -2.15,3.74 -2.74,5.97 0.19,2.09 0.44,4.51 1.96,6.59 0.42,1.69 0.77,3.37 1.24,5.05 0.18,-2.13 0.64,-4.4 1.81,-6.71 -0.16,-0.77 -0.18,-1.46 -0.11,-2.18 -0.36,-0.69 -0.83,-1.37 -1.63,-2.03 1.09,-2.02 1.12,-3.92 1.49,-6.09 l 1.65,-0.41 c 0.15,-0.2 0.28,-0.42 0.37,-0.64 2.63,0.22 5.19,0.53 7.68,0.93 0.05,-0.52 0.17,-1.02 0.35,-1.49 -2.51,-0.4 -5.09,-0.72 -7.73,-0.95 0,-0.39 -0.03,-0.79 -0.09,-1.2 -1.44,-0.23 -2.67,-0.52 -3.99,-0.38 z m 17.38,0.21 c -2.44,0 -4.41,1.96 -4.41,4.41 0,2.44 1.97,4.41 4.41,4.41 2.44,0 4.41,-1.97 4.41,-4.41 0,-2.44 -1.97,-4.41 -4.41,-4.41 z m -11.45,9.16 c -0.64,0 -1.24,0.33 -1.72,0.98 -0.49,0.64 -0.82,1.59 -0.82,2.65 0,0.56 0.09,1.15 0.25,1.62 0.75,-0.26 1.53,-0.64 2.26,-1.27 0.67,0.54 1.41,0.92 2.27,1.27 0.19,-0.5 0.297,-1.01 0.3,-1.62 0,-1.06 -0.33,-2.01 -0.82,-2.65 -0.48,-0.65 -1.09,-0.98 -1.72,-0.98 z m -0.03,4.99 c -0.58,0.9 -0.75,1.25 -1.84,1.09 0.45,0.63 1.08,1.2 1.86,1.19 0.88,-0.01 1.46,-0.55 1.85,-1.17 -0.95,0.07 -1.43,-0.26 -1.87,-1.11 z m 5.15,2.4 c 0.2,2.13 0.31,3.34 0.13,5.41 0.19,0.27 0.24,1.62 0.94,1.91 -1.09,0.55 -1.49,2.04 -2.09,2.63 -1.54,1.83 -2.64,4.69 -3.7,7.32 0.31,1.09 0.7,2.16 1.16,3.23 h 4.82 c -0.47,-2.31 -1.15,-4.64 -1.88,-6.96 0.29,-0.46 0.25,-0.34 0.55,-1.95 1.26,-0.86 4,-2.31 4.46,-4.2 -0.42,-1.69 -0.99,-2.78 -1.99,-4.23 0.24,-2.05 -1.37,-2.61 -2.41,-3.14 z m -8.5,0.29 c -0.3,0.88 -0.5,1.75 -0.64,2.62 l 1.18,-0.1 c -0.27,-0.82 -0.42,-1.7 -0.53,-2.52 z m 5.59,0.3 c -0.63,0.51 -1.39,0.82 -2.21,0.82 -0.63,0 -1.21,-0.18 -1.73,-0.48 0.04,0.2 0.08,0.41 0.13,0.61 0.16,0.72 0.4,1.42 0.68,1.9 0.27,0.47 0.51,0.64 0.75,0.65 0.26,0.02 0.56,-0.13 0.92,-0.57 0.37,-0.44 0.74,-1.12 1.03,-1.81 0.16,-0.38 0.31,-0.76 0.42,-1.12 z m 1.47,0.42 c -0.24,0.67 -0.45,1.24 -0.73,1.82 l 0.83,0.04 c -0.02,-0.62 -0.05,-1.24 -0.1,-1.86 z m -5.88,3.28 -2.01,0.17 c -0.05,0.65 -0.08,1.31 -0.09,1.95 l 8.02,-0.13 c 0.06,-0.62 0.08,-1.25 0.09,-1.87 l -1.74,-0.09 c -0.64,0.73 -1.57,1.33 -2.35,1.3 -0.87,-0.06 -1.51,-0.65 -1.92,-1.32 z m 5.56,3.52 -7.66,0.13 c -0.08,0.79 0.58,1.37 1.04,1.72 l 5.65,-0.02 c 0.61,-0.68 0.73,-0.95 0.97,-1.83 z m -7.9,2.75 c -1.22,3.31 -2.52,6.6 -3.49,9.93 h 4.5 c 0.57,-1.04 1.09,-2.11 1.53,-3.2 -0.06,-2.7 -1.23,-5.33 -2.53,-6.73 z m 5.96,0.62 -3.55,0.01 c 0.66,1.11 1,2.44 1.27,3.87 l 0.7,-0.07 c 0.52,-1.29 0.9,-2.6 1.58,-3.81 z" style="fill:#333333" />
  </g>
  <rect id="orange-00" x="282" y="690" width="86" height="42" style="fill:#ff9f00;stroke:#000000;stroke-width:0.5px" />
  <rect id="orange-01" x="282" y="648" width="86" height="42" style="fill:#ff9f00;stroke:#000000;stroke-width:0.5px" />
  <rect id="orange-02" x="282" y="606" width="86" height="42" style="fill:#ff9f00;stroke:#000000;stroke-width:0.5px" />
  <rect id="orange-03" x="282" y="564" width="86" height="42" style="fill:#df7f00;stroke:#000000;stroke-width:0.5px" />
  <rect id="orange-04" x="282" y="522" width="86" height="42" style="fill:#ff9f00;stroke:#000000;stroke-width:0.5px" />
  <path id="orange-05" d="m 321.00,500.59 -11.37,-16.47 h 5.70 q 0.73,0 1.07,0.23 0.33,0.23 0.6,0.67 l 8.27,12.67 q 0.30,-0.93 0.87,-1.87 l 7.27,-10.67 q 0.30,-0.47 0.63,-0.73 0.37,-0.30 0.87,-0.30 h 5.47 l -11.37,16.13 11.83,17.63 h -5.70 q -0.73,0 -1.17,-0.37 -0.40,-0.40 -0.67,-0.87 l -8.50,-13.23 q -0.23,0.97 -0.70,1.73 l -7.87,11.50 q -0.33,0.47 -0.73,0.87 -0.37,0.37 -1.03,0.37 h -5.30 z" style="fill:#777777;stroke:none" />
  <rect id="orange-06" x="282" y="438" width="86" height="42" style="fill:#ff9f00;stroke:#000000;stroke-width:0.5px" />
  <rect id="orange-07" x="282" y="396" width="86" height="42" style="fill:#ff9f00;stroke:#000000;stroke-width:0.5px" />
  <rect id="orange-08" x="282" y="354" width="86" height="42" style="fill:#df7f00;stroke:#000000;stroke-width:0.5px" />
  <rect id="orange-09" x="282" y="312" width="86" height="42" style="fill:#ff9f00;stroke:#000000;stroke-width:0.5px" />
  <rect id="orange-10" x="282" y="270" width="86" height="42" style="fill:#ff9f00;stroke:#000000;stroke-width:0.5px" />
  <path id="orange-11" d="m 321.00,248.58 -11.37,-16.47 h 5.70 q 0.73,0 1.07,0.23 0.33,0.23 0.6,0.67 l 8.27,12.67 q 0.30,-0.93 0.87,-1.87 l 7.27,-10.67 q 0.30,-0.47 0.63,-0.73 0.37,-0.30 0.87,-0.30 h 5.47 l -11.37,16.13 11.83,17.63 h -5.70 q -0.73,0 -1.17,-0.37 -0.40,-0.40 -0.67,-0.87 l -8.50,-13.23 q -0.23,0.97 -0.70,1.73 l -7.87,11.50 q -0.33,0.47 -0.73,0.87 -0.37,0.37 -1.03,0.37 h -5.30 z" style="fill:#777777;stroke:none" />
  <rect id="orange-12" x="282" y="186" width="86" height="42" style="fill:#ff9f00;stroke:#000000;stroke-width:0.5px" />
  <rect id="orange-13" x="282" y="144" width="86" height="42" style="fill:#ff9f00;stroke:#000000;stroke-width:0.5px" />
  <rect id="orange-14" x="282" y="102" width="86" height="42" style="fill:#ff9f00;stroke:#000000;stroke-width:0.5px" />
  <rect id="orange-15" x="282" y="60" width="86" height="42" style="fill:#ff9f00;stroke:#000000;stroke-width:0.5px" />
  <g id="purple-heading">
    <polygon points="452.75,30.00 436.88,57.50 405.13,57.50 389.25,30.00 405.12,2.50 436.88,2.50" style="fill:#da70d6;stroke:#000000;stroke-width:0.5px" />
    <path d="m 420.89,10.25 c -1.05,0 -1.97,0.66 -2.69,1.61 -0.72,0.95 -1.31,2.24 -1.82,3.81 -1,3.13 -1.61,7.38 -1.61,12.06 0.12,4.38 0.38,8.17 1.61,12.07 0.5,1.56 1.1,2.85 1.82,3.81 0.54,0.72 1.2,1.27 1.93,1.5 v 3.13 h -5.94 v 1.51 h 13.4 v -1.51 h -5.94 v -3.13 c 0.74,-0.23 1.39,-0.78 1.93,-1.5 0.72,-0.95 1.31,-2.24 1.82,-3.81 0.35,-1.1 0.65,-2.34 0.9,-3.69 1.41,-0.56 2.69,-1.26 2.69,-1.26 1.77,0.23 4.04,0.64 4.61,1.61 0.33,0.57 -0.14,1.51 0.28,1.86 1.1,0.9 1.97,0.09 2.16,-0.51 0.18,-1.12 0.23,-2.15 -0.17,-3.06 -0.18,-0.42 -2.94,-2 -4.9,-2.6 2.28,0.38 5.93,0.75 6.06,1.25 0.22,0.82 -0.06,1.98 0.64,2.13 1.58,0.34 1.82,0.05 1.93,-1.26 0.08,-0.79 0.13,-1.49 -0.39,-2.14 -0.55,-0.69 -4.77,-1.81 -6.52,-2.14 2.08,-1.36 2.3,-1.63 3.04,-2.38 2.79,-0.38 3.66,-1.53 4.17,-3.32 0.9,-0.49 0.38,-1.65 -0.06,-1.67 -1.3,-0.06 -3.08,0.08 -4.29,-0.42 -0.47,-0.63 -1.27,-1.04 -2.15,-1.41 -0.27,-0.64 0.44,-2.14 -0.11,-2.73 -0.81,0.33 -1.83,1.95 -2.2,2.58 -0.15,-0.82 -0.72,-1.55 -1.16,-2.21 -1.95,2.37 -1.81,4.02 -3,6.66 -0.18,-3.63 -0.73,-6.88 -1.54,-9.41 -0.5,-1.57 -1.09,-2.86 -1.81,-3.81 -0.72,-0.96 -1.63,-1.62 -2.69,-1.62 z m 0,1.51 c 0.42,0 0.92,0.27 1.48,1.02 0.56,0.74 1.12,1.9 1.59,3.36 0.84,2.61 1.4,6.18 1.51,10.17 -3.41,1.55 -5.08,2.08 -7.84,2.97 0.11,3.66 0.29,4.75 1.1,7.56 1.78,0.33 4.08,0.28 5.92,-0.18 -0.2,0.98 -0.44,1.88 -0.69,2.69 -0.47,1.46 -1.03,2.62 -1.59,3.36 -0.56,0.74 -1.06,1.01 -1.48,1.01 -0.42,0 -0.92,-0.28 -1.48,-1.01 -0.56,-0.74 -1.12,-1.91 -1.59,-3.36 -1.09,-4.36 -1.52,-7.51 -1.53,-11.61 0,-4.56 0.59,-8.69 1.53,-11.6 0.47,-1.46 1.03,-2.62 1.59,-3.36 0.56,-0.74 1.06,-1.02 1.48,-1.02 z m 12.52,10.16 c 0.29,-0.01 0.59,0.35 0.68,0.84 0.1,0.52 -0.08,0.99 -0.38,1.05 -0.31,0.06 -0.64,-0.32 -0.74,-0.84 -0.09,-0.52 0.08,-0.98 0.38,-1.04 0.02,-0.01 0.04,-0.01 0.06,-0.01 z m -28.07,5.94 c 0.52,2.38 0.81,4.77 4.81,5.19 -0.85,2.71 -3.56,4.33 -7.37,6.67 -1.1,0.68 -1.58,2.21 -0.79,3.03 2.11,-0.77 5.01,-2.59 6.85,-3.91 -0.78,0.94 -2.22,2.4 -2.97,3.3 -1.12,1.32 -0.66,1.98 0.11,2.49 2.32,-1.66 4.89,-4.36 6.37,-6.45 l 1.86,-0.73 c -0.73,-2.76 -0.87,-4.97 -0.89,-7.39 -3.33,-0.25 -5.87,-0.61 -7.98,-2.2 z" style="fill:#333333" />
  </g>
  <rect id="purple-00" x="378" y="690" width="86" height="42" style="fill:#da70d6;stroke:#000000;stroke-width:0.5px" />
  <rect id="purple-01" x="378" y="648" width="86" height="42" style="fill:#da70d6;stroke:#000000;stroke-width:0.5px" />
  <rect id="purple-02" x="378" y="606" width="86" height="42" style="fill:#da70d6;stroke:#000000;stroke-width:0.5px" />
  <rect id="purple-03" x="378" y="564" width="86" height="42" style="fill:#ba50b6;stroke:#000000;stroke-width:0.5px" />
  <rect id="purple-04" x="378" y="522" width="86" height="42" style="fill:#da70d6;stroke:#000000;stroke-width:0.5px" />
  <path id="purple-05" d="m 417.00,500.59 -11.37,-16.47 h 5.70 q 0.73,0 1.07,0.23 0.33,0.23 0.6,0.67 l 8.27,12.67 q 0.30,-0.93 0.87,-1.87 l 7.27,-10.67 q 0.30,-0.47 0.63,-0.73 0.37,-0.30 0.87,-0.30 h 5.47 l -11.37,16.13 11.83,17.63 h -5.70 q -0.73,0 -1.17,-0.37 -0.40,-0.40 -0.67,-0.87 l -8.50,-13.23 q -0.23,0.97 -0.70,1.73 l -7.87,11.50 q -0.33,0.47 -0.73,0.87 -0.37,0.37 -1.03,0.37 h -5.30 z" style="fill:#777777;stroke:none" />
  <rect id="purple-06" x="378" y="438" width="86" height="42" style="fill:#da70d6;stroke:#000000;stroke-width:0.5px" />
  <rect id="purple-07" x="378" y="396" width="86" height="42" style="fill:#da70d6;stroke:#000000;stroke-width:0.5px" />
  <rect id="purple-08" x="378" y="354" width="86" height="42" style="fill:#ba50b6;stroke:#000000;stroke-width:0.5px" />
  <rect id="purple-09" x="378" y="312" width="86" height="42" style="fill:#da70d6;stroke:#000000;stroke-width:0.5px" />
  <rect id="purple-10" x="378" y="270" width="86" height="42" style="fill:#da70d6;stroke:#000000;stroke-width:0.5px" />
  <path id="purple-11" d="m 417.00,248.58 -11.37,-16.47 h 5.70 q 0.73,0 1.07,0.23 0.33,0.23 0.6,0.67 l 8.27,12.67 q 0.30,-0.93 0.87,-1.87 l 7.27,-10.67 q 0.30,-0.47 0.63,-0.73 0.37,-0.30 0.87,-0.30 h 5.47 l -11.37,16.13 11.83,17.63 h -5.70 q -0.73,0 -1.17,-0.37 -0.40,-0.40 -0.67,-0.87 l -8.50,-13.23 q -0.23,0.97 -0.70,1.73 l -7.87,11.50 q -0.33,0.47 -0.73,0.87 -0.37,0.37 -1.03,0.37 h -5.30 z" style="fill:#777777;stroke:none" />
  <rect id="purple-12" x="378" y="186" width="86" height="42" style="fill:#da70d6;stroke:#000000;stroke-width:0.5px" />
  <rect id="purple-13" x="378" y="144" width="86" height="42" style="fill:#da70d6;stroke:#000000;stroke-width:0.5px" />
  <rect id="purple-14" x="378" y="102" width="86" height="42" style="fill:#da70d6;stroke:#000000;stroke-width:0.5px" />
  <rect id="purple-15" x="378" y="60" width="86" height="42" style="fill:#da70d6;stroke:#000000;stroke-width:0.5px" />
  <g id="white-heading">
    <polygon points="588.75,30.00 572.88,57.50 541.13,57.50 525.25,30.00 541.12,2.50 572.88,2.50" style="fill:#fefefe;stroke:#000000;stroke-width:0.5px" />
    <path d="m 561.89,10.35 -0.01,2.11 -1.55,1.43 2.11,0.01 1.43,1.55 0.01,-2.11 1.55,-1.43 -2.11,-0.01 z m 7.82,4.28 -1.65,1.31 -2.08,-0.31 1.31,1.65 -0.31,2.08 1.65,-1.31 2.08,0.31 -1.31,-1.65 z m -31.17,0.36 -0.61,1.39 0.66,0.28 21.86,9.57 0.7,0.31 -0.01,0.02 0.05,0.02 0.62,-1.41 -0.7,-0.31 -3.77,-1.65 a 8.76,3.74 0 0 1 4.45,-0.52 8.76,3.74 0 0 1 8.76,3.74 8.76,3.74 0 0 1 -8.76,3.74 8.76,3.74 0 0 1 -8.76,-3.74 8.76,3.74 0 0 1 0.71,-1.47 l -2.81,-1.22 c -1.07,0.47 -1.92,1 -2.49,1.53 -0.65,0.61 -0.92,1.18 -0.92,1.72 0,0.54 0.27,1.11 0.92,1.72 0.65,0.61 1.67,1.22 2.97,1.73 2.6,1.03 6.3,1.69 10.38,1.69 4.09,0 7.78,-0.67 10.38,-1.69 1.3,-0.51 2.32,-1.12 2.97,-1.73 0.65,-0.61 0.92,-1.18 0.92,-1.72 0,-0.54 -0.27,-1.11 -0.92,-1.72 -0.65,-0.61 -1.67,-1.22 -2.97,-1.73 -2.6,-1.03 -6.3,-1.69 -10.38,-1.69 -2.26,0 -4.39,0.2 -6.29,0.56 l -16.25,-7.12 z m 17.5,0.37 0.01,1.43 -1.04,0.98 1.43,-0.01 0.98,1.04 -0.01,-1.43 1.04,-0.98 -1.43,0.01 z m -2.46,17.25 c -0.01,1.28 -0.04,2.54 -0.09,3.78 5.77,2.54 10.81,2.54 16.6,0.01 -0.05,-1.25 -0.08,-2.51 -0.09,-3.79 -2.33,0.68 -5.16,1.06 -8.21,1.06 -3.05,0 -5.88,-0.39 -8.21,-1.06 z m -0.17,5.42 c -0.05,0.77 -0.11,1.53 -0.18,2.3 l 0.05,0.02 c 5.93,2.66 11.08,2.66 17.04,0 l 0.05,-0.02 c -0.07,-0.76 -0.13,-1.52 -0.18,-2.29 -5.72,2.36 -11.06,2.36 -16.77,-0.01 z m 17.13,3.89 c -5.98,2.57 -11.53,2.57 -17.49,0 -0.2,1.53 -0.46,3.07 -0.82,4.65 0,4.1 19.13,4.1 19.13,0 -0.36,-1.58 -0.62,-3.12 -0.82,-4.65 z" style="fill:#333333" />
  </g>
  <rect id="white-00" x="514" y="690" width="86" height="42" style="fill:#fefefe;stroke:#000000;stroke-width:0.5px" />
  <rect id="white-01" x="514" y="648" width="86" height="42" style="fill:#fefefe;stroke:#000000;stroke-width:0.5px" />
  <rect id="white-02" x="514" y="606" width="86" height="42" style="fill:#fefefe;stroke:#000000;stroke-width:0.5px" />
  <rect id="white-03" x="514" y="564" width="86" height="42" style="fill:#dedede;stroke:#000000;stroke-width:0.5px" />
  <rect id="white-04" x="514" y="522" width="86" height="42" style="fill:#fefefe;stroke:#000000;stroke-width:0.5px" />
  <path id="white-05" d="m 553.00,500.59 -11.37,-16.47 h 5.70 q 0.73,0 1.07,0.23 0.33,0.23 0.6,0.67 l 8.27,12.67 q 0.30,-0.93 0.87,-1.87 l 7.27,-10.67 q 0.30,-0.47 0.63,-0.73 0.37,-0.30 0.87,-0.30 h 5.47 l -11.37,16.13 11.83,17.63 h -5.70 q -0.73,0 -1.17,-0.37 -0.40,-0.40 -0.67,-0.87 l -8.50,-13.23 q -0.23,0.97 -0.70,1.73 l -7.87,11.50 q -0.33,0.47 -0.73,0.87 -0.37,0.37 -1.03,0.37 h -5.30 z" style="fill:#777777;stroke:none" />
  <rect id="white-06" x="514" y="438" width="86" height="42" style="fill:#fefefe;stroke:#000000;stroke-width:0.5px" />
  <rect id="white-07" x="514" y="396" width="86" height="42" style="fill:#dedede;stroke:#000000;stroke-width:0.5px" />
  <rect id="white-08" x="514" y="354" width="86" height="42" style="fill:#fefefe;stroke:#000000;stroke-width:0.5px" />
  <rect id="white-09" x="514" y="312" width="86" height="42" style="fill:#dedede;stroke:#000000;stroke-width:0.5px" />
  <rect id="white-10" x="514" y="270" width="86" height="42" style="fill:#fefefe;stroke:#000000;stroke-width:0.5px" />
  <path id="purple-11" d="m 553.00,248.58 -11.37,-16.47 h 5.70 q 0.73,0 1.07,0.23 0.33,0.23 0.6,0.67 l 8.27,12.67 q 0.30,-0.93 0.87,-1.87 l 7.27,-10.67 q 0.30,-0.47 0.63,-0.73 0.37,-0.30 0.87,-0.30 h 5.47 l -11.37,16.13 11.83,17.63 h -5.70 q -0.73,0 -1.17,-0.37 -0.40,-0.40 -0.67,-0.87 l -8.50,-13.23 q -0.23,0.97 -0.70,1.73 l -7.87,11.50 q -0.33,0.47 -0.73,0.87 -0.37,0.37 -1.03,0.37 h -5.30 z" style="fill:#777777;stroke:none" />
  <rect id="white-12" x="514" y="186" width="86" height="42" style="fill:#fefefe;stroke:#000000;stroke-width:0.5px" />
  <rect id="white-13" x="514" y="144" width="86" height="42" style="fill:#dedede;stroke:#000000;stroke-width:0.5px" />
  <rect id="white-14" x="514" y="102" width="86" height="42" style="fill:#fefefe;stroke:#000000;stroke-width:0.5px" />
  <rect id="white-15" x="514" y="60" width="86" height="42" style="fill:#fefefe;stroke:#000000;stroke-width:0.5px" />
</svg>
