<?xml version="1.0" encoding="UTF-8" standalone="no"?>
<svg
   width="100px"
   height="140px"
   viewbox="0 0 100 140"
   version="1.1"
   id="svg47"
   sodipodi:docname="card-mortar-d.svg"
   inkscape:export-filename="card-back.png"
   inkscape:export-xdpi="96"
   inkscape:export-ydpi="96"
   inkscape:version="1.2.2 (732a01da63, 2022-12-09)"
   xmlns:inkscape="http://www.inkscape.org/namespaces/inkscape"
   xmlns:sodipodi="http://sodipodi.sourceforge.net/DTD/sodipodi-0.dtd"
   xmlns="http://www.w3.org/2000/svg"
   xmlns:svg="http://www.w3.org/2000/svg">
  <defs
     id="defs51" />
  <sodipodi:namedview
     id="namedview49"
     pagecolor="#ffffff"
     bordercolor="#666666"
     borderopacity="1.0"
     inkscape:showpageshadow="2"
     inkscape:pageopacity="0.0"
     inkscape:pagecheckerboard="0"
     inkscape:deskcolor="#d1d1d1"
     showgrid="false"
     inkscape:zoom="5.6568542"
     inkscape:cx="45.873552"
     inkscape:cy="69.296465"
     inkscape:window-width="1920"
     inkscape:window-height="1017"
     inkscape:window-x="-8"
     inkscape:window-y="-8"
     inkscape:window-maximized="1"
     inkscape:current-layer="svg47" />
  <path
     id="rect2"
     style="opacity:1;fill:#204080;stroke:#000000"
     d="m 4.5,0.5 h 91 c 2.216,0 4,1.784 4,4 v 131 c 0,2.216 -1.784,4 -4,4 h -91 c -2.216,0 -4,-1.784 -4,-4 V 4.5 c 0,-2.216 1.784,-4 4,-4 z" />
  <g
     class=""
     id="g12849"
     transform="matrix(0.05296076,0,0,0.04772729,1.9420457,3.2818118)"
     style="fill:#ffffff;fill-opacity:1">
    <path
       d="m 458.98047,314.22782 c 0,92.04912 -91.04738,167.01023 -202.98048,167.01023 -111.93309,0 -202.980466,-74.91178 -202.980466,-167.01023 a 140.04383,140.04339 0 0 1 11.425867,-55.23891 c 7.468715,21.48978 25.878851,41.0082 53.670159,56.35866 35.26197,19.49697 81.94767,30.23757 131.44068,30.23757 49.49399,0 96.17969,-10.7406 131.44185,-30.23328 35.26196,-19.49697 55.58262,-45.87119 57.29539,-74.442 a 142.38119,142.38074 0 0 1 20.687,73.3201 z M 420.67167,60.020715 C 407.37239,48.422066 392.52717,39.026454 379.91068,34.247133 368.42875,29.881819 359.61263,29.609389 355.74267,33.47489 l -0.56642,0.514829 -5.33413,4.530487 a 8.4495,8.449473 0 0 0 -1.0497,11.802434 27.202619,27.202532 0 0 1 -0.50648,35.308628 L 175.30521,283.77144 a 59.489476,59.489286 0 0 0 -14.019,29.60691 c 26.6467,8.73492 56.99943,13.32547 88.30753,13.32547 9.86659,0 19.79021,-0.47193 29.57483,-1.39433 L 392.37639,131.24075 a 27.294763,27.294676 0 0 1 38.20034,-9.29909 l 0.69593,0.42903 a 8.438238,8.4382111 0 0 0 11.30602,-2.14512 l 8.17818,-11.17606 c 4.99196,-6.63056 -5.07509,-27.270873 -30.08152,-49.056682 z M 268.97992,147.8225 a 317.15571,317.15471 0 0 0 -19.34288,-0.60063 c -46.35494,0 -89.79411,9.90186 -122.30617,27.87365 -30.742071,16.99362 -47.676829,38.9446 -47.676829,61.87376 0,22.92701 16.933791,44.84153 47.676829,61.87161 5.08611,2.81011 10.46741,5.4057 16.06039,7.81252 a 78.219048,78.218799 0 0 1 17.70164,-35.29576 z m 102.96445,151.05271 c 30.74207,-16.99361 47.67683,-38.94245 47.67683,-61.87161 0,-19.62782 -12.44947,-38.56706 -35.40327,-54.28648 l -81.34588,139.37041 c 25.81023,-4.53049 49.41125,-12.4138 69.01298,-23.24664 z"
       fill="#000000"
       fill-opacity="1"
       id="path12847-8"
       style="fill:#000000;fill-opacity:1;stroke-width:1.02381" />
    <path
       d="M 454.26,312.874 C 454.26,402.782 365.33,476 256,476 146.67,476 57.74,402.83 57.74,312.874 A 136.787,136.787 0 0 1 68.9,258.918 c 7.295,20.99 25.277,40.055 52.422,55.05 34.442,19.043 80.042,29.533 128.384,29.533 48.343,0 93.943,-10.49 128.385,-29.53 34.442,-19.043 54.29,-44.805 55.963,-72.71 a 139.07,139.07 0 0 1 20.206,71.614 z M 416.842,64.578 c -12.99,-11.33 -27.49,-20.506 -39.813,-25.174 -11.215,-4.265 -19.826,-4.53 -23.606,-0.75 l -0.554,0.508 -5.21,4.426 a 8.253,8.253 0 0 0 -1.026,11.527 26.57,26.57 0 0 1 -0.495,34.487 L 177.18,283.135 a 58.106,58.106 0 0 0 -13.693,28.92 c 26.027,8.53 55.674,13.015 86.254,13.015 9.637,0 19.33,-0.46 28.887,-1.36 L 389.203,134.153 a 26.66,26.66 0 0 1 37.312,-9.083 l 0.68,0.427 a 8.242,8.242 0 0 0 11.043,-2.087 l 7.988,-10.916 c 4.876,-6.478 -4.957,-26.638 -29.382,-47.916 z m -148.164,85.76 a 309.78,309.78 0 0 0 -18.893,-0.59 c -45.277,0 -87.706,9.672 -119.462,27.227 -30.027,16.598 -46.568,38.038 -46.568,60.434 0,22.395 16.54,43.8 46.568,60.434 4.968,2.743 10.224,5.28 15.687,7.63 a 76.4,76.4 0 0 1 17.29,-34.476 z m 100.57,147.54 c 30.027,-16.598 46.568,-38.038 46.568,-60.434 0,-19.17 -12.16,-37.67 -34.58,-53.023 l -79.454,136.13 c 25.21,-4.425 48.262,-12.125 67.408,-22.706 z"
       fill="#000000"
       fill-opacity="1"
       id="path12847"
       style="fill:#ffffff;fill-opacity:1" />
  </g>
  <g
     class=""
     id="g12849-7"
     transform="matrix(0.05296076,0,0,0.04772729,1.9420457,29.281812)"
     style="fill:#ffffff;fill-opacity:1">
    <path
       d="m 458.98047,314.22782 c 0,92.04912 -91.04738,167.01023 -202.98048,167.01023 -111.93309,0 -202.980466,-74.91178 -202.980466,-167.01023 a 140.04383,140.04339 0 0 1 11.425867,-55.23891 c 7.468715,21.48978 25.878851,41.0082 53.670159,56.35866 35.26197,19.49697 81.94767,30.23757 131.44068,30.23757 49.49399,0 96.17969,-10.7406 131.44185,-30.23328 35.26196,-19.49697 55.58262,-45.87119 57.29539,-74.442 a 142.38119,142.38074 0 0 1 20.687,73.3201 z M 420.67167,60.020715 C 407.37239,48.422066 392.52717,39.026454 379.91068,34.247133 368.42875,29.881819 359.61263,29.609389 355.74267,33.47489 l -0.56642,0.514829 -5.33413,4.530487 a 8.4495,8.449473 0 0 0 -1.0497,11.802434 27.202619,27.202532 0 0 1 -0.50648,35.308628 L 175.30521,283.77144 a 59.489476,59.489286 0 0 0 -14.019,29.60691 c 26.6467,8.73492 56.99943,13.32547 88.30753,13.32547 9.86659,0 19.79021,-0.47193 29.57483,-1.39433 L 392.37639,131.24075 a 27.294763,27.294676 0 0 1 38.20034,-9.29909 l 0.69593,0.42903 a 8.438238,8.4382111 0 0 0 11.30602,-2.14512 l 8.17818,-11.17606 c 4.99196,-6.63056 -5.07509,-27.270873 -30.08152,-49.056682 z M 268.97992,147.8225 a 317.15571,317.15471 0 0 0 -19.34288,-0.60063 c -46.35494,0 -89.79411,9.90186 -122.30617,27.87365 -30.742071,16.99362 -47.676829,38.9446 -47.676829,61.87376 0,22.92701 16.933791,44.84153 47.676829,61.87161 5.08611,2.81011 10.46741,5.4057 16.06039,7.81252 a 78.219048,78.218799 0 0 1 17.70164,-35.29576 z m 102.96445,151.05271 c 30.74207,-16.99361 47.67683,-38.94245 47.67683,-61.87161 0,-19.62782 -12.44947,-38.56706 -35.40327,-54.28648 l -81.34588,139.37041 c 25.81023,-4.53049 49.41125,-12.4138 69.01298,-23.24664 z"
       fill="#000000"
       fill-opacity="1"
       id="path12847-8-3"
       style="fill:#000000;fill-opacity:1;stroke-width:1.02381" />
    <path
       d="M 454.26,312.874 C 454.26,402.782 365.33,476 256,476 146.67,476 57.74,402.83 57.74,312.874 A 136.787,136.787 0 0 1 68.9,258.918 c 7.295,20.99 25.277,40.055 52.422,55.05 34.442,19.043 80.042,29.533 128.384,29.533 48.343,0 93.943,-10.49 128.385,-29.53 34.442,-19.043 54.29,-44.805 55.963,-72.71 a 139.07,139.07 0 0 1 20.206,71.614 z M 416.842,64.578 c -12.99,-11.33 -27.49,-20.506 -39.813,-25.174 -11.215,-4.265 -19.826,-4.53 -23.606,-0.75 l -0.554,0.508 -5.21,4.426 a 8.253,8.253 0 0 0 -1.026,11.527 26.57,26.57 0 0 1 -0.495,34.487 L 177.18,283.135 a 58.106,58.106 0 0 0 -13.693,28.92 c 26.027,8.53 55.674,13.015 86.254,13.015 9.637,0 19.33,-0.46 28.887,-1.36 L 389.203,134.153 a 26.66,26.66 0 0 1 37.312,-9.083 l 0.68,0.427 a 8.242,8.242 0 0 0 11.043,-2.087 l 7.988,-10.916 c 4.876,-6.478 -4.957,-26.638 -29.382,-47.916 z m -148.164,85.76 a 309.78,309.78 0 0 0 -18.893,-0.59 c -45.277,0 -87.706,9.672 -119.462,27.227 -30.027,16.598 -46.568,38.038 -46.568,60.434 0,22.395 16.54,43.8 46.568,60.434 4.968,2.743 10.224,5.28 15.687,7.63 a 76.4,76.4 0 0 1 17.29,-34.476 z m 100.57,147.54 c 30.027,-16.598 46.568,-38.038 46.568,-60.434 0,-19.17 -12.16,-37.67 -34.58,-53.023 l -79.454,136.13 c 25.21,-4.425 48.262,-12.125 67.408,-22.706 z"
       fill="#000000"
       fill-opacity="1"
       id="path12847-1"
       style="fill:#ffffff;fill-opacity:1" />
  </g>
  <g
     aria-label="2"
     id="text299"
     style="font-size:27.7778px;line-height:1.25;font-family:'DS Cloister Black';-inkscape-font-specification:'DS Cloister Black, ';letter-spacing:0px;word-spacing:0px;fill:#ffffff;fill-opacity:0.87451;stroke-width:0.694444">
    <path
       d="m 55.416674,10.388892 v 0.277778 q 0,0.194445 0.02778,0.25 v 0.361112 q 0,0.08333 0.02778,0.138889 v 0.111111 q 0,3.166669 -3.277781,5.694449 l -3.888892,2.361113 q -1.666668,1.000001 -2.638891,2.555557 0.444445,-0.194444 0.944446,-0.361111 0.527778,-0.194445 1.138889,-0.361111 1.083335,-0.305556 2.194447,-0.416667 0.194444,0 0.277778,-0.02778 h 0.277778 q 0.194444,0 0.277778,-0.02778 h 0.638889 0.08333 q 0.05556,0 0.111112,0.02778 0.05555,0 0.166666,0 0.166667,0.02778 0.305556,0.02778 0.138889,0 0.222223,0 0.111111,0 0.194444,0.02778 0.166667,0 0.416667,0.05556 0.277778,0.05556 0.416667,0.08333 0.08333,0.02778 0.194445,0.05556 0.111111,0.02778 0.222222,0.08333 0.138889,0.02778 0.361111,0.08333 0.777779,0.222222 1.583335,0.583334 l -2.166668,2.527779 -2.694447,-0.916667 -3.222225,-0.111111 q -0.08333,0.02778 -0.333333,0.08333 -0.222223,0.05556 -0.611112,0.166667 -0.333333,0.08333 -0.472222,0.08333 -0.02778,0 -0.111112,0.02778 -0.08333,0.02778 -0.361111,0.08333 -0.166667,0.02778 -0.944445,0.25 -0.25,0.111111 -0.63889,0.138889 -0.05555,0.02778 -0.166666,0.05556 -0.08333,0.02778 -0.138889,0.02778 0.333333,-2.000001 1.611112,-3.444447 0.638889,-0.722223 1.305557,-1.38889 0.666667,-0.694445 1.361112,-1.333334 l 0.08333,-0.08333 0.08333,-0.08333 q 0.361111,-0.305556 0.861111,-0.805556 0.500001,-0.500001 1.13889,-1.13889 0.472223,-0.527778 0.88889,-1.055556 0.416667,-0.555556 0.75,-1.166668 0.02778,-0.05556 0.05556,-0.111111 0.02778,-0.05556 0.05556,-0.166667 0,0.05556 0.111111,-0.25 0.111111,-0.333334 0.138889,-0.63889 0,-0.08333 0,-0.194444 0.02778,-0.111111 0.05555,-0.25 0,-0.166667 0.02778,-0.222223 v -0.361111 q -0.02778,-0.02778 -0.02778,-0.138889 V 11.222226 Q 52.222227,10.527781 51.861116,9.8055584 51.500004,9.0833356 50.888893,8.7222242 l -4.833337,3.7777808 h -0.166667 l -1.611113,-1.583335 -0.05556,-0.416667 5.000004,-4.0000028 z"
       id="path3445" />
  </g>
  <g
     aria-label="D"
     id="text911"
     style="font-size:20.2429px;line-height:1.25;font-family:'DS Cloister Black';-inkscape-font-specification:'DS Cloister Black, ';letter-spacing:0px;word-spacing:0px;fill:#ffffff;fill-opacity:0.498039;stroke-width:0.506073">
    <path
       d="m 5.5060726,120.00001 q 0.4453438,0.93117 1.3765173,1.11336 l 6.8218571,-0.2834 q 0.384616,0.0405 0.910931,0.081 0.546558,0.0405 1.25506,0.12145 1.032388,0.16195 1.821861,0.89069 0.789473,0.72875 1.194331,1.68016 0.202429,0.44535 0.344129,0.91093 0.161944,0.46559 0.283401,0.97166 0.02024,0.0405 0.04049,0.1417 0.02024,0.081 0.04049,0.18219 0,0.081 0.06073,0.30364 0.06073,0.22267 0.121458,0.64778 0.02024,0.081 0.04049,0.34412 0.02024,0.24292 0.04049,0.66802 0.06073,1.03239 0.06073,1.05263 v 0.68826 q 0,0.2834 0.02024,0.34413 v 1.35627 q 0,0.16195 -0.02024,0.50608 -0.02024,0.32388 -0.02024,0.48583 -1.619432,0.60728 -3.340079,2.1255 -0.303643,-0.10121 -1.659917,-0.4251 -0.283401,-0.0607 -0.850202,-0.18219 -0.850202,-0.18218 -1.295546,-0.18218 -0.323886,-0.0405 -0.647773,-0.0607 -0.323886,-0.0202 -0.647773,-0.0202 h -0.506072 q -0.02024,0.0202 -0.161943,0.0202 -0.161943,0.0202 -0.425101,0.0405 -0.242915,0.0203 -0.5870443,0.0607 -0.1619432,0.0203 -0.404858,0.081 -0.2429149,0.0405 -0.5668013,0.12146 -1.4777317,0.38462 -2.8340061,1.17409 h -0.060729 q -0.020243,0 -0.040486,0.0202 H 5.7489874 L 5.7287445,135 H 5.5870442 q 0,0 0.040486,-0.16195 0.020243,-0.0405 0.060729,-0.10121 0.040486,-0.0607 0.060729,-0.081 h 0.020243 v -0.0203 l 4.1700376,-2.71254 q 0.6275301,-0.42511 1.1538451,-1.21458 0.425101,-0.66801 0.526316,-1.59919 v -0.16194 q -0.04049,-0.12146 -0.04049,-0.52632 -0.06073,-0.66801 -0.06073,-0.68826 v -0.18218 q -0.02024,-0.081 -0.02024,-0.18219 v -0.34413 q 0,-0.16194 0,-0.32388 0,-0.16195 0.02024,-0.32389 0.02024,-0.44534 0.121458,-1.33603 0.02024,-0.10122 0.06073,-0.26316 0.04049,-0.16194 0.08097,-0.38461 0.1417,-0.68826 0.344129,-1.25506 l -0.121457,-0.0405 q -0.04049,0.0405 -0.06073,0.0405 h -0.02024 l -0.02024,0.0202 h -0.06073 q -0.06073,0.0607 -0.141701,0.0607 -0.971659,0.64777 -1.174088,1.57894 V 125 q -0.02024,0.0405 -0.02024,0.20243 -0.02024,0.10122 -0.02024,0.22267 0,0.10122 0,0.20243 -0.02024,0.0203 -0.02024,0.12146 v 0.12146 q 0,-0.0203 0,0.081 0,0.081 -0.02024,0.26316 l -0.02024,0.36437 q -0.02024,0.20243 -0.02024,0.36437 0,0.16194 0,0.32389 v 0.30364 q 0,0.22267 0.02024,0.2834 0,0.32389 0,0.60729 0.02024,0.2834 0.06073,0.5668 -0.161943,1.39676 -1.0931164,2.38866 -0.9109306,0.9919 -2.0850188,1.78138 l -0.7489874,0.50607 q -0.4655867,0.32389 -0.7085015,0.4251 H 5.5870442 l 0.3238864,-0.32389 q 0.060729,-0.0607 0.1417003,-0.1417 0.1012145,-0.10121 0.202429,-0.22267 0.7692303,-0.87044 0.9109306,-1.11336 0.4453438,-0.64777 0.4453438,-1.33603 v -0.081 q -0.020243,-0.0202 -0.040486,-0.12146 -0.020243,-0.10121 -0.020243,-0.18218 v -0.081 q -0.040486,-0.0405 -0.040486,-0.081 v -0.081 q -0.020243,-0.0202 -0.060729,-0.1417 -0.020243,0 -0.020243,-0.0405 -0.1821861,-0.42511 -0.5060725,-0.70851 -0.3036436,-0.2834 -0.7085016,-0.2834 l -0.2429148,-0.0405 q -0.080972,0.0405 -0.202429,0.12146 -0.1012145,0.0607 -0.2631577,0.16194 -0.1619432,0.12146 -0.404858,0.2834 l -0.060729,0.0607 -0.040486,0.0405 q 0,-0.91093 0.7287444,-1.45749 0.6882586,-0.46558 1.6194321,-0.46558 H 7.469634 l 0.5465583,-0.0405 q 0.060729,-3.03643 3.0566777,-4.63562 l -3.7246934,-0.0405 q -0.6882587,0 -1.3562744,-0.74899 -0.5060725,-0.68825 -0.607287,-1.43724 v -0.36437 q 0,-0.0202 0.040486,-0.22268 l 0.020243,-0.0202 v -0.0405 q 0,-0.0607 0.020243,-0.12146 0.020243,-0.081 0.040486,-0.12146 z m 9.9595074,9.5344 q -0.02024,0.0203 -0.303644,0.081 -0.384615,0.0607 -0.971659,0.32389 -0.101214,0.0405 -0.263158,0.1417 -0.1417,0.081 -0.303643,0.24292 v 1.17408 q 0.890687,0.1417 1.619432,0.2834 0.748987,0.12146 1.376517,0.28341 0.161943,0.0405 0.404858,0.10121 0.242915,0.0607 0.566801,0.16194 0,-0.0405 0.02024,-0.10121 v -0.081 q 0,-0.0607 0.02024,-0.10122 v -0.64777 q -0.02024,-0.0405 -0.02024,-0.16194 v -0.32389 q -0.02024,-0.10121 -0.04049,-0.18219 0,-0.081 0,-0.1417 l -0.06073,-0.30364 q -0.222672,-0.1417 -0.728745,-0.4251 -0.364372,-0.20243 -0.789473,-0.24292 -0.06073,0 -0.101214,-0.0202 h -0.101215 q -0.06073,0 -0.101214,-0.0202 h -0.101215 z m -2.854249,-6.39675 q -0.02024,0.0405 -0.06073,0.12145 -0.04049,0.081 -0.08097,0.18219 0,0.0405 -0.04049,0.1417 -0.04049,0.10121 -0.06073,0.16194 -0.02024,0.10122 -0.06073,0.24292 -0.04049,0.1417 -0.101214,0.36437 v 0.081 q -0.02024,0.0607 -0.04049,0.12146 0,0.0607 0,0.18219 v 0.18218 q -0.02024,0.0607 -0.02024,0.20243 -0.06073,0.4251 -0.06073,0.58704 v 0.20243 q 0,0.1417 -0.04049,0.4251 -0.02024,0.26316 -0.02024,0.38462 -0.02024,0.26316 -0.02024,0.46559 0,0.18218 0,0.2834 v 0.30364 q 0,0.24292 0,0.38462 0.02024,0.1417 0.02024,0.24291 0.02024,0.081 0.02024,0.16194 0.02024,0.0607 0.02024,0.16195 0.02024,0.10121 0.02024,0.18218 0,0.0607 0.02024,0.1417 0,0.081 0.02024,0.1417 v 0.16195 q -0.1417,0.93117 -0.809716,2.02429 l 0.465587,-0.0405 q 0.08097,0.0607 0.303643,0.0607 h 0.34413 q 0.1417,0.0202 0.222672,0.0405 0.101214,0 0.1417,0 h 0.182186 q 0.04049,0.0202 0.182186,0.0202 v -8.36032 z m 4.81781,3.9676 q -0.04049,0.0405 -0.121457,0.10122 -0.08097,0.0607 -0.101215,0.081 -0.121457,0.0202 -0.263157,0.10122 -0.121458,0.0607 -0.202429,0.1417 -0.04049,0 -0.121458,0.0405 -0.08097,0.0202 -0.121457,0.0405 -0.526316,0.16194 -0.951417,0.16194 -0.890687,0 -1.882589,-0.58704 v 2.46963 q 0.323886,-0.1417 0.566801,-0.22267 0.242915,-0.081 0.404858,-0.12146 0.222672,-0.081 0.48583,-0.10121 0.04049,0 0.08097,0 0.06073,0 0.1417,-0.0203 h 0.242915 q 0.08097,0 0.202429,0.0203 0.121458,0 0.283401,0.0202 0.202429,0 0.506072,0.081 0.08097,0.0202 0.202429,0.0607 0.121458,0.0202 0.283401,0.10121 0.04049,0.0203 0.101214,0.0405 0.06073,0.0202 0.141701,0.0607 0.04049,0.0202 0.121457,0.0607 0.08097,0.0202 0.121458,0.0607 z m -3.805665,-0.78947 q 0.08097,0.46559 0.445344,0.66802 0.263157,0.18218 0.809716,0.30364 0.263157,0.0607 0.303643,0.0607 h 0.364372 q 0.06073,0 0.08097,-0.0202 h 0.121457 q 0.04049,0 0.06073,-0.0203 h 0.04049 q 0.242915,-0.0607 0.404858,-0.10121 0.182186,-0.0607 0.323886,-0.12146 0.161944,-0.081 0.303644,-0.18218 0.161943,-0.10122 0.384615,-0.26316 0,0 0.04049,-0.16195 0,-0.0405 0.02024,-0.10121 v -0.10121 q 0,-0.0203 0.02024,-0.0405 v -0.24291 q -0.02024,-0.0203 -0.02024,-0.081 v -0.10121 q -0.02024,-0.0202 -0.02024,-0.081 -0.06073,-0.34413 -0.263158,-0.66802 -0.182186,-0.34413 -0.425101,-0.64777 -0.242915,-0.30364 -0.546558,-0.54656 -0.283401,-0.24291 -0.566801,-0.38461 -0.04049,-0.0203 -0.101215,-0.0405 -0.04049,-0.0202 -0.161943,-0.0607 -0.06073,-0.0607 -0.242915,-0.081 -0.06073,0 -0.121457,-0.0202 h -0.141701 q -0.04048,0 -0.242914,-0.0405 H 14.21052 q -0.06073,0 -0.121457,-0.0202 h -0.121458 l -0.344129,-0.0405 z"
       id="path3448" />
  </g>
  <text
     xml:space="preserve"
     style="font-size:40px;line-height:1.25;font-family:'DS Cloister Black';-inkscape-font-specification:'DS Cloister Black, ';letter-spacing:0px;word-spacing:0px"
     x="132.58252"
     y="44.194176"
     id="text992"><tspan
       sodipodi:role="line"
       id="tspan990"></tspan></text>
  <g
     aria-label="D"
     id="text911-3"
     style="font-size:20.2429px;line-height:1.25;font-family:'DS Cloister Black';-inkscape-font-specification:'DS Cloister Black, ';letter-spacing:0px;word-spacing:0px;fill:#ffffff;fill-opacity:0.498039;stroke-width:0.506073">
    <path
       d="m 80.506072,5.0000008 q 0.445343,0.9311735 1.376517,1.1133596 l 6.821857,-0.2834006 q 0.384616,0.040486 0.910931,0.080972 0.546558,0.040486 1.25506,0.1214574 1.032388,0.1619432 1.821861,0.8906876 0.789473,0.7287445 1.194331,1.6801608 0.202429,0.4453438 0.344129,0.9109305 0.161944,0.4655867 0.283401,0.9716593 0.02024,0.04049 0.04049,0.1417 0.02024,0.08097 0.04049,0.182186 0,0.08097 0.06073,0.303644 0.06073,0.222672 0.121458,0.647773 0.02024,0.08097 0.04049,0.344129 0.02024,0.242915 0.04049,0.668016 0.06073,1.032388 0.06073,1.052631 v 0.688258 q 0,0.283401 0.02024,0.34413 v 1.356274 q 0,0.161943 -0.02024,0.506072 -0.02024,0.323887 -0.02024,0.48583 -1.619432,0.607287 -3.340078,2.125505 -0.303644,-0.101215 -1.659918,-0.425101 -0.283401,-0.06073 -0.850202,-0.182186 -0.850202,-0.182186 -1.295546,-0.182186 -0.323886,-0.04049 -0.647773,-0.06073 -0.323886,-0.02024 -0.647773,-0.02024 h -0.506072 q -0.02024,0.02024 -0.161943,0.02024 -0.161943,0.02024 -0.425101,0.04049 -0.242915,0.02024 -0.587044,0.06073 -0.161943,0.02024 -0.404858,0.08097 -0.242915,0.04049 -0.566802,0.121457 -1.477731,0.384615 -2.834006,1.174089 h -0.06073 q -0.02024,0 -0.04049,0.02024 h -0.121458 l -0.02024,0.02024 h -0.141701 q 0,0 0.04049,-0.161943 0.02024,-0.04049 0.06073,-0.101214 0.04049,-0.06073 0.06073,-0.08097 h 0.02024 v -0.02024 l 4.170038,-2.712549 q 0.62753,-0.4251 1.153845,-1.214574 0.425101,-0.668015 0.526316,-1.599189 v -0.161943 q -0.04049,-0.121457 -0.04049,-0.526315 -0.06073,-0.668016 -0.06073,-0.688259 v -0.182186 q -0.02024,-0.08097 -0.02024,-0.182186 v -0.34413 q 0,-0.161943 0,-0.323886 0,-0.161943 0.02024,-0.323886 0.02024,-0.445344 0.121458,-1.336032 0.02024,-0.1012144 0.06073,-0.2631576 0.04049,-0.1619432 0.08097,-0.3846151 0.1417,-0.6882586 0.344129,-1.2550598 l -0.121457,-0.040486 q -0.04049,0.040486 -0.06073,0.040486 h -0.02024 l -0.02024,0.020243 H 86.8421 q -0.06073,0.060729 -0.141701,0.060729 -0.971659,0.6477728 -1.174088,1.5789462 v 0.202429 q -0.02024,0.040486 -0.02024,0.2024287 -0.02024,0.101215 -0.02024,0.222672 0,0.101215 0,0.202429 -0.02024,0.02024 -0.02024,0.121458 v 0.121457 q 0,-0.02024 0,0.08097 0,0.08097 -0.02024,0.263157 l -0.02024,0.364373 q -0.02024,0.202429 -0.02024,0.364372 0,0.161943 0,0.323886 v 0.303644 q 0,0.222672 0.02024,0.2834 0,0.323887 0,0.607287 0.02024,0.283401 0.06073,0.566802 -0.161943,1.39676 -1.093116,2.388662 -0.910931,0.991902 -2.085019,1.781375 l -0.748988,0.506073 q -0.465586,0.323886 -0.708501,0.425101 h -0.263158 l 0.323887,-0.323887 q 0.06073,-0.06073 0.1417,-0.1417 0.101214,-0.101215 0.202429,-0.222672 0.76923,-0.870445 0.910931,-1.11336 0.445343,-0.647772 0.445343,-1.336031 v -0.08097 q -0.02024,-0.02024 -0.04049,-0.121457 -0.02024,-0.101215 -0.02024,-0.182186 v -0.08097 q -0.04049,-0.04049 -0.04049,-0.08097 v -0.08097 q -0.02024,-0.02024 -0.06073,-0.1417 -0.02024,0 -0.02024,-0.04049 -0.182186,-0.425101 -0.506072,-0.708502 -0.303644,-0.2834 -0.708502,-0.2834 l -0.242915,-0.04049 q -0.08097,0.04049 -0.202429,0.121457 -0.101214,0.06073 -0.263157,0.161944 -0.161944,0.121457 -0.404858,0.2834 l -0.06073,0.06073 -0.04049,0.04049 q 0,-0.910931 0.728745,-1.457489 0.688258,-0.465587 1.619432,-0.465587 h 0.121457 l 0.546558,-0.04049 q 0.06073,-3.0364348 3.056678,-4.6356239 l -3.724693,-0.040486 q -0.688259,0 -1.356275,-0.7489874 Q 80.485829,6.7408903 80.384614,5.991903 V 5.6275308 q 0,-0.020243 0.04049,-0.2226719 l 0.02024,-0.020243 v -0.040486 q 0,-0.060729 0.02024,-0.1214575 0.02024,-0.080972 0.04049,-0.1214574 z m 9.959507,9.5344062 q -0.02024,0.02024 -0.303644,0.08097 -0.384615,0.06073 -0.971659,0.323886 -0.101214,0.04049 -0.263158,0.1417 -0.1417,0.08097 -0.303643,0.242915 v 1.174089 q 0.890688,0.1417 1.619432,0.2834 0.748987,0.121458 1.376517,0.283401 0.161943,0.04049 0.404858,0.101214 0.242915,0.06073 0.566801,0.161943 0,-0.04049 0.02024,-0.101214 v -0.08097 q 0,-0.06073 0.02024,-0.101214 v -0.647773 q -0.02024,-0.04049 -0.02024,-0.161943 v -0.323887 q -0.02024,-0.101214 -0.04049,-0.182186 0,-0.08097 0,-0.1417 l -0.06073,-0.303644 q -0.222672,-0.1417 -0.728745,-0.4251 -0.364372,-0.202429 -0.789473,-0.242915 -0.06073,0 -0.101214,-0.02024 h -0.101215 q -0.06073,0 -0.101214,-0.02024 H 90.587036 Z M 87.61133,8.1376505 q -0.02024,0.040486 -0.06073,0.1214574 -0.04049,0.080972 -0.08097,0.1821861 0,0.040486 -0.04049,0.1417003 -0.04049,0.1012145 -0.06073,0.1619432 -0.02024,0.1012145 -0.06073,0.2429148 -0.04049,0.1417003 -0.101214,0.3643722 v 0.080972 q -0.02024,0.060729 -0.04049,0.1214574 0,0.060729 0,0.1821861 v 0.1821861 q -0.02024,0.060729 -0.02024,0.2024293 -0.06073,0.425101 -0.06073,0.587044 v 0.202429 q 0,0.1417 -0.04049,0.425101 -0.02024,0.263158 -0.02024,0.384615 -0.02024,0.263158 -0.02024,0.465587 0,0.182186 0,0.2834 v 0.303644 q 0,0.242915 0,0.384615 0.02024,0.1417 0.02024,0.242915 0.02024,0.08097 0.02024,0.161943 0.02024,0.06073 0.02024,0.161943 0.02024,0.101215 0.02024,0.182186 0,0.06073 0.02024,0.141701 0,0.08097 0.02024,0.1417 v 0.161943 q -0.1417,0.931173 -0.809716,2.02429 l 0.465587,-0.04049 q 0.08097,0.06073 0.303643,0.06073 h 0.34413 q 0.1417,0.02024 0.222672,0.04049 0.101214,0 0.1417,0 h 0.182186 q 0.04049,0.02024 0.182186,0.02024 V 8.0971647 Z m 4.81781,3.9676085 q -0.04049,0.04049 -0.121457,0.101215 -0.08097,0.06073 -0.101215,0.08097 -0.121457,0.02024 -0.263157,0.101215 -0.121458,0.06073 -0.202429,0.1417 -0.04049,0 -0.121458,0.04049 -0.08097,0.02024 -0.121457,0.04049 -0.526316,0.161943 -0.951417,0.161943 -0.890687,0 -1.882589,-0.587044 v 2.469634 q 0.323886,-0.141701 0.566801,-0.222672 0.242915,-0.08097 0.404858,-0.121458 0.222672,-0.08097 0.48583,-0.101214 0.04049,0 0.08097,0 0.06073,0 0.1417,-0.02024 h 0.242915 q 0.08097,0 0.202429,0.02024 0.121458,0 0.283401,0.02024 0.202429,0 0.506072,0.08097 0.08097,0.02024 0.202429,0.06073 0.121458,0.02024 0.283401,0.101214 0.04049,0.02024 0.101215,0.04049 0.06073,0.02024 0.1417,0.06073 0.04049,0.02024 0.121457,0.06073 0.08097,0.02024 0.121458,0.06073 z m -3.805665,-0.789473 q 0.08097,0.465587 0.445344,0.668016 0.263157,0.182186 0.809716,0.303643 0.263157,0.06073 0.303643,0.06073 h 0.364372 q 0.06073,0 0.08097,-0.02024 h 0.121457 q 0.04049,0 0.06073,-0.02024 h 0.04049 q 0.242915,-0.06073 0.404858,-0.101214 0.182186,-0.06073 0.323886,-0.121458 0.161944,-0.08097 0.303644,-0.182186 0.161943,-0.101214 0.384615,-0.263158 0,0 0.04049,-0.161943 0,-0.04049 0.02024,-0.101214 V 11.2753 q 0,-0.02024 0.02024,-0.04049 v -0.242915 q -0.02024,-0.02024 -0.02024,-0.08097 v -0.101215 q -0.02024,-0.02024 -0.02024,-0.08097 -0.06073,-0.34413 -0.263158,-0.668016 Q 91.862339,9.7165967 91.619424,9.4129532 91.376509,9.1093097 91.072866,8.8663949 90.789465,8.6234801 90.506065,8.4817798 90.465579,8.4615369 90.40485,8.441294 q -0.04049,-0.020243 -0.161943,-0.060729 -0.06073,-0.060729 -0.242915,-0.080972 -0.06073,0 -0.121457,-0.020243 h -0.141701 q -0.04049,0 -0.242914,-0.040486 h -0.283401 q -0.06073,0 -0.121457,-0.020243 h -0.121458 l -0.344129,-0.040486 z"
       id="path3451" />
  </g>
</svg>
