<?xml version="1.0" encoding="UTF-8" standalone="no"?>
<svg
   width="100px"
   height="140px"
   viewbox="0 0 100 140"
   version="1.1"
   id="svg47"
   sodipodi:docname="card-holy-d.svg"
   inkscape:export-filename="card-back.png"
   inkscape:export-xdpi="96"
   inkscape:export-ydpi="96"
   inkscape:version="1.2.2 (732a01da63, 2022-12-09)"
   xmlns:inkscape="http://www.inkscape.org/namespaces/inkscape"
   xmlns:sodipodi="http://sodipodi.sourceforge.net/DTD/sodipodi-0.dtd"
   xmlns="http://www.w3.org/2000/svg"
   xmlns:svg="http://www.w3.org/2000/svg">
  <defs
     id="defs51" />
  <sodipodi:namedview
     id="namedview49"
     pagecolor="#ffffff"
     bordercolor="#666666"
     borderopacity="1.0"
     inkscape:showpageshadow="2"
     inkscape:pageopacity="0.0"
     inkscape:pagecheckerboard="0"
     inkscape:deskcolor="#d1d1d1"
     showgrid="false"
     inkscape:zoom="5.6568542"
     inkscape:cx="40.923805"
     inkscape:cy="69.296465"
     inkscape:window-width="1920"
     inkscape:window-height="1017"
     inkscape:window-x="-8"
     inkscape:window-y="-8"
     inkscape:window-maximized="1"
     inkscape:current-layer="svg47" />
  <g
     class=""
     id="g6197-8"
     transform="matrix(0.04545455,0,0,0.05002162,3.8636362,81.237738)"
     style="fill:#ffffff;fill-opacity:1">
    <path
       d="m 196.73,35.23 c -8.132,0.878 -16.3,1.936 -24.515,3.172 C 192.968,50.21 212.045,66.795 224,96 199.104,73.488 179.768,56.5 148.205,42.488 c -8.808,1.676 -17.69,3.562 -26.656,5.64 22.69,10.745 49.026,26.094 75.114,51.306 C 139.207,73.98 114.871,68.368 76.433,60.034 64.33,63.598 52.03,67.5 39.5,71.743 94.313,75.275 142.627,91.387 226.846,119.46 l 2.015,0.673 1.503,1.504 c 5.794,5.793 15.356,9.254 25.203,9.353 C 252.842,91.56 236.78,63.188 196.731,35.23 Z m 118.54,0 c -40.05,27.958 -56.11,56.33 -58.836,95.76 9.847,-0.1 19.41,-3.56 25.203,-9.353 l 1.502,-1.504 2.014,-0.672 C 369.374,91.39 417.687,75.277 472.5,71.745 459.97,67.502 447.67,63.6 435.566,60.035 c -38.438,8.334 -62.774,13.946 -120.23,39.4 26.088,-25.212 52.424,-40.56 75.115,-51.307 -8.964,-2.077 -17.847,-3.963 -26.655,-5.64 -31.563,14.014 -50.9,31 -75.795,53.513 11.954,-29.205 31.032,-45.79 51.785,-57.598 -8.216,-1.236 -16.383,-2.294 -24.515,-3.172 z M 25,89.287 v 301.758 c 44.68,0.19 106.01,16.813 190,44.498 V 134.503 C 128.034,105.534 81.67,90.71 25,89.288 Z m 462,0 c -56.67,1.423 -103.034,16.246 -190,45.217 v 301.05 c 84.317,-27.698 143.413,-42.5 190,-44.2 z m -254,55.195 v 200.325 c 15.47,3.1 30.71,3.292 46,0.097 V 144.482 c -7.227,3.058 -15.14,4.518 -23,4.518 -7.86,0 -15.773,-1.46 -23,-4.518 z m 0,218.627 v 13.933 c 15.296,3.488 30.512,3.284 46,-0.1 V 363.22 c -15.37,2.728 -30.764,2.543 -46,-0.11 z m 46,32.185 c -15.226,2.856 -30.633,3.058 -46,0.125 v 48.838 c 3.222,3.24 5.775,5.876 8.365,7.56 3.283,2.136 6.77,3.49 14.274,3.19 l 0.18,-0.008 h 0.18 c 11.61,0 15.954,-4.04 23,-10.836 v -48.87 z"
       fill="#000000"
       fill-opacity="1"
       id="path6195-7"
       style="fill:#ffffff;fill-opacity:1" />
  </g>
  <path
     id="rect2"
     style="opacity:1;fill:#208020;stroke:#000000"
     d="m 4.5,0.5 h 91 c 2.216,0 4,1.784 4,4 v 131 c 0,2.216 -1.784,4 -4,4 h -91 c -2.216,0 -4,-1.784 -4,-4 V 4.5 c 0,-2.216 1.784,-4 4,-4 z" />
  <g
     aria-label="D"
     id="text355-4"
     style="font-size:20.2429px;line-height:1.25;font-family:'DS Cloister Black';-inkscape-font-specification:'DS Cloister Black, ';letter-spacing:0px;word-spacing:0px;fill:#ffffff;fill-opacity:0.498039;stroke-width:0.506072">
    <path
       d="m 5.5060726,120.00001 q 0.4453438,0.93117 1.3765173,1.11336 l 6.8218571,-0.2834 q 0.384616,0.0405 0.910931,0.081 0.546558,0.0405 1.25506,0.12145 1.032388,0.16195 1.821861,0.89069 0.789473,0.72875 1.194331,1.68016 0.202429,0.44535 0.344129,0.91093 0.161944,0.46559 0.283401,0.97166 0.02024,0.0405 0.04049,0.1417 0.02024,0.081 0.04049,0.18219 0,0.081 0.06073,0.30364 0.06073,0.22267 0.121458,0.64778 0.02024,0.081 0.04049,0.34412 0.02024,0.24292 0.04049,0.66802 0.06073,1.03239 0.06073,1.05263 v 0.68826 q 0,0.2834 0.02024,0.34413 v 1.35627 q 0,0.16195 -0.02024,0.50608 -0.02024,0.32388 -0.02024,0.48583 -1.619432,0.60728 -3.340079,2.1255 -0.303643,-0.10121 -1.659917,-0.4251 -0.283401,-0.0607 -0.850202,-0.18219 -0.850202,-0.18218 -1.295546,-0.18218 -0.323886,-0.0405 -0.647773,-0.0607 -0.323886,-0.0202 -0.647773,-0.0202 h -0.506072 q -0.02024,0.0202 -0.161943,0.0202 -0.161943,0.0202 -0.425101,0.0405 -0.242915,0.0203 -0.5870443,0.0607 -0.1619432,0.0203 -0.404858,0.081 -0.2429149,0.0405 -0.5668013,0.12146 -1.4777317,0.38462 -2.8340061,1.17409 h -0.060729 q -0.020243,0 -0.040486,0.0202 H 5.7489874 L 5.7287445,135 H 5.5870442 q 0,0 0.040486,-0.16195 0.020243,-0.0405 0.060729,-0.10121 0.040486,-0.0607 0.060729,-0.081 h 0.020243 v -0.0203 l 4.1700376,-2.71254 q 0.6275301,-0.42511 1.1538451,-1.21458 0.425101,-0.66801 0.526316,-1.59919 v -0.16194 q -0.04049,-0.12146 -0.04049,-0.52632 -0.06073,-0.66801 -0.06073,-0.68826 v -0.18218 q -0.02024,-0.081 -0.02024,-0.18219 v -0.34413 q 0,-0.16194 0,-0.32388 0,-0.16195 0.02024,-0.32389 0.02024,-0.44534 0.121458,-1.33603 0.02024,-0.10122 0.06073,-0.26316 0.04049,-0.16194 0.08097,-0.38461 0.1417,-0.68826 0.344129,-1.25506 l -0.121457,-0.0405 q -0.04049,0.0405 -0.06073,0.0405 h -0.02024 l -0.02024,0.0202 h -0.06073 q -0.06073,0.0607 -0.141701,0.0607 -0.971659,0.64777 -1.174088,1.57894 V 125 q -0.02024,0.0405 -0.02024,0.20243 -0.02024,0.10122 -0.02024,0.22267 0,0.10122 0,0.20243 -0.02024,0.0203 -0.02024,0.12146 v 0.12146 q 0,-0.0203 0,0.081 0,0.081 -0.02024,0.26316 l -0.02024,0.36437 q -0.02024,0.20243 -0.02024,0.36437 0,0.16194 0,0.32389 v 0.30364 q 0,0.22267 0.02024,0.2834 0,0.32389 0,0.60729 0.02024,0.2834 0.06073,0.5668 -0.161943,1.39676 -1.0931164,2.38866 -0.9109306,0.9919 -2.0850188,1.78138 l -0.7489874,0.50607 q -0.4655867,0.32389 -0.7085015,0.4251 H 5.5870442 l 0.3238864,-0.32389 q 0.060729,-0.0607 0.1417003,-0.1417 0.1012145,-0.10121 0.202429,-0.22267 0.7692303,-0.87044 0.9109306,-1.11336 0.4453438,-0.64777 0.4453438,-1.33603 v -0.081 q -0.020243,-0.0202 -0.040486,-0.12146 -0.020243,-0.10121 -0.020243,-0.18218 v -0.081 q -0.040486,-0.0405 -0.040486,-0.081 v -0.081 q -0.020243,-0.0202 -0.060729,-0.1417 -0.020243,0 -0.020243,-0.0405 -0.1821861,-0.42511 -0.5060725,-0.70851 -0.3036436,-0.2834 -0.7085016,-0.2834 l -0.2429148,-0.0405 q -0.080972,0.0405 -0.202429,0.12146 -0.1012145,0.0607 -0.2631577,0.16194 -0.1619432,0.12146 -0.404858,0.2834 l -0.060729,0.0607 -0.040486,0.0405 q 0,-0.91093 0.7287444,-1.45749 0.6882586,-0.46558 1.6194321,-0.46558 H 7.469634 l 0.5465583,-0.0405 q 0.060729,-3.03643 3.0566777,-4.63562 l -3.7246934,-0.0405 q -0.6882587,0 -1.3562744,-0.74899 -0.5060725,-0.68825 -0.607287,-1.43724 v -0.36437 q 0,-0.0202 0.040486,-0.22268 l 0.020243,-0.0202 v -0.0405 q 0,-0.0607 0.020243,-0.12146 0.020243,-0.081 0.040486,-0.12146 z m 9.9595074,9.5344 q -0.02024,0.0203 -0.303644,0.081 -0.384615,0.0607 -0.971659,0.32389 -0.101214,0.0405 -0.263158,0.1417 -0.1417,0.081 -0.303643,0.24292 v 1.17408 q 0.890687,0.1417 1.619432,0.2834 0.748987,0.12146 1.376517,0.28341 0.161943,0.0405 0.404858,0.10121 0.242915,0.0607 0.566801,0.16194 0,-0.0405 0.02024,-0.10121 v -0.081 q 0,-0.0607 0.02024,-0.10122 v -0.64777 q -0.02024,-0.0405 -0.02024,-0.16194 v -0.32389 q -0.02024,-0.10121 -0.04049,-0.18219 0,-0.081 0,-0.1417 l -0.06073,-0.30364 q -0.222672,-0.1417 -0.728745,-0.4251 -0.364372,-0.20243 -0.789473,-0.24292 -0.06073,0 -0.101214,-0.0202 h -0.101215 q -0.06073,0 -0.101214,-0.0202 h -0.101215 z m -2.854249,-6.39675 q -0.02024,0.0405 -0.06073,0.12145 -0.04049,0.081 -0.08097,0.18219 0,0.0405 -0.04049,0.1417 -0.04049,0.10121 -0.06073,0.16194 -0.02024,0.10122 -0.06073,0.24292 -0.04049,0.1417 -0.101214,0.36437 v 0.081 q -0.02024,0.0607 -0.04049,0.12146 0,0.0607 0,0.18219 v 0.18218 q -0.02024,0.0607 -0.02024,0.20243 -0.06073,0.4251 -0.06073,0.58704 v 0.20243 q 0,0.1417 -0.04049,0.4251 -0.02024,0.26316 -0.02024,0.38462 -0.02024,0.26316 -0.02024,0.46559 0,0.18218 0,0.2834 v 0.30364 q 0,0.24292 0,0.38462 0.02024,0.1417 0.02024,0.24291 0.02024,0.081 0.02024,0.16194 0.02024,0.0607 0.02024,0.16195 0.02024,0.10121 0.02024,0.18218 0,0.0607 0.02024,0.1417 0,0.081 0.02024,0.1417 v 0.16195 q -0.1417,0.93117 -0.809716,2.02429 l 0.465587,-0.0405 q 0.08097,0.0607 0.303643,0.0607 h 0.34413 q 0.1417,0.0202 0.222672,0.0405 0.101214,0 0.1417,0 h 0.182186 q 0.04049,0.0202 0.182186,0.0202 v -8.36032 z m 4.81781,3.9676 q -0.04049,0.0405 -0.121457,0.10122 -0.08097,0.0607 -0.101215,0.081 -0.121457,0.0202 -0.263157,0.10122 -0.121458,0.0607 -0.202429,0.1417 -0.04049,0 -0.121458,0.0405 -0.08097,0.0202 -0.121457,0.0405 -0.526316,0.16194 -0.951417,0.16194 -0.890687,0 -1.882589,-0.58704 v 2.46963 q 0.323886,-0.1417 0.566801,-0.22267 0.242915,-0.081 0.404858,-0.12146 0.222672,-0.081 0.48583,-0.10121 0.04049,0 0.08097,0 0.06073,0 0.1417,-0.0203 h 0.242915 q 0.08097,0 0.202429,0.0203 0.121458,0 0.283401,0.0202 0.202429,0 0.506072,0.081 0.08097,0.0202 0.202429,0.0607 0.121458,0.0202 0.283401,0.10121 0.04049,0.0203 0.101214,0.0405 0.06073,0.0202 0.141701,0.0607 0.04049,0.0202 0.121457,0.0607 0.08097,0.0202 0.121458,0.0607 z m -3.805665,-0.78947 q 0.08097,0.46559 0.445344,0.66802 0.263157,0.18218 0.809716,0.30364 0.263157,0.0607 0.303643,0.0607 h 0.364372 q 0.06073,0 0.08097,-0.0202 h 0.121457 q 0.04049,0 0.06073,-0.0203 h 0.04049 q 0.242915,-0.0607 0.404858,-0.10121 0.182186,-0.0607 0.323886,-0.12146 0.161944,-0.081 0.303644,-0.18218 0.161943,-0.10122 0.384615,-0.26316 0,0 0.04049,-0.16195 0,-0.0405 0.02024,-0.10121 v -0.10121 q 0,-0.0203 0.02024,-0.0405 v -0.24291 q -0.02024,-0.0203 -0.02024,-0.081 v -0.10121 q -0.02024,-0.0202 -0.02024,-0.081 -0.06073,-0.34413 -0.263158,-0.66802 -0.182186,-0.34413 -0.425101,-0.64777 -0.242915,-0.30364 -0.546558,-0.54656 -0.283401,-0.24291 -0.566801,-0.38461 -0.04049,-0.0203 -0.101215,-0.0405 -0.04049,-0.0202 -0.161943,-0.0607 -0.06073,-0.0607 -0.242915,-0.081 -0.06073,0 -0.121457,-0.0202 h -0.141701 q -0.04048,0 -0.242914,-0.0405 H 14.21052 q -0.06073,0 -0.121457,-0.0202 h -0.121458 l -0.344129,-0.0405 z"
       id="path1985" />
  </g>
  <g
     class=""
     id="g6197"
     transform="matrix(0.04598931,0,0,0.05002162,3.8532085,3.2377383)"
     style="fill:#ffffff;fill-opacity:1">
    <path
       d="m 193.27439,30.232162 c -8.22881,0.898905 -16.49405,1.982095 -24.80685,3.247524 21.00006,12.089142 40.30417,29.069023 52.40149,58.96938 -25.19238,-23.048 -44.75857,-40.440476 -76.69732,-54.786095 -8.91285,1.715905 -17.90059,3.64681 -26.97333,5.774286 22.96012,11.000833 49.60964,26.715285 76.00821,52.527571 C 135.06659,69.90478 110.44088,64.159161 71.545294,55.626733 59.298212,59.27559 46.851785,63.270494 34.172619,67.614518 89.638149,71.230613 138.52731,87.726234 223.74891,116.46763 l 2.03898,0.68903 1.5209,1.53981 c 5.86297,5.93093 15.5388,9.47433 25.50303,9.57569 C 250.05438,87.903353 233.80117,58.855828 193.2754,30.232162 Z m 119.95117,0 c -40.52678,28.623666 -56.77797,57.671191 -59.53642,98.039998 9.96423,-0.10238 19.64107,-3.64476 25.50303,-9.57569 l 1.51988,-1.53981 2.03798,-0.688 C 367.97365,87.729305 416.8618,71.232661 472.32733,67.616566 459.64817,63.272542 447.20174,59.277637 434.95365,55.627756 396.05805,64.160185 371.43234,69.905804 313.29235,95.965852 339.69092,70.153566 366.34044,54.440137 389.30157,43.437257 380.23085,41.310805 371.2421,39.3799 362.32925,37.662971 330.3905,52.010638 310.8233,69.401066 285.63194,92.45009 297.72824,62.549732 317.03336,45.569852 338.03342,33.48071 329.71961,32.215281 321.45538,31.132091 313.22658,30.233186 Z M 19.500002,85.576236 V 394.51893 c 45.2119,0.19453 107.272008,17.21331 192.261878,45.55748 V 131.8688 C 123.76058,102.21006 76.844639,87.033115 19.500002,85.57726 Z m 467.499948,0 C 429.65531,87.033115 382.73937,102.20904 294.73807,131.86982 v 308.21785 c 85.32076,-28.35747 145.12028,-43.5119 192.26188,-45.25238 z M 229.97617,142.08539 v 205.09464 c 15.65416,3.17381 31.07559,3.37038 46.54761,0.0993 V 142.08539 c -7.31303,3.13081 -15.32023,4.62558 -23.27381,4.62558 -7.95357,0 -15.96077,-1.49477 -23.2738,-4.62558 z m 0,223.8324 v 14.26474 c 15.47809,3.57105 30.87523,3.36219 46.54761,-0.10238 v -14.04871 c -15.55297,2.79295 -31.13023,2.60354 -46.54761,-0.11262 z m 46.54761,32.95131 c -15.40726,2.924 -30.99767,3.13081 -46.54761,0.12798 v 50.00081 c 3.26035,3.31714 5.84375,6.0159 8.46458,7.74 3.32208,2.18685 6.85059,3.57309 14.44393,3.26595 l 0.18214,-0.008 h 0.18214 c 11.74822,0 16.14393,-4.13619 23.27381,-11.094 v -50.03357 z"
       fill="#000000"
       fill-opacity="1"
       id="path6195-73"
       style="fill:#000000;fill-opacity:1;stroke-width:1.01783" />
    <path
       d="m 194.66916,35.23 c -8.03744,0.878 -16.11046,1.936 -24.22994,3.172 C 190.95091,50.21 209.80608,66.795 221.62207,96 197.01556,73.488 177.9044,56.5 146.70841,42.488 c -8.70558,1.676 -17.4843,3.562 -26.34604,5.64 22.42616,10.745 48.45592,26.094 74.24057,51.306 C 137.81504,73.98 113.76202,68.368 75.770982,60.034 63.808715,63.598 51.65174,67.5 39.267439,71.743 93.443073,75.275 141.19527,91.387 224.43497,119.46 l 1.99157,0.673 1.48553,1.504 c 5.72662,5.793 15.17744,9.254 24.90994,9.353 -2.69332,-39.43 -18.56855,-67.802 -58.15186,-95.76 z m 117.16162,0 c -39.5843,27.958 -55.45755,56.33 -58.15186,95.76 9.7325,-0.1 19.1843,-3.56 24.90994,-9.353 l 1.48454,-1.504 1.99058,-0.672 C 365.30566,91.39 413.05687,75.277 467.23251,71.745 454.84821,67.502 442.69123,63.6 430.72798,60.035 c -37.99105,8.334 -62.04407,13.946 -118.83197,39.4 25.78465,-25.212 51.81441,-40.56 74.24156,-51.307 -8.85976,-2.077 -17.63947,-3.963 -26.34505,-5.64 -31.19599,14.014 -50.30814,31 -74.91366,53.513 11.815,-29.205 30.67116,-45.79 51.18285,-57.598 -8.12047,-1.236 -16.1925,-2.294 -24.22994,-3.172 z M 24.936045,89.287 v 301.758 c 44.160461,0.19 104.777305,16.813 187.790675,44.498 V 134.503 C 126.77196,105.534 80.947086,90.71 24.936045,89.288 Z m 456.627855,0 c -56.01104,1.423 -101.83592,16.246 -187.79068,45.217 v 301.05 c 83.33656,-27.698 141.74539,-42.5 187.79068,-44.2 z m -251.04649,55.195 v 200.325 c 15.29012,3.1 30.35291,3.292 45.46512,0.097 V 144.482 c -7.14297,3.058 -14.96396,4.518 -22.73256,4.518 -7.7686,0 -15.58959,-1.46 -22.73256,-4.518 z m 0,218.627 v 13.933 c 15.11814,3.488 30.15721,3.284 45.46512,-0.1 V 363.22 c -15.19128,2.728 -30.40628,2.543 -45.46512,-0.11 z m 45.46512,32.185 c -15.04896,2.856 -30.2768,3.058 -45.46512,0.125 v 48.838 c 3.18454,3.24 5.70785,5.876 8.26774,7.56 3.24482,2.136 6.69127,3.49 14.10802,3.19 l 0.1779,-0.008 h 0.17791 c 11.475,0 15.76849,-4.04 22.73256,-10.836 v -48.87 z"
       fill="#000000"
       fill-opacity="1"
       id="path6195"
       style="fill:#ffffff;fill-opacity:1;stroke-width:0.994169" />
  </g>
  <g
     class=""
     id="g6197-87"
     transform="matrix(0.04598931,0,0,0.05002162,3.8532084,29.237738)"
     style="fill:#ffffff;fill-opacity:1">
    <path
       d="m 193.27439,30.232162 c -8.22881,0.898905 -16.49405,1.982095 -24.80685,3.247524 21.00006,12.089142 40.30417,29.069023 52.40149,58.96938 -25.19238,-23.048 -44.75857,-40.440476 -76.69732,-54.786095 -8.91285,1.715905 -17.90059,3.64681 -26.97333,5.774286 22.96012,11.000833 49.60964,26.715285 76.00821,52.527571 C 135.06659,69.90478 110.44088,64.159161 71.545294,55.626733 59.298212,59.27559 46.851785,63.270494 34.172619,67.614518 89.638149,71.230613 138.52731,87.726234 223.74891,116.46763 l 2.03898,0.68903 1.5209,1.53981 c 5.86297,5.93093 15.5388,9.47433 25.50303,9.57569 C 250.05438,87.903353 233.80117,58.855828 193.2754,30.232162 Z m 119.95117,0 c -40.52678,28.623666 -56.77797,57.671191 -59.53642,98.039998 9.96423,-0.10238 19.64107,-3.64476 25.50303,-9.57569 l 1.51988,-1.53981 2.03798,-0.688 C 367.97365,87.729305 416.8618,71.232661 472.32733,67.616566 459.64817,63.272542 447.20174,59.277637 434.95365,55.627756 396.05805,64.160185 371.43234,69.905804 313.29235,95.965852 339.69092,70.153566 366.34044,54.440137 389.30157,43.437257 380.23085,41.310805 371.2421,39.3799 362.32925,37.662971 330.3905,52.010638 310.8233,69.401066 285.63194,92.45009 297.72824,62.549732 317.03336,45.569852 338.03342,33.48071 329.71961,32.215281 321.45538,31.132091 313.22658,30.233186 Z M 19.500002,85.576236 V 394.51893 c 45.2119,0.19453 107.272008,17.21331 192.261878,45.55748 V 131.8688 C 123.76058,102.21006 76.844639,87.033115 19.500002,85.57726 Z m 467.499948,0 C 429.65531,87.033115 382.73937,102.20904 294.73807,131.86982 v 308.21785 c 85.32076,-28.35747 145.12028,-43.5119 192.26188,-45.25238 z M 229.97617,142.08539 v 205.09464 c 15.65416,3.17381 31.07559,3.37038 46.54761,0.0993 V 142.08539 c -7.31303,3.13081 -15.32023,4.62558 -23.27381,4.62558 -7.95357,0 -15.96077,-1.49477 -23.2738,-4.62558 z m 0,223.8324 v 14.26474 c 15.47809,3.57105 30.87523,3.36219 46.54761,-0.10238 v -14.04871 c -15.55297,2.79295 -31.13023,2.60354 -46.54761,-0.11262 z m 46.54761,32.95131 c -15.40726,2.924 -30.99767,3.13081 -46.54761,0.12798 v 50.00081 c 3.26035,3.31714 5.84375,6.0159 8.46458,7.74 3.32208,2.18685 6.85059,3.57309 14.44393,3.26595 l 0.18214,-0.008 h 0.18214 c 11.74822,0 16.14393,-4.13619 23.27381,-11.094 v -50.03357 z"
       fill="#000000"
       fill-opacity="1"
       id="path6195-73-1"
       style="fill:#000000;fill-opacity:1;stroke-width:1.01783" />
    <path
       d="m 194.66916,35.23 c -8.03744,0.878 -16.11046,1.936 -24.22994,3.172 C 190.95091,50.21 209.80608,66.795 221.62207,96 197.01556,73.488 177.9044,56.5 146.70841,42.488 c -8.70558,1.676 -17.4843,3.562 -26.34604,5.64 22.42616,10.745 48.45592,26.094 74.24057,51.306 C 137.81504,73.98 113.76202,68.368 75.770982,60.034 63.808715,63.598 51.65174,67.5 39.267439,71.743 93.443073,75.275 141.19527,91.387 224.43497,119.46 l 1.99157,0.673 1.48553,1.504 c 5.72662,5.793 15.17744,9.254 24.90994,9.353 -2.69332,-39.43 -18.56855,-67.802 -58.15186,-95.76 z m 117.16162,0 c -39.5843,27.958 -55.45755,56.33 -58.15186,95.76 9.7325,-0.1 19.1843,-3.56 24.90994,-9.353 l 1.48454,-1.504 1.99058,-0.672 C 365.30566,91.39 413.05687,75.277 467.23251,71.745 454.84821,67.502 442.69123,63.6 430.72798,60.035 c -37.99105,8.334 -62.04407,13.946 -118.83197,39.4 25.78465,-25.212 51.81441,-40.56 74.24156,-51.307 -8.85976,-2.077 -17.63947,-3.963 -26.34505,-5.64 -31.19599,14.014 -50.30814,31 -74.91366,53.513 11.815,-29.205 30.67116,-45.79 51.18285,-57.598 -8.12047,-1.236 -16.1925,-2.294 -24.22994,-3.172 z M 24.936045,89.287 v 301.758 c 44.160461,0.19 104.777305,16.813 187.790675,44.498 V 134.503 C 126.77196,105.534 80.947086,90.71 24.936045,89.288 Z m 456.627855,0 c -56.01104,1.423 -101.83592,16.246 -187.79068,45.217 v 301.05 c 83.33656,-27.698 141.74539,-42.5 187.79068,-44.2 z m -251.04649,55.195 v 200.325 c 15.29012,3.1 30.35291,3.292 45.46512,0.097 V 144.482 c -7.14297,3.058 -14.96396,4.518 -22.73256,4.518 -7.7686,0 -15.58959,-1.46 -22.73256,-4.518 z m 0,218.627 v 13.933 c 15.11814,3.488 30.15721,3.284 45.46512,-0.1 V 363.22 c -15.19128,2.728 -30.40628,2.543 -45.46512,-0.11 z m 45.46512,32.185 c -15.04896,2.856 -30.2768,3.058 -45.46512,0.125 v 48.838 c 3.18454,3.24 5.70785,5.876 8.26774,7.56 3.24482,2.136 6.69127,3.49 14.10802,3.19 l 0.1779,-0.008 h 0.17791 c 11.475,0 15.76849,-4.04 22.73256,-10.836 v -48.87 z"
       fill="#000000"
       fill-opacity="1"
       id="path6195-6"
       style="fill:#ffffff;fill-opacity:1;stroke-width:0.994169" />
  </g>
  <g
     aria-label="2"
     id="text355"
     style="font-size:27.7778px;line-height:1.25;font-family:'DS Cloister Black';-inkscape-font-specification:'DS Cloister Black, ';text-align:center;letter-spacing:0px;word-spacing:0px;text-anchor:middle;stroke-width:0.694444">
    <path
       d="m 55.708341,10.388892 v 0.277778 q 0,0.194445 0.02778,0.25 v 0.361112 q 0,0.08333 0.02778,0.138889 v 0.111111 q 0,3.166669 -3.27778,5.694449 l -3.888892,2.361113 q -1.666668,1.000001 -2.638891,2.555557 0.444445,-0.194444 0.944445,-0.361111 0.527778,-0.194445 1.13889,-0.361111 1.083334,-0.305556 2.194446,-0.416667 0.194445,0 0.277778,-0.02778 h 0.277778 q 0.194445,0 0.277778,-0.02778 h 0.638889 0.08333 q 0.05555,0 0.111111,0.02778 0.05556,0 0.166667,0 0.166667,0.02778 0.305556,0.02778 0.138889,0 0.222222,0 0.111111,0 0.194445,0.02778 0.166666,0 0.416667,0.05556 0.277778,0.05556 0.416667,0.08333 0.08333,0.02778 0.194444,0.05556 0.111111,0.02778 0.222223,0.08333 0.138889,0.02778 0.361111,0.08333 0.777778,0.222222 1.583335,0.583334 l -2.166669,2.527779 -2.694446,-0.916667 -3.222225,-0.111111 q -0.08333,0.02778 -0.333334,0.08333 -0.222222,0.05556 -0.611111,0.166667 -0.333334,0.08333 -0.472223,0.08333 -0.02778,0 -0.111111,0.02778 -0.08333,0.02778 -0.361111,0.08333 -0.166667,0.02778 -0.944446,0.25 -0.25,0.111111 -0.638889,0.138889 -0.05556,0.02778 -0.166667,0.05556 -0.08333,0.02778 -0.138889,0.02778 0.333334,-2.000001 1.611113,-3.444447 0.638889,-0.722223 1.305556,-1.38889 0.666667,-0.694445 1.361112,-1.333334 l 0.08333,-0.08333 0.08333,-0.08333 q 0.361111,-0.305556 0.861112,-0.805556 0.5,-0.500001 1.13889,-1.13889 0.472222,-0.527778 0.888889,-1.055556 0.416667,-0.555556 0.750001,-1.166668 0.02778,-0.05556 0.05556,-0.111111 0.02778,-0.05556 0.05556,-0.166667 0,0.05556 0.111111,-0.25 0.111111,-0.333334 0.138889,-0.63889 0,-0.08333 0,-0.194444 0.02778,-0.111111 0.05556,-0.25 0,-0.166667 0.02778,-0.222223 v -0.361111 q -0.02778,-0.02778 -0.02778,-0.138889 V 11.222226 Q 52.513894,10.527781 52.152782,9.8055584 51.791671,9.0833356 51.180559,8.7222242 l -4.833337,3.7777808 h -0.166667 l -1.611112,-1.583335 -0.05556,-0.416667 5.000004,-4.0000028 z"
       style="fill:#ffffff;fill-opacity:0.74902"
       id="path1988" />
  </g>
  <g
     aria-label="D"
     id="text355-4-4"
     style="font-size:20.2429px;line-height:1.25;font-family:'DS Cloister Black';-inkscape-font-specification:'DS Cloister Black, ';letter-spacing:0px;word-spacing:0px;fill:#ffffff;fill-opacity:0.498039;stroke-width:0.506072">
    <path
       d="m 80.506072,5.0000008 q 0.445343,0.9311735 1.376517,1.1133596 l 6.821857,-0.2834006 q 0.384616,0.040486 0.910931,0.080972 0.546558,0.040486 1.25506,0.1214574 1.032388,0.1619432 1.821861,0.8906876 0.789473,0.7287445 1.194331,1.6801608 0.202429,0.4453438 0.344129,0.9109305 0.161944,0.4655867 0.283401,0.9716593 0.02024,0.04049 0.04049,0.1417 0.02024,0.08097 0.04049,0.182186 0,0.08097 0.06073,0.303644 0.06073,0.222672 0.121458,0.647773 0.02024,0.08097 0.04049,0.344129 0.02024,0.242915 0.04049,0.668016 0.06073,1.032388 0.06073,1.052631 v 0.688258 q 0,0.283401 0.02024,0.34413 v 1.356274 q 0,0.161943 -0.02024,0.506072 -0.02024,0.323887 -0.02024,0.48583 -1.619432,0.607287 -3.340078,2.125505 -0.303644,-0.101215 -1.659918,-0.425101 -0.283401,-0.06073 -0.850202,-0.182186 -0.850202,-0.182186 -1.295546,-0.182186 -0.323886,-0.04049 -0.647773,-0.06073 -0.323886,-0.02024 -0.647773,-0.02024 h -0.506072 q -0.02024,0.02024 -0.161943,0.02024 -0.161943,0.02024 -0.425101,0.04049 -0.242915,0.02024 -0.587044,0.06073 -0.161943,0.02024 -0.404858,0.08097 -0.242915,0.04049 -0.566802,0.121457 -1.477731,0.384615 -2.834006,1.174089 h -0.06073 q -0.02024,0 -0.04049,0.02024 h -0.121458 l -0.02024,0.02024 h -0.141701 q 0,0 0.04049,-0.161943 0.02024,-0.04049 0.06073,-0.101214 0.04049,-0.06073 0.06073,-0.08097 h 0.02024 v -0.02024 l 4.170038,-2.712549 q 0.62753,-0.4251 1.153845,-1.214574 0.425101,-0.668015 0.526316,-1.599189 v -0.161943 q -0.04049,-0.121457 -0.04049,-0.526315 -0.06073,-0.668016 -0.06073,-0.688259 v -0.182186 q -0.02024,-0.08097 -0.02024,-0.182186 v -0.34413 q 0,-0.161943 0,-0.323886 0,-0.161943 0.02024,-0.323886 0.02024,-0.445344 0.121458,-1.336032 0.02024,-0.1012144 0.06073,-0.2631576 0.04049,-0.1619432 0.08097,-0.3846151 0.1417,-0.6882586 0.344129,-1.2550598 l -0.121457,-0.040486 q -0.04049,0.040486 -0.06073,0.040486 h -0.02024 l -0.02024,0.020243 H 86.8421 q -0.06073,0.060729 -0.141701,0.060729 -0.971659,0.6477728 -1.174088,1.5789462 v 0.202429 q -0.02024,0.040486 -0.02024,0.2024287 -0.02024,0.101215 -0.02024,0.222672 0,0.101215 0,0.202429 -0.02024,0.02024 -0.02024,0.121458 v 0.121457 q 0,-0.02024 0,0.08097 0,0.08097 -0.02024,0.263157 l -0.02024,0.364373 q -0.02024,0.202429 -0.02024,0.364372 0,0.161943 0,0.323886 v 0.303644 q 0,0.222672 0.02024,0.2834 0,0.323887 0,0.607287 0.02024,0.283401 0.06073,0.566802 -0.161943,1.39676 -1.093116,2.388662 -0.910931,0.991902 -2.085019,1.781375 l -0.748988,0.506073 q -0.465586,0.323886 -0.708501,0.425101 h -0.263158 l 0.323887,-0.323887 q 0.06073,-0.06073 0.1417,-0.1417 0.101214,-0.101215 0.202429,-0.222672 0.76923,-0.870445 0.910931,-1.11336 0.445343,-0.647772 0.445343,-1.336031 v -0.08097 q -0.02024,-0.02024 -0.04049,-0.121457 -0.02024,-0.101215 -0.02024,-0.182186 v -0.08097 q -0.04049,-0.04049 -0.04049,-0.08097 v -0.08097 q -0.02024,-0.02024 -0.06073,-0.1417 -0.02024,0 -0.02024,-0.04049 -0.182186,-0.425101 -0.506072,-0.708502 -0.303644,-0.2834 -0.708502,-0.2834 l -0.242915,-0.04049 q -0.08097,0.04049 -0.202429,0.121457 -0.101214,0.06073 -0.263157,0.161944 -0.161944,0.121457 -0.404858,0.2834 l -0.06073,0.06073 -0.04049,0.04049 q 0,-0.910931 0.728745,-1.457489 0.688258,-0.465587 1.619432,-0.465587 h 0.121457 l 0.546558,-0.04049 q 0.06073,-3.0364348 3.056678,-4.6356239 l -3.724693,-0.040486 q -0.688259,0 -1.356275,-0.7489874 Q 80.485829,6.7408903 80.384614,5.991903 V 5.6275308 q 0,-0.020243 0.04049,-0.2226719 l 0.02024,-0.020243 v -0.040486 q 0,-0.060729 0.02024,-0.1214575 0.02024,-0.080972 0.04049,-0.1214574 z m 9.959507,9.5344062 q -0.02024,0.02024 -0.303644,0.08097 -0.384615,0.06073 -0.971659,0.323886 -0.101214,0.04049 -0.263158,0.1417 -0.1417,0.08097 -0.303643,0.242915 v 1.174089 q 0.890688,0.1417 1.619432,0.2834 0.748987,0.121458 1.376517,0.283401 0.161943,0.04049 0.404858,0.101214 0.242915,0.06073 0.566801,0.161943 0,-0.04049 0.02024,-0.101214 v -0.08097 q 0,-0.06073 0.02024,-0.101214 v -0.647773 q -0.02024,-0.04049 -0.02024,-0.161943 v -0.323887 q -0.02024,-0.101214 -0.04049,-0.182186 0,-0.08097 0,-0.1417 l -0.06073,-0.303644 q -0.222672,-0.1417 -0.728745,-0.4251 -0.364372,-0.202429 -0.789473,-0.242915 -0.06073,0 -0.101214,-0.02024 h -0.101215 q -0.06073,0 -0.101214,-0.02024 H 90.587036 Z M 87.61133,8.1376505 q -0.02024,0.040486 -0.06073,0.1214574 -0.04049,0.080972 -0.08097,0.1821861 0,0.040486 -0.04049,0.1417003 -0.04049,0.1012145 -0.06073,0.1619432 -0.02024,0.1012145 -0.06073,0.2429148 -0.04049,0.1417003 -0.101214,0.3643722 v 0.080972 q -0.02024,0.060729 -0.04049,0.1214574 0,0.060729 0,0.1821861 v 0.1821861 q -0.02024,0.060729 -0.02024,0.2024293 -0.06073,0.425101 -0.06073,0.587044 v 0.202429 q 0,0.1417 -0.04049,0.425101 -0.02024,0.263158 -0.02024,0.384615 -0.02024,0.263158 -0.02024,0.465587 0,0.182186 0,0.2834 v 0.303644 q 0,0.242915 0,0.384615 0.02024,0.1417 0.02024,0.242915 0.02024,0.08097 0.02024,0.161943 0.02024,0.06073 0.02024,0.161943 0.02024,0.101215 0.02024,0.182186 0,0.06073 0.02024,0.141701 0,0.08097 0.02024,0.1417 v 0.161943 q -0.1417,0.931173 -0.809716,2.02429 l 0.465587,-0.04049 q 0.08097,0.06073 0.303643,0.06073 h 0.34413 q 0.1417,0.02024 0.222672,0.04049 0.101214,0 0.1417,0 h 0.182186 q 0.04049,0.02024 0.182186,0.02024 V 8.0971647 Z m 4.81781,3.9676085 q -0.04049,0.04049 -0.121457,0.101215 -0.08097,0.06073 -0.101215,0.08097 -0.121457,0.02024 -0.263157,0.101215 -0.121458,0.06073 -0.202429,0.1417 -0.04049,0 -0.121458,0.04049 -0.08097,0.02024 -0.121457,0.04049 -0.526316,0.161943 -0.951417,0.161943 -0.890687,0 -1.882589,-0.587044 v 2.469634 q 0.323886,-0.141701 0.566801,-0.222672 0.242915,-0.08097 0.404858,-0.121458 0.222672,-0.08097 0.48583,-0.101214 0.04049,0 0.08097,0 0.06073,0 0.1417,-0.02024 h 0.242915 q 0.08097,0 0.202429,0.02024 0.121458,0 0.283401,0.02024 0.202429,0 0.506072,0.08097 0.08097,0.02024 0.202429,0.06073 0.121458,0.02024 0.283401,0.101214 0.04049,0.02024 0.101215,0.04049 0.06073,0.02024 0.1417,0.06073 0.04049,0.02024 0.121457,0.06073 0.08097,0.02024 0.121458,0.06073 z m -3.805665,-0.789473 q 0.08097,0.465587 0.445344,0.668016 0.263157,0.182186 0.809716,0.303643 0.263157,0.06073 0.303643,0.06073 h 0.364372 q 0.06073,0 0.08097,-0.02024 h 0.121457 q 0.04049,0 0.06073,-0.02024 h 0.04049 q 0.242915,-0.06073 0.404858,-0.101214 0.182186,-0.06073 0.323886,-0.121458 0.161944,-0.08097 0.303644,-0.182186 0.161943,-0.101214 0.384615,-0.263158 0,0 0.04049,-0.161943 0,-0.04049 0.02024,-0.101214 V 11.2753 q 0,-0.02024 0.02024,-0.04049 v -0.242915 q -0.02024,-0.02024 -0.02024,-0.08097 v -0.101215 q -0.02024,-0.02024 -0.02024,-0.08097 -0.06073,-0.34413 -0.263158,-0.668016 Q 91.862339,9.7165967 91.619424,9.4129532 91.376509,9.1093097 91.072866,8.8663949 90.789465,8.6234801 90.506065,8.4817798 90.465579,8.4615369 90.40485,8.441294 q -0.04049,-0.020243 -0.161943,-0.060729 -0.06073,-0.060729 -0.242915,-0.080972 -0.06073,0 -0.121457,-0.020243 h -0.141701 q -0.04049,0 -0.242914,-0.040486 h -0.283401 q -0.06073,0 -0.121457,-0.020243 h -0.121458 l -0.344129,-0.040486 z"
       id="path1991" />
  </g>
</svg>
