<?xml version="1.0" encoding="UTF-8" standalone="no"?>
<svg
   width="100px"
   height="140px"
   viewbox="0 0 100 140"
   version="1.1"
   id="svg47"
   sodipodi:docname="card-holy-f.svg"
   inkscape:export-filename="card-back.png"
   inkscape:export-xdpi="96"
   inkscape:export-ydpi="96"
   inkscape:version="1.2.2 (732a01da63, 2022-12-09)"
   xmlns:inkscape="http://www.inkscape.org/namespaces/inkscape"
   xmlns:sodipodi="http://sodipodi.sourceforge.net/DTD/sodipodi-0.dtd"
   xmlns="http://www.w3.org/2000/svg"
   xmlns:svg="http://www.w3.org/2000/svg">
  <defs
     id="defs51" />
  <sodipodi:namedview
     id="namedview49"
     pagecolor="#ffffff"
     bordercolor="#666666"
     borderopacity="1.0"
     inkscape:showpageshadow="2"
     inkscape:pageopacity="0.0"
     inkscape:pagecheckerboard="0"
     inkscape:deskcolor="#d1d1d1"
     showgrid="false"
     inkscape:zoom="5.6568542"
     inkscape:cx="40.923805"
     inkscape:cy="69.296465"
     inkscape:window-width="1920"
     inkscape:window-height="1017"
     inkscape:window-x="-8"
     inkscape:window-y="-8"
     inkscape:window-maximized="1"
     inkscape:current-layer="svg47" />
  <path
     id="rect2"
     style="opacity:1;fill:#208020;stroke:#000000"
     d="m 4.5,0.5 h 91 c 2.216,0 4,1.784 4,4 v 131 c 0,2.216 -1.784,4 -4,4 h -91 c -2.216,0 -4,-1.784 -4,-4 V 4.5 c 0,-2.216 1.784,-4 4,-4 z" />
  <g
     aria-label="F"
     id="text355-4"
     style="font-size:20.2429px;line-height:1.25;font-family:'DS Cloister Black';-inkscape-font-specification:'DS Cloister Black, ';letter-spacing:0px;word-spacing:0px;fill:#ffffff;fill-opacity:0.498039;stroke-width:0.506072">
    <path
       d="m 16.761125,120.87045 q 0,0.0607 0.04049,0.0607 h 0.101215 q 0,0.0202 0.02024,0.0202 h 0.04048 q 0.303644,0 0.425101,-0.0202 0.121458,-0.0405 0.364373,-0.081 0.121457,-0.0202 0.303643,-0.0607 0.202429,-0.0607 0.404858,-0.12146 0.202429,-0.081 0.364372,-0.1417 0.182186,-0.0607 0.283401,-0.12146 0,0.99191 -0.76923,1.72065 -0.789473,0.72875 -1.761133,0.93117 h -0.101214 q -0.06073,0.0203 -0.121458,0.0405 -0.04049,0 -0.1417,0 -0.04049,0 -0.1417,0 -0.08097,-0.0202 -0.222672,-0.0405 -0.08097,0 -0.344129,-0.0607 -0.465587,-0.10122 -0.809716,-0.22268 -0.34413,-0.12145 -0.607287,-0.22267 l -0.04049,1.92308 h 3.097164 l -0.708502,2.00404 h -2.51012 v 5.64777 q -0.344129,1.19434 -2.064776,2.48988 -0.121457,0.10122 -0.202429,0.12146 l -0.08097,0.081 q -0.02024,0.0202 -0.04049,0.0202 -0.02024,0.0203 -0.04049,0.0405 -1.194331,0.46559 -2.1255043,0.78947 -0.9311735,0.32389 -1.6194321,0.50607 -0.2834006,0.10122 -0.607287,0.18219 -0.3238864,0.081 -0.6680158,0.16194 H 6.1740883 q -0.7287444,0 -2.1255046,-0.62753 h -0.020243 q 0,-0.0202 -0.020243,-0.0202 h -0.060729 q 0,-0.0202 -0.020243,-0.0202 h -0.040486 q -1.012145,0 -1.3562743,1.1336 l -0.060729,-0.18219 q 0,-0.0405 -0.040486,-0.20242 v -0.20243 q 0,-0.0607 -0.020243,-0.10122 v -0.081 q 0,-0.8502 0.7287444,-1.49797 0.7287444,-0.60729 1.5587034,-0.68826 l 0.020243,-0.0202 h 0.2429148 q 0.020243,0.0202 0.060729,0.0202 h 0.1619432 0.060729 q 0.040486,0.0202 0.060729,0.0405 0.020243,0 0.1012145,0 h 0.1012145 q 0.020243,0.0203 0.080972,0.0203 0.2226719,0.0405 0.4858296,0.16194 0.2631577,0.12146 0.5870441,0.2834 0.2834007,0.20243 0.5060726,0.38461 0.2226719,0.18219 0.3846151,0.38462 h 0.1417003 q 0,0.0202 0.2226719,-0.0607 l 0.1821861,-0.0607 q 0.3441293,-0.26316 0.5060725,-0.64777 l 0.1619432,-0.38462 q 0.020243,-0.0607 0.040486,-0.1417 0.020243,-0.10121 0.060729,-0.22267 v -7.2672 H 6.3562744 q -0.1214574,0.081 -0.2834006,0.18219 -0.1619432,0.081 -0.3643722,0.20243 -0.2429148,0.1417 -0.5465583,0.40485 -0.060729,0.0203 -0.1417003,0.10122 -0.060729,0.0607 -0.080972,0.0607 l -0.060729,0.0607 v -0.081 q -0.020243,0 -0.020243,-0.0202 v -0.10121 q -0.020243,0 -0.020243,-0.0405 v -0.22267 q 0.080972,-0.60729 0.5060725,-1.15385 0.2631577,-0.32388 0.5060725,-0.54655 0.2429148,-0.24292 0.4858296,-0.38462 0.060729,-0.0405 0.2226719,-0.12146 0.1619432,-0.10121 0.5060726,-0.26315 l 1.8016181,-0.0405 v -1.96356 l 1.9635619,-0.30365 q 0.222671,-0.0202 0.465586,-0.081 0.263158,-0.0607 0.587044,-0.20243 0.688259,-0.2834 0.991903,-0.54655 l 1.497974,-1.21458 z m -5.809712,2.26721 v 8.78542 q -0.04049,0.16194 -0.06073,0.18218 -0.02024,0.0202 -0.02024,0.10122 -0.344129,1.09311 -0.809716,1.76113 -0.5870438,0.89069 -1.3360312,1.33603 1.4170032,-0.50607 2.2672052,-1.59919 0.951416,-1.23482 0.951416,-2.63158 v -8.23886 z"
       id="path2039" />
  </g>
  <g
     class=""
     id="g6197"
     transform="matrix(0.04598931,0,0,0.05002162,3.8532085,3.2377383)"
     style="fill:#ffffff;fill-opacity:1">
    <path
       d="m 193.27439,30.232162 c -8.22881,0.898905 -16.49405,1.982095 -24.80685,3.247524 21.00006,12.089142 40.30417,29.069023 52.40149,58.96938 -25.19238,-23.048 -44.75857,-40.440476 -76.69732,-54.786095 -8.91285,1.715905 -17.90059,3.64681 -26.97333,5.774286 22.96012,11.000833 49.60964,26.715285 76.00821,52.527571 C 135.06659,69.90478 110.44088,64.159161 71.545294,55.626733 59.298212,59.27559 46.851785,63.270494 34.172619,67.614518 89.638149,71.230613 138.52731,87.726234 223.74891,116.46763 l 2.03898,0.68903 1.5209,1.53981 c 5.86297,5.93093 15.5388,9.47433 25.50303,9.57569 C 250.05438,87.903353 233.80117,58.855828 193.2754,30.232162 Z m 119.95117,0 c -40.52678,28.623666 -56.77797,57.671191 -59.53642,98.039998 9.96423,-0.10238 19.64107,-3.64476 25.50303,-9.57569 l 1.51988,-1.53981 2.03798,-0.688 C 367.97365,87.729305 416.8618,71.232661 472.32733,67.616566 459.64817,63.272542 447.20174,59.277637 434.95365,55.627756 396.05805,64.160185 371.43234,69.905804 313.29235,95.965852 339.69092,70.153566 366.34044,54.440137 389.30157,43.437257 380.23085,41.310805 371.2421,39.3799 362.32925,37.662971 330.3905,52.010638 310.8233,69.401066 285.63194,92.45009 297.72824,62.549732 317.03336,45.569852 338.03342,33.48071 329.71961,32.215281 321.45538,31.132091 313.22658,30.233186 Z M 19.500002,85.576236 V 394.51893 c 45.2119,0.19453 107.272008,17.21331 192.261878,45.55748 V 131.8688 C 123.76058,102.21006 76.844639,87.033115 19.500002,85.57726 Z m 467.499948,0 C 429.65531,87.033115 382.73937,102.20904 294.73807,131.86982 v 308.21785 c 85.32076,-28.35747 145.12028,-43.5119 192.26188,-45.25238 z M 229.97617,142.08539 v 205.09464 c 15.65416,3.17381 31.07559,3.37038 46.54761,0.0993 V 142.08539 c -7.31303,3.13081 -15.32023,4.62558 -23.27381,4.62558 -7.95357,0 -15.96077,-1.49477 -23.2738,-4.62558 z m 0,223.8324 v 14.26474 c 15.47809,3.57105 30.87523,3.36219 46.54761,-0.10238 v -14.04871 c -15.55297,2.79295 -31.13023,2.60354 -46.54761,-0.11262 z m 46.54761,32.95131 c -15.40726,2.924 -30.99767,3.13081 -46.54761,0.12798 v 50.00081 c 3.26035,3.31714 5.84375,6.0159 8.46458,7.74 3.32208,2.18685 6.85059,3.57309 14.44393,3.26595 l 0.18214,-0.008 h 0.18214 c 11.74822,0 16.14393,-4.13619 23.27381,-11.094 v -50.03357 z"
       fill="#000000"
       fill-opacity="1"
       id="path6195-73"
       style="fill:#000000;fill-opacity:1;stroke-width:1.01783" />
    <path
       d="m 194.66916,35.23 c -8.03744,0.878 -16.11046,1.936 -24.22994,3.172 C 190.95091,50.21 209.80608,66.795 221.62207,96 197.01556,73.488 177.9044,56.5 146.70841,42.488 c -8.70558,1.676 -17.4843,3.562 -26.34604,5.64 22.42616,10.745 48.45592,26.094 74.24057,51.306 C 137.81504,73.98 113.76202,68.368 75.770982,60.034 63.808715,63.598 51.65174,67.5 39.267439,71.743 93.443073,75.275 141.19527,91.387 224.43497,119.46 l 1.99157,0.673 1.48553,1.504 c 5.72662,5.793 15.17744,9.254 24.90994,9.353 -2.69332,-39.43 -18.56855,-67.802 -58.15186,-95.76 z m 117.16162,0 c -39.5843,27.958 -55.45755,56.33 -58.15186,95.76 9.7325,-0.1 19.1843,-3.56 24.90994,-9.353 l 1.48454,-1.504 1.99058,-0.672 C 365.30566,91.39 413.05687,75.277 467.23251,71.745 454.84821,67.502 442.69123,63.6 430.72798,60.035 c -37.99105,8.334 -62.04407,13.946 -118.83197,39.4 25.78465,-25.212 51.81441,-40.56 74.24156,-51.307 -8.85976,-2.077 -17.63947,-3.963 -26.34505,-5.64 -31.19599,14.014 -50.30814,31 -74.91366,53.513 11.815,-29.205 30.67116,-45.79 51.18285,-57.598 -8.12047,-1.236 -16.1925,-2.294 -24.22994,-3.172 z M 24.936045,89.287 v 301.758 c 44.160461,0.19 104.777305,16.813 187.790675,44.498 V 134.503 C 126.77196,105.534 80.947086,90.71 24.936045,89.288 Z m 456.627855,0 c -56.01104,1.423 -101.83592,16.246 -187.79068,45.217 v 301.05 c 83.33656,-27.698 141.74539,-42.5 187.79068,-44.2 z m -251.04649,55.195 v 200.325 c 15.29012,3.1 30.35291,3.292 45.46512,0.097 V 144.482 c -7.14297,3.058 -14.96396,4.518 -22.73256,4.518 -7.7686,0 -15.58959,-1.46 -22.73256,-4.518 z m 0,218.627 v 13.933 c 15.11814,3.488 30.15721,3.284 45.46512,-0.1 V 363.22 c -15.19128,2.728 -30.40628,2.543 -45.46512,-0.11 z m 45.46512,32.185 c -15.04896,2.856 -30.2768,3.058 -45.46512,0.125 v 48.838 c 3.18454,3.24 5.70785,5.876 8.26774,7.56 3.24482,2.136 6.69127,3.49 14.10802,3.19 l 0.1779,-0.008 h 0.17791 c 11.475,0 15.76849,-4.04 22.73256,-10.836 v -48.87 z"
       fill="#000000"
       fill-opacity="1"
       id="path6195"
       style="fill:#ffffff;fill-opacity:1;stroke-width:0.994169" />
  </g>
  <g
     class=""
     id="g6197-87"
     transform="matrix(0.04598931,0,0,0.05002162,3.8532084,29.237738)"
     style="fill:#ffffff;fill-opacity:1">
    <path
       d="m 193.27439,30.232162 c -8.22881,0.898905 -16.49405,1.982095 -24.80685,3.247524 21.00006,12.089142 40.30417,29.069023 52.40149,58.96938 -25.19238,-23.048 -44.75857,-40.440476 -76.69732,-54.786095 -8.91285,1.715905 -17.90059,3.64681 -26.97333,5.774286 22.96012,11.000833 49.60964,26.715285 76.00821,52.527571 C 135.06659,69.90478 110.44088,64.159161 71.545294,55.626733 59.298212,59.27559 46.851785,63.270494 34.172619,67.614518 89.638149,71.230613 138.52731,87.726234 223.74891,116.46763 l 2.03898,0.68903 1.5209,1.53981 c 5.86297,5.93093 15.5388,9.47433 25.50303,9.57569 C 250.05438,87.903353 233.80117,58.855828 193.2754,30.232162 Z m 119.95117,0 c -40.52678,28.623666 -56.77797,57.671191 -59.53642,98.039998 9.96423,-0.10238 19.64107,-3.64476 25.50303,-9.57569 l 1.51988,-1.53981 2.03798,-0.688 C 367.97365,87.729305 416.8618,71.232661 472.32733,67.616566 459.64817,63.272542 447.20174,59.277637 434.95365,55.627756 396.05805,64.160185 371.43234,69.905804 313.29235,95.965852 339.69092,70.153566 366.34044,54.440137 389.30157,43.437257 380.23085,41.310805 371.2421,39.3799 362.32925,37.662971 330.3905,52.010638 310.8233,69.401066 285.63194,92.45009 297.72824,62.549732 317.03336,45.569852 338.03342,33.48071 329.71961,32.215281 321.45538,31.132091 313.22658,30.233186 Z M 19.500002,85.576236 V 394.51893 c 45.2119,0.19453 107.272008,17.21331 192.261878,45.55748 V 131.8688 C 123.76058,102.21006 76.844639,87.033115 19.500002,85.57726 Z m 467.499948,0 C 429.65531,87.033115 382.73937,102.20904 294.73807,131.86982 v 308.21785 c 85.32076,-28.35747 145.12028,-43.5119 192.26188,-45.25238 z M 229.97617,142.08539 v 205.09464 c 15.65416,3.17381 31.07559,3.37038 46.54761,0.0993 V 142.08539 c -7.31303,3.13081 -15.32023,4.62558 -23.27381,4.62558 -7.95357,0 -15.96077,-1.49477 -23.2738,-4.62558 z m 0,223.8324 v 14.26474 c 15.47809,3.57105 30.87523,3.36219 46.54761,-0.10238 v -14.04871 c -15.55297,2.79295 -31.13023,2.60354 -46.54761,-0.11262 z m 46.54761,32.95131 c -15.40726,2.924 -30.99767,3.13081 -46.54761,0.12798 v 50.00081 c 3.26035,3.31714 5.84375,6.0159 8.46458,7.74 3.32208,2.18685 6.85059,3.57309 14.44393,3.26595 l 0.18214,-0.008 h 0.18214 c 11.74822,0 16.14393,-4.13619 23.27381,-11.094 v -50.03357 z"
       fill="#000000"
       fill-opacity="1"
       id="path6195-73-1"
       style="fill:#000000;fill-opacity:1;stroke-width:1.01783" />
    <path
       d="m 194.66916,35.23 c -8.03744,0.878 -16.11046,1.936 -24.22994,3.172 C 190.95091,50.21 209.80608,66.795 221.62207,96 197.01556,73.488 177.9044,56.5 146.70841,42.488 c -8.70558,1.676 -17.4843,3.562 -26.34604,5.64 22.42616,10.745 48.45592,26.094 74.24057,51.306 C 137.81504,73.98 113.76202,68.368 75.770982,60.034 63.808715,63.598 51.65174,67.5 39.267439,71.743 93.443073,75.275 141.19527,91.387 224.43497,119.46 l 1.99157,0.673 1.48553,1.504 c 5.72662,5.793 15.17744,9.254 24.90994,9.353 -2.69332,-39.43 -18.56855,-67.802 -58.15186,-95.76 z m 117.16162,0 c -39.5843,27.958 -55.45755,56.33 -58.15186,95.76 9.7325,-0.1 19.1843,-3.56 24.90994,-9.353 l 1.48454,-1.504 1.99058,-0.672 C 365.30566,91.39 413.05687,75.277 467.23251,71.745 454.84821,67.502 442.69123,63.6 430.72798,60.035 c -37.99105,8.334 -62.04407,13.946 -118.83197,39.4 25.78465,-25.212 51.81441,-40.56 74.24156,-51.307 -8.85976,-2.077 -17.63947,-3.963 -26.34505,-5.64 -31.19599,14.014 -50.30814,31 -74.91366,53.513 11.815,-29.205 30.67116,-45.79 51.18285,-57.598 -8.12047,-1.236 -16.1925,-2.294 -24.22994,-3.172 z M 24.936045,89.287 v 301.758 c 44.160461,0.19 104.777305,16.813 187.790675,44.498 V 134.503 C 126.77196,105.534 80.947086,90.71 24.936045,89.288 Z m 456.627855,0 c -56.01104,1.423 -101.83592,16.246 -187.79068,45.217 v 301.05 c 83.33656,-27.698 141.74539,-42.5 187.79068,-44.2 z m -251.04649,55.195 v 200.325 c 15.29012,3.1 30.35291,3.292 45.46512,0.097 V 144.482 c -7.14297,3.058 -14.96396,4.518 -22.73256,4.518 -7.7686,0 -15.58959,-1.46 -22.73256,-4.518 z m 0,218.627 v 13.933 c 15.11814,3.488 30.15721,3.284 45.46512,-0.1 V 363.22 c -15.19128,2.728 -30.40628,2.543 -45.46512,-0.11 z m 45.46512,32.185 c -15.04896,2.856 -30.2768,3.058 -45.46512,0.125 v 48.838 c 3.18454,3.24 5.70785,5.876 8.26774,7.56 3.24482,2.136 6.69127,3.49 14.10802,3.19 l 0.1779,-0.008 h 0.17791 c 11.475,0 15.76849,-4.04 22.73256,-10.836 v -48.87 z"
       fill="#000000"
       fill-opacity="1"
       id="path6195-6"
       style="fill:#ffffff;fill-opacity:1;stroke-width:0.994169" />
  </g>
  <g
     aria-label="2"
     id="text355"
     style="font-size:27.7778px;line-height:1.25;font-family:'DS Cloister Black';-inkscape-font-specification:'DS Cloister Black, ';text-align:center;letter-spacing:0px;word-spacing:0px;text-anchor:middle;stroke-width:0.694444">
    <path
       d="m 55.708341,10.388892 v 0.277778 q 0,0.194445 0.02778,0.25 v 0.361112 q 0,0.08333 0.02778,0.138889 v 0.111111 q 0,3.166669 -3.27778,5.694449 l -3.888892,2.361113 q -1.666668,1.000001 -2.638891,2.555557 0.444445,-0.194444 0.944445,-0.361111 0.527778,-0.194445 1.13889,-0.361111 1.083334,-0.305556 2.194446,-0.416667 0.194445,0 0.277778,-0.02778 h 0.277778 q 0.194445,0 0.277778,-0.02778 h 0.638889 0.08333 q 0.05555,0 0.111111,0.02778 0.05556,0 0.166667,0 0.166667,0.02778 0.305556,0.02778 0.138889,0 0.222222,0 0.111111,0 0.194445,0.02778 0.166666,0 0.416667,0.05556 0.277778,0.05556 0.416667,0.08333 0.08333,0.02778 0.194444,0.05556 0.111111,0.02778 0.222223,0.08333 0.138889,0.02778 0.361111,0.08333 0.777778,0.222222 1.583335,0.583334 l -2.166669,2.527779 -2.694446,-0.916667 -3.222225,-0.111111 q -0.08333,0.02778 -0.333334,0.08333 -0.222222,0.05556 -0.611111,0.166667 -0.333334,0.08333 -0.472223,0.08333 -0.02778,0 -0.111111,0.02778 -0.08333,0.02778 -0.361111,0.08333 -0.166667,0.02778 -0.944446,0.25 -0.25,0.111111 -0.638889,0.138889 -0.05556,0.02778 -0.166667,0.05556 -0.08333,0.02778 -0.138889,0.02778 0.333334,-2.000001 1.611113,-3.444447 0.638889,-0.722223 1.305556,-1.38889 0.666667,-0.694445 1.361112,-1.333334 l 0.08333,-0.08333 0.08333,-0.08333 q 0.361111,-0.305556 0.861112,-0.805556 0.5,-0.500001 1.13889,-1.13889 0.472222,-0.527778 0.888889,-1.055556 0.416667,-0.555556 0.750001,-1.166668 0.02778,-0.05556 0.05556,-0.111111 0.02778,-0.05556 0.05556,-0.166667 0,0.05556 0.111111,-0.25 0.111111,-0.333334 0.138889,-0.63889 0,-0.08333 0,-0.194444 0.02778,-0.111111 0.05556,-0.25 0,-0.166667 0.02778,-0.222223 v -0.361111 q -0.02778,-0.02778 -0.02778,-0.138889 V 11.222226 Q 52.513894,10.527781 52.152782,9.8055584 51.791671,9.0833356 51.180559,8.7222242 l -4.833337,3.7777808 h -0.166667 l -1.611112,-1.583335 -0.05556,-0.416667 5.000004,-4.0000028 z"
       style="fill:#ffffff;fill-opacity:0.74902"
       id="path2042" />
  </g>
  <g
     aria-label="F"
     id="text355-4-4"
     style="font-size:20.2429px;line-height:1.25;font-family:'DS Cloister Black';-inkscape-font-specification:'DS Cloister Black, ';letter-spacing:0px;word-spacing:0px;fill:#ffffff;fill-opacity:0.498039;stroke-width:0.506072">
    <path
       d="m 91.761125,5.8704456 q 0,0.060729 0.04048,0.060729 h 0.101215 q 0,0.020243 0.02024,0.020243 h 0.04049 q 0.303643,0 0.4251,-0.020243 0.121458,-0.040486 0.364373,-0.080972 0.121457,-0.020243 0.303643,-0.060729 0.202429,-0.060729 0.404858,-0.1214574 0.202429,-0.080972 0.364372,-0.1417003 0.182187,-0.060729 0.283401,-0.1214574 0,0.9919021 -0.76923,1.7206465 -0.789473,0.7287445 -1.761133,0.9311735 h -0.101214 q -0.06073,0.020243 -0.121458,0.040486 -0.04049,0 -0.1417,0 -0.04049,0 -0.1417,0 -0.08097,-0.020243 -0.222672,-0.040486 -0.08097,0 -0.344129,-0.060729 -0.465587,-0.1012145 -0.809716,-0.2226719 -0.34413,-0.1214574 -0.607287,-0.222672 l -0.04049,1.9230756 h 3.097164 l -0.708502,2.0040471 h -2.51012 v 5.647769 q -0.344129,1.194332 -2.064775,2.489877 -0.121458,0.101215 -0.202429,0.121458 l -0.08097,0.08097 q -0.02024,0.02024 -0.04049,0.02024 -0.02024,0.02024 -0.04049,0.04049 -1.194331,0.465587 -2.125504,0.789473 -0.931174,0.323887 -1.619432,0.506073 -0.283401,0.101214 -0.607287,0.182186 -0.323887,0.08097 -0.668016,0.161943 h -0.303644 q -0.728744,0 -2.125504,-0.62753 h -0.02024 q 0,-0.02024 -0.02024,-0.02024 h -0.06073 q 0,-0.02024 -0.02024,-0.02024 h -0.04049 q -1.012145,0 -1.356275,1.133603 l -0.06073,-0.182186 q 0,-0.04049 -0.04049,-0.202429 v -0.202429 q 0,-0.06073 -0.02024,-0.101215 v -0.08097 q 0,-0.850201 0.728744,-1.497974 0.728745,-0.607287 1.558704,-0.688259 l 0.02024,-0.02024 h 0.242914 q 0.02024,0.02024 0.06073,0.02024 h 0.161943 0.06073 q 0.04049,0.02024 0.06073,0.04049 0.02024,0 0.101214,0 h 0.101215 q 0.02024,0.02024 0.08097,0.02024 0.222672,0.04049 0.48583,0.161943 0.263158,0.121457 0.587044,0.283401 0.283401,0.202429 0.506073,0.384615 0.222671,0.182186 0.384615,0.384615 h 0.1417 q 0,0.02024 0.222672,-0.06073 l 0.182186,-0.06073 q 0.344129,-0.263157 0.506072,-0.647772 l 0.161944,-0.384615 q 0.02024,-0.06073 0.04048,-0.141701 0.02024,-0.101214 0.06073,-0.222672 v -7.267201 h -2.51012 q -0.121457,0.08097 -0.2834,0.182186 -0.161943,0.08097 -0.364372,0.202429 -0.242915,0.1417 -0.546559,0.404858 -0.06073,0.02024 -0.1417,0.101215 -0.06073,0.06073 -0.08097,0.06073 l -0.06073,0.06073 v -0.08097 q -0.02024,0 -0.02024,-0.02024 v -0.101214 q -0.02024,0 -0.02024,-0.04049 v -0.222672 q 0.08097,-0.607287 0.506072,-1.153845 0.263158,-0.323887 0.506073,-0.546558 0.242915,-0.242915 0.48583,-0.3846156 0.06073,-0.040486 0.222671,-0.1214574 0.161944,-0.1012145 0.506073,-0.2631577 l 1.801618,-0.040486 V 7.5910921 l 1.963562,-0.3036435 q 0.222671,-0.020243 0.465586,-0.080972 0.263158,-0.060729 0.587044,-0.202429 0.688259,-0.2834006 0.991903,-0.5465583 l 1.497974,-1.2145741 z m -5.809713,2.2672049 v 8.7854185 q -0.04049,0.161944 -0.06073,0.182187 -0.02024,0.02024 -0.02024,0.101214 -0.344129,1.093117 -0.809716,1.761132 -0.587044,0.890688 -1.336031,1.336032 1.417003,-0.506073 2.267205,-1.599189 0.951416,-1.234817 0.951416,-2.631577 V 7.834007 Z"
       id="path2045" />
  </g>
</svg>
