<?xml version="1.0" encoding="UTF-8" standalone="no"?>
<svg
   width="100px"
   height="140px"
   viewbox="0 0 100 140"
   version="1.1"
   id="svg47"
   sodipodi:docname="card-scroll-b.svg"
   inkscape:export-filename="card-back.png"
   inkscape:export-xdpi="96"
   inkscape:export-ydpi="96"
   inkscape:version="1.2.2 (732a01da63, 2022-12-09)"
   xmlns:inkscape="http://www.inkscape.org/namespaces/inkscape"
   xmlns:sodipodi="http://sodipodi.sourceforge.net/DTD/sodipodi-0.dtd"
   xmlns="http://www.w3.org/2000/svg"
   xmlns:svg="http://www.w3.org/2000/svg">
  <defs
     id="defs51" />
  <sodipodi:namedview
     id="namedview49"
     pagecolor="#ffffff"
     bordercolor="#666666"
     borderopacity="1.0"
     inkscape:showpageshadow="2"
     inkscape:pageopacity="0.0"
     inkscape:pagecheckerboard="0"
     inkscape:deskcolor="#d1d1d1"
     showgrid="false"
     inkscape:zoom="5.8142857"
     inkscape:cx="25.540541"
     inkscape:cy="70"
     inkscape:window-width="1920"
     inkscape:window-height="1017"
     inkscape:window-x="-8"
     inkscape:window-y="-8"
     inkscape:window-maximized="1"
     inkscape:current-layer="svg47" />
  <path
     id="rect2"
     style="opacity:1;fill:#806010;stroke:#000000"
     d="m 4.5,0.5 h 91 c 2.216,0 4,1.784 4,4 v 131 c 0,2.216 -1.784,4 -4,4 h -91 c -2.216,0 -4,-1.784 -4,-4 V 4.5 c 0,-2.216 1.784,-4 4,-4 z" />
  <g
     class=""
     id="g14532"
     transform="matrix(0.04448107,0,0,0.04435309,4.0902284,4.1838241)"
     style="fill:#ffffff;fill-opacity:1">
    <path
       d="m 376.34998,12.772889 c -15.98767,-0.23083 -28.57438,4.732018 -33.33839,15.100908 -23.32011,50.784941 -49.90354,89.213543 -80.97707,120.070913 3.11946,1.03874 6.18989,2.34524 9.15077,3.87333 13.29632,6.8672 25.86968,18.20327 36.15287,31.57757 10.28296,13.37199 18.27484,28.78221 21.27461,44.53406 0.76416,4.00259 1.18767,8.07444 1.18537,12.12551 39.89793,-24.93889 87.08319,-42.20499 144.22918,-52.53233 15.26517,-2.76304 24.21523,-29.31543 21.91471,-60.05277 l -35.99314,-1.01565 31.28782,-25.40286 C 486.98989,86.199959 479.9615,71.613802 469.57795,59.361337 453.68028,40.613313 432.28045,27.239014 411.50738,19.755501 l -26.58113,15.964213 2.87893,-22.011963 C 383.83802,13.153759 380.01401,12.807513 376.3509,12.78443 Z M 246.7102,164.45369 c -1.0887,0 -2.10834,0.23083 -3.07159,0.48474 -12.26102,10.49816 -25.19598,20.06376 -38.84123,28.95303 0.86313,0.34624 1.71015,0.69249 2.55946,1.06181 14.45936,6.3386 28.09126,17.55233 39.38604,31.35366 13.67402,16.7098 24.18232,37.81921 26.23403,59.12484 10.58011,-10.61357 21.74577,-20.41924 33.6261,-29.40546 4.19342,-6.71023 5.04734,-14.81237 3.19932,-24.50723 -2.23492,-11.7331 -8.84764,-25.01045 -17.66075,-36.47347 -8.81496,-11.45841 -19.84136,-21.11173 -29.75491,-26.23385 -6.1961,-3.20161 -11.41953,-4.55659 -15.67763,-4.35115 z m -63.381,44.31246 c -1.41784,0 -2.75419,0.277 -4.06246,0.57708 -37.88097,21.25484 -80.971092,38.88795 -130.343405,57.33128 0.586927,0 1.166949,0 1.760781,0.23083 10.880019,1.17723 21.577745,5.12904 31.896845,11.13525 l 38.584359,-16.82752 -16.18952,33.49807 c 6.13765,5.5607 12.08402,11.74925 17.75696,18.42717 21.25413,25.01737 38.86793,57.19509 48.21527,90.18995 0.002,0.009 -0.003,0.0231 0,0 3.05087,10.759 5.2317,21.41412 6.46218,31.73915 21.48982,-49.59155 45.43668,-91.38566 74.06652,-125.92939 7.47377,-21.99119 -2.23722,-49.55923 -19.51682,-70.67326 -9.66473,-11.81158 -21.47555,-21.21099 -32.28076,-25.94762 -6.07735,-2.66609 -11.5383,-3.89872 -16.35018,-3.71175 z m 144.99794,56.14943 c -7.4839,5.1706 -14.80622,10.7613 -21.9474,16.70056 40.09242,9.4802 62.4044,36.57273 82.57536,63.63526 10.71315,14.37379 21.08841,28.7799 33.9138,41.65792 24.76603,9.36477 44.19792,6.53018 65.42765,-15.29481 C 393.93708,343.17393 389.8981,276.80103 328.32622,264.91327 Z M 43.643522,285.61643 c -11.131822,0.23083 -18.694666,5.89079 -23.899674,16.9891 -5.948449,12.68181 -7.283421,33.24185 0.448827,58.4208 5.886994,19.17506 16.913399,38.61558 29.434512,52.85318 12.521113,14.2376 26.516679,22.60058 36.216168,22.9399 h 0.02302 c 3.80536,0.23083 6.708923,-0.69249 9.021646,-2.81613 l -0.184134,-0.23083 2.14286,-2.14672 c 0.812491,-1.20031 1.555932,-2.60838 2.23953,-4.28651 2.876863,-7.06341 3.357913,-18.99271 -1.887374,-33.78661 -7.04888,-19.87909 -19.575287,-32.69017 -34.169519,-35.60786 l -23.514834,-4.672 20.284663,-12.79723 39.386036,-24.76115 C 82.138812,298.49214 63.812414,287.44922 48.633557,285.79879 c -1.740066,-0.23083 -3.402106,-0.25392 -4.992103,-0.23083 z m 241.875218,5.533 -25.11404,25.97993 c 102.83332,18.30252 56.77013,144.36118 163.10292,180.38222 l -25.36999,-58.64471 c 33.54623,16.53437 68.99456,23.1615 100.04669,12.3171 C 359.18178,408.23802 399.57112,321.17812 285.51874,291.14943 Z m -173.50511,39.13033 -26.586417,16.73287 c 13.494031,8.7023 23.762727,23.10148 29.818657,40.18292 2.63105,7.41657 4.2314,14.5446 4.86298,21.27561 L 144.10704,384.541 c -8.27245,-19.64826 -19.48828,-38.46092 -32.09134,-54.26124 z m 39.2896,74.09647 -43.06434,42.99904 -0.16112,-0.23083 c -4.35638,4.03722 -9.681078,6.92722 -15.547588,8.12753 23.821878,15.22787 45.706898,19.80754 58.164708,9.78951 4.36145,-3.50631 7.21069,-8.55918 8.67157,-14.74774 -0.41891,-12.9865 -2.66396,-27.2495 -6.81549,-41.87951 -0.39129,-1.38498 -0.82631,-2.7515 -1.24981,-4.12955 z"
       fill="#000000"
       fill-opacity="1"
       id="path14530-0"
       style="fill:#000000;fill-opacity:1;stroke-width:1.02381" />
    <path
       d="m 373.563,18.406 c -15.616,-0.167 -27.91,4.622 -32.563,14.75 -22.778,49.605 -48.743,87.14 -79.094,117.28 3.047,1.015 6.046,2.29 8.938,3.783 12.987,6.708 25.268,17.78 35.312,30.843 10.044,13.062 17.85,28.114 20.78,43.5 0.746,3.908 1.16,7.885 1.158,11.843 38.97,-24.36 85.058,-41.223 140.875,-51.312 14.91,-2.697 23.652,-28.632 21.405,-58.656 l -35.156,-1 30.56,-24.813 C 481.63,90.117 474.765,75.87 464.623,63.904 449.095,45.59 428.193,32.528 407.903,25.218 l -25.963,15.594 2.812,-21.5 c -3.875,-0.55 -7.61,-0.87 -11.188,-0.907 z M 246.938,166.562 c -1.063,0.052 -2.06,0.226 -3,0.47 -11.976,10.254 -24.61,19.597 -37.938,28.28 0.842,0.33 1.67,0.667 2.5,1.032 14.123,6.192 27.438,17.145 38.47,30.625 13.356,16.322 23.62,36.94 25.624,57.75 10.334,-10.367 21.24,-19.943 32.844,-28.72 4.096,-6.555 4.93,-14.468 3.125,-23.938 -2.184,-11.46 -8.642,-24.43 -17.25,-35.625 -8.61,-11.194 -19.38,-20.622 -29.063,-25.625 -6.052,-3.126 -11.154,-4.45 -15.313,-4.25 z m -61.907,43.282 c -1.385,0.053 -2.69,0.27 -3.968,0.562 -37,20.762 -79.088,37.985 -127.312,56 0.574,0.042 1.14,0.093 1.72,0.156 10.627,1.156 21.076,5.008 31.155,10.875 L 124.313,261 108.5,293.72 c 5.995,5.432 11.803,11.477 17.344,18 20.76,24.434 37.964,55.865 47.094,88.092 0.002,0.01 -0.003,0.022 0,0.032 2.98,10.508 5.11,20.916 6.312,31 20.99,-48.438 44.38,-89.26 72.344,-123 7.3,-21.48 -2.186,-48.408 -19.063,-69.03 -9.44,-11.538 -20.976,-20.718 -31.53,-25.345 -5.936,-2.604 -11.27,-3.808 -15.97,-3.626 z m 141.626,54.844 c -7.31,5.05 -14.462,10.51 -21.437,16.312 39.16,9.26 60.953,35.722 80.655,62.156 10.464,14.04 20.598,28.11 33.125,40.688 24.19,9.147 43.17,6.38 63.906,-14.938 -92.165,-27.78 -96.11,-92.61 -156.25,-104.22 z M 48.594,284.906 c -10.873,0.225 -18.26,5.755 -23.344,16.594 -5.81,12.387 -7.114,32.47 0.438,57.063 5.75,18.73 16.52,37.718 28.75,51.625 12.23,13.906 25.9,22.076 35.374,22.406 h 0.032 c 3.717,0.13 6.553,-0.682 8.812,-2.75 l -0.187,-0.188 2.093,-2.094 c 0.793,-1.168 1.52,-2.548 2.187,-4.187 2.81,-6.9 3.28,-18.552 -1.844,-33 -6.885,-19.417 -19.12,-31.932 -33.375,-34.78 l -22.968,-4.564 19.813,-12.5 38.47,-24.186 c -16.65,-16.822 -34.55,-27.607 -49.376,-29.22 -1.7,-0.184 -3.323,-0.25 -4.876,-0.218 z m 236.25,5.406 -24.53,25.375 c 100.442,17.878 55.45,141.005 159.31,176.188 l -24.78,-57.28 c 32.766,16.15 67.39,22.623 97.72,12.03 -135.77,-41.948 -96.32,-126.983 -207.72,-156.313 z m -169.47,38.22 -25.968,16.343 c 13.18,8.5 23.21,22.565 29.125,39.25 2.57,7.244 4.133,14.205 4.75,20.78 l 23.44,-23.374 c -8.08,-19.19 -19.035,-37.566 -31.345,-53 z m 38.376,72.374 -42.063,42 -0.156,-0.156 c -4.255,3.942 -9.456,6.765 -15.186,7.938 23.268,14.873 44.644,19.346 56.812,9.562 4.26,-3.426 7.043,-8.36 8.47,-14.406 -0.41,-12.684 -2.602,-26.615 -6.657,-40.906 -0.382,-1.346 -0.806,-2.686 -1.22,-4.032 z"
       fill="#000000"
       fill-opacity="1"
       id="path14530"
       style="fill:#ffffff;fill-opacity:1" />
  </g>
  <g
     class=""
     id="g14532-2"
     transform="matrix(0.04448107,0,0,0.04435309,4.0902284,30.183824)"
     style="fill:#ffffff;fill-opacity:1">
    <path
       d="m 376.34998,12.772889 c -15.98767,-0.23083 -28.57438,4.732018 -33.33839,15.100908 -23.32011,50.784941 -49.90354,89.213543 -80.97707,120.070913 3.11946,1.03874 6.18989,2.34524 9.15077,3.87333 13.29632,6.8672 25.86968,18.20327 36.15287,31.57757 10.28296,13.37199 18.27484,28.78221 21.27461,44.53406 0.76416,4.00259 1.18767,8.07444 1.18537,12.12551 39.89793,-24.93889 87.08319,-42.20499 144.22918,-52.53233 15.26517,-2.76304 24.21523,-29.31543 21.91471,-60.05277 l -35.99314,-1.01565 31.28782,-25.40286 C 486.98989,86.199959 479.9615,71.613802 469.57795,59.361337 453.68028,40.613313 432.28045,27.239014 411.50738,19.755501 l -26.58113,15.964213 2.87893,-22.011963 C 383.83802,13.153759 380.01401,12.807513 376.3509,12.78443 Z M 246.7102,164.45369 c -1.0887,0 -2.10834,0.23083 -3.07159,0.48474 -12.26102,10.49816 -25.19598,20.06376 -38.84123,28.95303 0.86313,0.34624 1.71015,0.69249 2.55946,1.06181 14.45936,6.3386 28.09126,17.55233 39.38604,31.35366 13.67402,16.7098 24.18232,37.81921 26.23403,59.12484 10.58011,-10.61357 21.74577,-20.41924 33.6261,-29.40546 4.19342,-6.71023 5.04734,-14.81237 3.19932,-24.50723 -2.23492,-11.7331 -8.84764,-25.01045 -17.66075,-36.47347 -8.81496,-11.45841 -19.84136,-21.11173 -29.75491,-26.23385 -6.1961,-3.20161 -11.41953,-4.55659 -15.67763,-4.35115 z m -63.381,44.31246 c -1.41784,0 -2.75419,0.277 -4.06246,0.57708 -37.88097,21.25484 -80.971092,38.88795 -130.343405,57.33128 0.586927,0 1.166949,0 1.760781,0.23083 10.880019,1.17723 21.577745,5.12904 31.896845,11.13525 l 38.584359,-16.82752 -16.18952,33.49807 c 6.13765,5.5607 12.08402,11.74925 17.75696,18.42717 21.25413,25.01737 38.86793,57.19509 48.21527,90.18995 0.002,0.009 -0.003,0.0231 0,0 3.05087,10.759 5.2317,21.41412 6.46218,31.73915 21.48982,-49.59155 45.43668,-91.38566 74.06652,-125.92939 7.47377,-21.99119 -2.23722,-49.55923 -19.51682,-70.67326 -9.66473,-11.81158 -21.47555,-21.21099 -32.28076,-25.94762 -6.07735,-2.66609 -11.5383,-3.89872 -16.35018,-3.71175 z m 144.99794,56.14943 c -7.4839,5.1706 -14.80622,10.7613 -21.9474,16.70056 40.09242,9.4802 62.4044,36.57273 82.57536,63.63526 10.71315,14.37379 21.08841,28.7799 33.9138,41.65792 24.76603,9.36477 44.19792,6.53018 65.42765,-15.29481 C 393.93708,343.17393 389.8981,276.80103 328.32622,264.91327 Z M 43.643522,285.61643 c -11.131822,0.23083 -18.694666,5.89079 -23.899674,16.9891 -5.948449,12.68181 -7.283421,33.24185 0.448827,58.4208 5.886994,19.17506 16.913399,38.61558 29.434512,52.85318 12.521113,14.2376 26.516679,22.60058 36.216168,22.9399 h 0.02302 c 3.80536,0.23083 6.708923,-0.69249 9.021646,-2.81613 l -0.184134,-0.23083 2.14286,-2.14672 c 0.812491,-1.20031 1.555932,-2.60838 2.23953,-4.28651 2.876863,-7.06341 3.357913,-18.99271 -1.887374,-33.78661 -7.04888,-19.87909 -19.575287,-32.69017 -34.169519,-35.60786 l -23.514834,-4.672 20.284663,-12.79723 39.386036,-24.76115 C 82.138812,298.49214 63.812414,287.44922 48.633557,285.79879 c -1.740066,-0.23083 -3.402106,-0.25392 -4.992103,-0.23083 z m 241.875218,5.533 -25.11404,25.97993 c 102.83332,18.30252 56.77013,144.36118 163.10292,180.38222 l -25.36999,-58.64471 c 33.54623,16.53437 68.99456,23.1615 100.04669,12.3171 C 359.18178,408.23802 399.57112,321.17812 285.51874,291.14943 Z m -173.50511,39.13033 -26.586417,16.73287 c 13.494031,8.7023 23.762727,23.10148 29.818657,40.18292 2.63105,7.41657 4.2314,14.5446 4.86298,21.27561 L 144.10704,384.541 c -8.27245,-19.64826 -19.48828,-38.46092 -32.09134,-54.26124 z m 39.2896,74.09647 -43.06434,42.99904 -0.16112,-0.23083 c -4.35638,4.03722 -9.681078,6.92722 -15.547588,8.12753 23.821878,15.22787 45.706898,19.80754 58.164708,9.78951 4.36145,-3.50631 7.21069,-8.55918 8.67157,-14.74774 -0.41891,-12.9865 -2.66396,-27.2495 -6.81549,-41.87951 -0.39129,-1.38498 -0.82631,-2.7515 -1.24981,-4.12955 z"
       fill="#000000"
       fill-opacity="1"
       id="path14530-0-5"
       style="fill:#000000;fill-opacity:1;stroke-width:1.02381" />
    <path
       d="m 373.563,18.406 c -15.616,-0.167 -27.91,4.622 -32.563,14.75 -22.778,49.605 -48.743,87.14 -79.094,117.28 3.047,1.015 6.046,2.29 8.938,3.783 12.987,6.708 25.268,17.78 35.312,30.843 10.044,13.062 17.85,28.114 20.78,43.5 0.746,3.908 1.16,7.885 1.158,11.843 38.97,-24.36 85.058,-41.223 140.875,-51.312 14.91,-2.697 23.652,-28.632 21.405,-58.656 l -35.156,-1 30.56,-24.813 C 481.63,90.117 474.765,75.87 464.623,63.904 449.095,45.59 428.193,32.528 407.903,25.218 l -25.963,15.594 2.812,-21.5 c -3.875,-0.55 -7.61,-0.87 -11.188,-0.907 z M 246.938,166.562 c -1.063,0.052 -2.06,0.226 -3,0.47 -11.976,10.254 -24.61,19.597 -37.938,28.28 0.842,0.33 1.67,0.667 2.5,1.032 14.123,6.192 27.438,17.145 38.47,30.625 13.356,16.322 23.62,36.94 25.624,57.75 10.334,-10.367 21.24,-19.943 32.844,-28.72 4.096,-6.555 4.93,-14.468 3.125,-23.938 -2.184,-11.46 -8.642,-24.43 -17.25,-35.625 -8.61,-11.194 -19.38,-20.622 -29.063,-25.625 -6.052,-3.126 -11.154,-4.45 -15.313,-4.25 z m -61.907,43.282 c -1.385,0.053 -2.69,0.27 -3.968,0.562 -37,20.762 -79.088,37.985 -127.312,56 0.574,0.042 1.14,0.093 1.72,0.156 10.627,1.156 21.076,5.008 31.155,10.875 L 124.313,261 108.5,293.72 c 5.995,5.432 11.803,11.477 17.344,18 20.76,24.434 37.964,55.865 47.094,88.092 0.002,0.01 -0.003,0.022 0,0.032 2.98,10.508 5.11,20.916 6.312,31 20.99,-48.438 44.38,-89.26 72.344,-123 7.3,-21.48 -2.186,-48.408 -19.063,-69.03 -9.44,-11.538 -20.976,-20.718 -31.53,-25.345 -5.936,-2.604 -11.27,-3.808 -15.97,-3.626 z m 141.626,54.844 c -7.31,5.05 -14.462,10.51 -21.437,16.312 39.16,9.26 60.953,35.722 80.655,62.156 10.464,14.04 20.598,28.11 33.125,40.688 24.19,9.147 43.17,6.38 63.906,-14.938 -92.165,-27.78 -96.11,-92.61 -156.25,-104.22 z M 48.594,284.906 c -10.873,0.225 -18.26,5.755 -23.344,16.594 -5.81,12.387 -7.114,32.47 0.438,57.063 5.75,18.73 16.52,37.718 28.75,51.625 12.23,13.906 25.9,22.076 35.374,22.406 h 0.032 c 3.717,0.13 6.553,-0.682 8.812,-2.75 l -0.187,-0.188 2.093,-2.094 c 0.793,-1.168 1.52,-2.548 2.187,-4.187 2.81,-6.9 3.28,-18.552 -1.844,-33 -6.885,-19.417 -19.12,-31.932 -33.375,-34.78 l -22.968,-4.564 19.813,-12.5 38.47,-24.186 c -16.65,-16.822 -34.55,-27.607 -49.376,-29.22 -1.7,-0.184 -3.323,-0.25 -4.876,-0.218 z m 236.25,5.406 -24.53,25.375 c 100.442,17.878 55.45,141.005 159.31,176.188 l -24.78,-57.28 c 32.766,16.15 67.39,22.623 97.72,12.03 -135.77,-41.948 -96.32,-126.983 -207.72,-156.313 z m -169.47,38.22 -25.968,16.343 c 13.18,8.5 23.21,22.565 29.125,39.25 2.57,7.244 4.133,14.205 4.75,20.78 l 23.44,-23.374 c -8.08,-19.19 -19.035,-37.566 -31.345,-53 z m 38.376,72.374 -42.063,42 -0.156,-0.156 c -4.255,3.942 -9.456,6.765 -15.186,7.938 23.268,14.873 44.644,19.346 56.812,9.562 4.26,-3.426 7.043,-8.36 8.47,-14.406 -0.41,-12.684 -2.602,-26.615 -6.657,-40.906 -0.382,-1.346 -0.806,-2.686 -1.22,-4.032 z"
       fill="#000000"
       fill-opacity="1"
       id="path14530-36"
       style="fill:#ffffff;fill-opacity:1" />
  </g>
  <g
     aria-label="2"
     id="text245"
     style="font-size:27.7778px;line-height:1.25;font-family:'DS Cloister Black';-inkscape-font-specification:'DS Cloister Black, ';letter-spacing:0px;word-spacing:0px;fill:#ffffff;fill-opacity:0.74902;stroke-width:0.694444">
    <path
       d="m 55.416674,10.388892 v 0.277778 q 0,0.194445 0.02778,0.25 v 0.361112 q 0,0.08333 0.02778,0.138889 v 0.111111 q 0,3.166669 -3.277781,5.694449 l -3.888892,2.361113 q -1.666668,1.000001 -2.638891,2.555557 0.444445,-0.194444 0.944446,-0.361111 0.527778,-0.194445 1.138889,-0.361111 1.083335,-0.305556 2.194447,-0.416667 0.194444,0 0.277778,-0.02778 h 0.277778 q 0.194444,0 0.277778,-0.02778 h 0.638889 0.08333 q 0.05556,0 0.111112,0.02778 0.05555,0 0.166666,0 0.166667,0.02778 0.305556,0.02778 0.138889,0 0.222223,0 0.111111,0 0.194444,0.02778 0.166667,0 0.416667,0.05556 0.277778,0.05556 0.416667,0.08333 0.08333,0.02778 0.194445,0.05556 0.111111,0.02778 0.222222,0.08333 0.138889,0.02778 0.361111,0.08333 0.777779,0.222222 1.583335,0.583334 l -2.166668,2.527779 -2.694447,-0.916667 -3.222225,-0.111111 q -0.08333,0.02778 -0.333333,0.08333 -0.222223,0.05556 -0.611112,0.166667 -0.333333,0.08333 -0.472222,0.08333 -0.02778,0 -0.111112,0.02778 -0.08333,0.02778 -0.361111,0.08333 -0.166667,0.02778 -0.944445,0.25 -0.25,0.111111 -0.63889,0.138889 -0.05555,0.02778 -0.166666,0.05556 -0.08333,0.02778 -0.138889,0.02778 0.333333,-2.000001 1.611112,-3.444447 0.638889,-0.722223 1.305557,-1.38889 0.666667,-0.694445 1.361112,-1.333334 l 0.08333,-0.08333 0.08333,-0.08333 q 0.361111,-0.305556 0.861111,-0.805556 0.500001,-0.500001 1.13889,-1.13889 0.472223,-0.527778 0.88889,-1.055556 0.416667,-0.555556 0.75,-1.166668 0.02778,-0.05556 0.05556,-0.111111 0.02778,-0.05556 0.05556,-0.166667 0,0.05556 0.111111,-0.25 0.111111,-0.333334 0.138889,-0.63889 0,-0.08333 0,-0.194444 0.02778,-0.111111 0.05555,-0.25 0,-0.166667 0.02778,-0.222223 v -0.361111 q -0.02778,-0.02778 -0.02778,-0.138889 V 11.222226 Q 52.222227,10.527781 51.861116,9.8055584 51.500004,9.0833356 50.888893,8.7222242 l -4.833337,3.7777808 h -0.166667 l -1.611113,-1.583335 -0.05556,-0.416667 5.000004,-4.0000028 z"
       id="path1941" />
  </g>
  <g
     aria-label="B"
     id="text911"
     style="font-size:20.2429px;line-height:1.25;font-family:'DS Cloister Black';-inkscape-font-specification:'DS Cloister Black, ';letter-spacing:0px;word-spacing:0px;fill:#ffffff;fill-opacity:0.498039;stroke-width:0.506073">
    <path
       d="m 9.9797537,120.50608 q 0.020243,0.0607 0.060728,0.0607 h 0.101215 q 0,0.0202 0.04049,0.0202 h 0.06073 q 0.384616,0 0.465587,0 0.101215,-0.0202 0.283401,-0.081 0.06073,0 0.364372,-0.0607 0.04049,0 0.202429,-0.0405 l 0.182186,-0.0607 q 0.08097,-0.0202 0.161943,-0.0405 0.101215,-0.0202 0.202429,-0.0405 0.08097,0 0.364372,-0.0607 0.303644,-0.081 0.728745,-0.081 -0.101215,0.10122 -0.182186,0.16195 -0.08097,0.0405 -0.303644,0.22267 -0.202429,0.1417 -0.2834,0.16194 -0.06073,0.0203 -0.242915,0.18219 -0.364372,0.26316 -0.607287,0.46559 -0.242915,0.18218 -0.384615,0.2834 -0.546559,0.52631 -0.748988,0.9919 -0.04049,0.0405 -0.06073,0.10121 0,0.0607 -0.04049,0.16195 -0.121458,0.4251 -0.121458,0.38461 0,0.0405 -0.06073,0.1417 -0.04049,0.081 -0.101215,0.24292 v 0.46558 q 0,0.081 0,0.20243 0.02024,0.10122 0.04049,0.24292 v 0.48583 q 0,0.18218 0.02024,0.22267 v 0.80971 q 0,0.0203 0,0.18219 0,0.1417 -0.02024,0.4251 -0.02024,0.34413 -0.06073,0.87045 -0.040485,0.50607 -0.080971,1.19433 -0.060729,0.91093 -0.060729,0.89068 v 0.1417 q -0.020243,0.0405 -0.020243,0.16195 v 0.1417 q -0.020243,0.0405 -0.020243,0.1417 -0.1821861,0.60729 -0.4655867,1.01214 -0.020243,0.0607 -0.6477729,0.91093 -0.040486,0.0405 -0.040486,0.0607 l -0.060729,0.0607 q -0.040486,0.0405 -0.080972,0.12146 0.8704448,-0.54656 1.5182174,-1.2753 0.647773,-0.74899 0.789473,-1.78138 v -5.10121 q 0,-2.1255 3.502022,-3.68421 0.06073,-0.0202 0.1417,-0.0607 0.08097,-0.0405 0.182187,-0.081 0.263157,-0.12146 0.506072,-0.18218 0.242915,-0.081 0.465587,-0.16195 h 0.101214 q 0.04049,0 0.06073,-0.0202 h 0.121457 q 0.04049,0 0.06073,-0.0202 h 0.222672 q 0.02024,0.0202 0.06073,0.0202 1.012145,0.18219 1.842104,1.2753 0.02024,0.081 0.02024,0.10122 0.02024,0.0202 0.04049,0.0607 v 0.0607 q 0,0.0405 0.04049,0.24292 v 0.26316 q 0,0.0607 0.02024,0.12145 v 0.10122 q 0,1.09312 -0.688258,1.9838 -0.404859,0.52632 -1.477732,1.59919 l -0.08097,0.081 q -0.02024,0 -0.04049,0.0203 l -0.04049,0.0405 h 0.1417 q 0.02024,0.0203 0.1417,0.0203 0.101215,0.0202 0.182186,0.0405 0.08097,0 0.121458,0 2.02429,0.40486 2.246962,1.94332 v 4.06882 l -1.88259,0.44535 q -0.303644,0.1417 -0.76923,0.36437 -0.445344,0.20243 -1.032388,0.48583 -0.404858,0.22267 -0.829959,0.46558 -0.425101,0.24292 -0.870445,0.52632 l -2.550605,-0.82996 q -0.101215,0.0202 -0.242915,0.0202 -0.121458,-0.0202 -0.283401,-0.0405 -0.4251008,-0.0405 -0.5465582,-0.0405 -0.1214574,0 -0.1417003,-0.0202 H 8.8056654 q -0.020243,0.0202 -0.1417003,0.0202 -1.0526308,0.0607 -2.0647759,0.64778 -0.060729,0.12145 -0.1012145,0.1417 -0.020243,0.0202 -0.1619432,0.30364 -0.080972,0.1417 -0.080972,0.30364 0,-0.0607 0.1214574,0.54656 0,0.0405 0.040486,0.10122 0.040486,0.0607 0.040486,0.10121 0.040486,0.0607 0.060729,0.1417 0.040486,0.10122 0.080972,0.20243 -0.1012145,0.2834 -0.3036435,0.36437 -0.040486,0.0405 -0.1012145,0.0405 -0.040486,0 -0.060729,0.0202 h -0.080972 q -0.020243,-0.0202 -0.060729,-0.0202 h -0.040486 q -0.020243,-0.0203 -0.040486,-0.0203 -0.4858296,-0.22267 -0.4858296,-0.68825 v -0.081 q -0.020243,-0.0202 -0.020243,-0.0405 v -0.081 q -0.020243,-0.0202 -0.020243,-0.0405 v -0.0405 q 0,-0.62753 0.3643722,-1.09312 0.020243,-0.0405 0.1214574,-0.1417 0.1012145,-0.10122 0.2631577,-0.30365 0.080972,-0.081 0.1821861,-0.18218 0.1012145,-0.12146 0.2429148,-0.2834 l 0.5060726,-0.50607 q 0.2226719,-0.22268 0.404858,-0.46559 0.040486,-0.10122 0.1012145,-0.16194 0.060729,-0.0607 0.060729,-0.10122 0.080972,-0.12146 0.1214574,-0.26316 0.060729,-0.1417 0.1214574,-0.34413 0.040486,-0.10121 0.040486,-0.1417 0,-0.0405 0.020243,-0.12145 v -0.1417 q -0.020243,-0.0203 -0.020243,-0.0607 v -0.0607 q -0.040486,-0.0405 -0.040486,-0.10122 0,-0.0607 -0.060729,-0.12145 -0.020243,-0.0405 -0.080972,-0.12146 -0.040486,-0.081 -0.2631577,-0.18219 h -0.080972 q -0.040486,0 -0.080972,-0.0202 H 7.1457476 q -0.020243,0 -0.040486,-0.0202 H 7.064776 q -0.2631577,0 -0.62753,0.1417 -0.1012145,0.0405 -0.2429148,0.1417 -0.1417003,0.081 -0.3441293,0.22267 l -0.080972,-0.081 q -0.020243,0 -0.020243,-0.0405 v -0.1417 q -0.020243,0 -0.020243,-0.0405 v -0.16195 q 0,-0.0202 0.020243,-0.0405 v -0.12146 q 0,-0.0202 0.020243,-0.0405 v -0.0405 q 0.2834006,-0.52632 0.7489873,-0.78947 0.4858297,-0.32389 1.0728738,-0.36438 0.040486,0 0.060729,-0.0202 h 0.202429 l 0.1214574,-0.0405 q 0,0.0203 0.020243,0 v -0.0405 q 0,-0.0202 0.020243,-0.0405 0.020243,-0.0405 0.020243,-0.0607 v -0.081 q 0,-0.0202 0.020243,-0.0405 v -0.0405 q 0,-0.18219 -0.1012145,-0.36437 -0.1012145,-0.18219 -0.2631577,-0.34413 -0.1417003,-0.18219 -0.3238864,-0.32389 -0.1821861,-0.1417 -0.3643722,-0.20243 -0.020243,-0.0202 -0.1619432,-0.0607 0.020243,0 -0.1417004,-0.0405 -0.1012145,-0.0202 -0.1619432,-0.0202 -0.060729,-0.0203 -0.1012145,-0.0203 -0.5060725,0.0607 -1.1133595,0.34413 -0.040486,0.0405 -0.1214574,0.0607 -0.040486,0 -0.1821861,0.10122 -0.1214574,0.081 -0.2226719,0.081 l -0.040486,-0.12146 q 0,-1.2753 1.8825897,-1.88259 0.060729,-0.0202 0.222672,-0.0607 0,0 0.202429,-0.0405 0.080972,-0.0203 0.202429,-0.0405 0.1417003,-0.0202 0.202429,-0.0202 v -0.12146 q 0,-0.0405 0.020243,-0.0607 v -0.0607 q 0.020243,-0.10121 0.040486,-0.26316 0.020243,-0.18218 0.060729,-0.40485 0.1417003,-0.87045 0.8502018,-1.82186 l 1.6801608,-1.33604 q -0.101215,0.10122 -0.3846151,0.18219 -0.1214574,0.0202 -0.3846151,0.12146 -0.1821861,0.0405 -0.4048581,0.0607 -0.1012145,0.0202 -0.3846151,0.0202 H 8.3805645 q -0.060729,0 -0.1012145,-0.0202 h -0.080972 q -0.060729,0 -0.1012145,-0.0202 H 7.9959494 q -0.1619432,0 -0.2226719,-0.0405 -0.060729,-0.0405 -0.1619432,-0.0607 -0.1012145,-0.0405 -0.1214574,-0.0405 -0.020243,-0.0202 -0.060729,-0.0405 h -0.060729 q -0.1821861,-0.0607 -0.3238864,-0.081 -0.1214574,-0.0405 -0.2226719,-0.0607 -0.2429149,-0.0607 -0.5060726,-0.0607 -0.3036435,0 -0.6680157,0.1417 -0.3643722,0.22267 -0.5870441,0.48583 -0.060729,0.0607 -0.1012145,0.12146 -0.040486,0.0607 -0.1012145,0.26315 -0.040486,0.0405 -0.060729,0.12146 -0.040486,0 -0.040486,-0.0405 v -0.0202 q -0.020243,0 -0.020243,-0.0202 -0.1012145,-0.34413 -0.1012145,-0.34413 0,-0.20243 0.060729,-0.30364 v -0.0607 l 0.040486,-0.12146 q 0,0.0202 0.060729,-0.16194 0.040486,-0.0405 0.080972,-0.12146 0.040486,-0.10121 0.1012145,-0.20243 0.020243,-0.081 0.2226719,-0.30364 0.060729,-0.0607 0.1619432,-0.16195 0.1012145,-0.12145 0.1012145,-0.16194 0.040486,-0.0405 0.080972,-0.10121 0.060729,-0.0607 0.1417003,-0.1417 0.3643722,-0.20243 0.7894731,-0.36438 0.4453439,-0.16194 0.8704448,-0.16194 h 0.040486 q 0.020243,0.0202 0.060729,0.0202 H 7.672063 q 0.020243,0.0203 0.060729,0.0203 h 0.1214574 v -0.0405 z m 5.3238833,10.12145 q -0.101215,0.0202 -0.242915,0.0405 -0.121458,0.0202 -0.323887,0.0607 -0.1417,0.0405 -0.2834,0.081 -0.121458,0.0202 -0.242915,0.0607 v 1.41701 l 1.093117,0.38461 1.133602,-0.50607 v -1.29555 q -0.04049,0 -0.283401,-0.0607 -0.08097,0 -0.2834,-0.0607 -0.242915,-0.081 -0.566801,-0.081 z m -0.809716,-9.49392 q -0.526316,0.12146 -0.809716,0.40486 -0.384616,0.38461 -0.566802,0.76923 -0.02024,0.0405 -0.101214,0.22267 -0.06073,0.16194 -0.06073,0.26316 v 5.72874 q 0,1.29554 -0.91093,2.08502 -0.910931,0.78947 -1.983805,1.29554 0.141701,0 0.182186,-0.0202 h 0.182187 q 0.08097,0 0.161943,0 0.101214,-0.0202 0.202429,-0.0405 h 0.344129 q 0.1417,0 0.182186,-0.0202 h 0.546558 q 0.08097,0 0.161944,0 0.101214,0 0.202429,0.0202 0.04049,0 0.121457,0.0203 0.101215,0 0.263158,0.0202 0.121457,0.0202 0.202429,0.0202 0.101214,0 0.182186,0 h 0.06073 q 0.02024,0.0203 0.08097,0.0203 h 0.161943 q 0.161944,0.0405 0.202429,0.0405 h 0.242915 v -7.53036 h 0.465587 v 2.12551 q 0.748987,-0.36438 1.376517,-1.23482 0.587044,-0.82996 0.587044,-1.74089 0,-0.081 -0.02024,-0.16194 0,-0.081 -0.02024,-0.18219 v -0.10121 q -0.02024,-0.0405 -0.02024,-0.10122 -0.06073,-0.1417 -0.08097,-0.20243 0,-0.081 -0.02024,-0.1417 0,-0.0607 -0.04049,-0.16194 -0.02024,-0.10122 -0.121457,-0.2834 l -0.182186,-0.18219 -0.182186,-0.24291 q -0.283401,-0.2834 -0.728745,-0.58705 -0.161943,-0.0405 -0.263157,-0.0607 z m -0.283401,9.1093 q 0.182186,0 0.546558,-0.0405 0.364373,-0.0405 0.546559,-0.0405 h 0.182186 q 0.04049,0.0203 0.202429,0.0203 0.2834,0.0405 0.404858,0.0607 0.121457,0.0203 0.182186,0.0203 h 0.08097 q 0.02024,0.0202 0.08097,0.0202 v -1.45749 q -0.08097,0.081 -0.202429,0.081 h -0.101214 q -0.04049,0.0203 -0.101215,0.0203 h -0.101214 q -0.04049,0.0202 -0.101215,0.0202 h -0.202429 q -0.323886,0 -0.425101,-0.0202 l -0.425101,-0.0607 q -0.263158,0 -0.566801,-0.081 z m 0,-2.93522 v 0.89069 q 0.04049,0.081 0.08097,0.081 0.04049,0 0.1417,0.0405 0.344129,0.10121 0.344129,0.10121 0.445344,0.10122 0.566801,0.10122 0.161944,0 0.222672,-0.0203 -0.02024,0 0.526316,-0.1417 0.121457,-0.081 0.242915,-0.12145 v -0.4251 q 0,-0.36438 -0.283401,-0.82996 -0.222672,-0.36437 -0.708502,-0.46559 v -0.0405 z"
       id="path1944" />
  </g>
  <g
     aria-label="B"
     id="text911-2"
     style="font-size:20.2429px;line-height:1.25;font-family:'DS Cloister Black';-inkscape-font-specification:'DS Cloister Black, ';letter-spacing:0px;word-spacing:0px;fill:#ffffff;fill-opacity:0.498039;stroke-width:0.506073">
    <path
       d="m 84.979753,5.5060734 q 0.02024,0.060729 0.06073,0.060729 h 0.101215 q 0,0.020243 0.04049,0.020243 h 0.06073 q 0.384616,0 0.465587,0 0.101215,-0.020243 0.283401,-0.080972 0.06073,0 0.364372,-0.060729 0.04049,0 0.202429,-0.040486 l 0.182186,-0.060729 q 0.08097,-0.020243 0.161943,-0.040486 0.101215,-0.020243 0.202429,-0.040486 0.08097,0 0.364373,-0.060729 0.303643,-0.080972 0.728744,-0.080972 -0.101215,0.1012145 -0.182186,0.1619433 -0.08097,0.040486 -0.303644,0.2226719 -0.202429,0.1417003 -0.2834,0.1619432 -0.06073,0.020243 -0.242915,0.1821861 -0.364372,0.2631577 -0.607287,0.4655867 -0.242915,0.1821861 -0.384615,0.2834006 -0.546559,0.5263154 -0.748988,0.9919021 -0.04049,0.040486 -0.06073,0.1012146 0,0.060729 -0.04049,0.1619432 -0.121457,0.4251009 -0.121457,0.3846151 0,0.040486 -0.06073,0.1417003 -0.04049,0.080972 -0.101215,0.2429148 v 0.4655867 q 0,0.080972 0,0.202429 0.02024,0.1012145 0.04049,0.2429148 V 10.02024 q 0,0.182186 0.02024,0.222672 v 0.809716 q 0,0.02024 0,0.182186 0,0.141701 -0.02024,0.425101 -0.02024,0.34413 -0.06073,0.870445 -0.04049,0.506072 -0.08097,1.194331 -0.06073,0.910931 -0.06073,0.890688 v 0.1417 q -0.02024,0.04049 -0.02024,0.161943 v 0.141701 q -0.02024,0.04049 -0.02024,0.1417 -0.182186,0.607287 -0.465586,1.012145 -0.02024,0.06073 -0.647773,0.91093 -0.04049,0.04049 -0.04049,0.06073 l -0.06073,0.06073 q -0.04049,0.04049 -0.08097,0.121457 0.870444,-0.546558 1.518217,-1.275302 0.647773,-0.748988 0.789473,-1.781376 V 9.2105242 q 0,-2.1255046 3.502022,-3.6842079 0.06073,-0.020243 0.141701,-0.060729 0.08097,-0.040486 0.182186,-0.080972 0.263157,-0.1214574 0.506072,-0.1821862 0.242915,-0.080972 0.465587,-0.1619432 h 0.101214 q 0.04049,0 0.06073,-0.020243 h 0.121457 q 0.04049,0 0.06073,-0.020243 h 0.222672 q 0.02024,0.020243 0.06073,0.020243 1.012145,0.1821861 1.842104,1.2753028 0.02024,0.080972 0.02024,0.1012145 0.02024,0.020243 0.04049,0.060729 v 0.060729 q 0,0.040486 0.04049,0.2429148 v 0.2631577 q 0,0.060729 0.02024,0.1214574 v 0.1012145 q 0,1.0931167 -0.688258,1.9838043 -0.404858,0.5263154 -1.477732,1.5991889 l -0.08097,0.08097 q -0.02024,0 -0.04049,0.02024 l -0.04048,0.04049 h 0.1417 q 0.02024,0.02024 0.1417,0.02024 0.101215,0.02024 0.182186,0.04049 0.08097,0 0.121458,0 2.02429,0.404858 2.246962,1.943319 v 4.068823 l -1.88259,0.445344 q -0.303644,0.1417 -0.76923,0.364372 -0.445344,0.202429 -1.032388,0.485829 -0.404858,0.222672 -0.829959,0.465587 -0.425101,0.242915 -0.870445,0.526316 l -2.550605,-0.829959 q -0.101215,0.02024 -0.242915,0.02024 -0.121458,-0.02024 -0.283401,-0.04049 -0.425101,-0.04049 -0.546558,-0.04049 -0.121458,0 -0.1417,-0.02024 h -0.809717 q -0.02024,0.02024 -0.1417,0.02024 -1.052631,0.06073 -2.064776,0.647773 -0.06073,0.121457 -0.101214,0.1417 -0.02024,0.02024 -0.161943,0.303644 -0.08097,0.1417 -0.08097,0.303643 0,-0.06073 0.121457,0.546558 0,0.04049 0.04049,0.101215 0.04049,0.06073 0.04049,0.101214 0.04049,0.06073 0.06073,0.141701 0.04048,0.101214 0.08097,0.202429 -0.101214,0.2834 -0.303643,0.364372 -0.04049,0.04049 -0.101215,0.04049 -0.04049,0 -0.06073,0.02024 h -0.08097 q -0.02024,-0.02024 -0.06073,-0.02024 h -0.04049 q -0.02024,-0.02024 -0.04049,-0.02024 Q 80.4251,21.093107 80.4251,20.62752 v -0.08097 q -0.02024,-0.02024 -0.02024,-0.04049 v -0.08097 q -0.02024,-0.02024 -0.02024,-0.04049 v -0.04049 q 0,-0.62753 0.364372,-1.093117 0.02024,-0.04049 0.121458,-0.1417 0.101214,-0.101215 0.263158,-0.303644 0.08097,-0.08097 0.182186,-0.182186 0.101214,-0.121457 0.242914,-0.283401 L 82.064775,17.834 q 0.222672,-0.222672 0.404858,-0.465587 0.04049,-0.101214 0.101215,-0.161943 0.06073,-0.06073 0.06073,-0.101214 0.08097,-0.121458 0.121458,-0.263158 0.06073,-0.1417 0.121457,-0.344129 0.04049,-0.101215 0.04049,-0.141701 0,-0.04049 0.02024,-0.121457 v -0.1417 q -0.02024,-0.02024 -0.02024,-0.06073 v -0.06073 q -0.04049,-0.04049 -0.04049,-0.101214 0,-0.06073 -0.06073,-0.121458 -0.02024,-0.04049 -0.08097,-0.121457 -0.04049,-0.08097 -0.263158,-0.182186 h -0.08097 q -0.04049,0 -0.08097,-0.02024 h -0.161943 q -0.02024,0 -0.04049,-0.02024 h -0.04049 q -0.263158,0 -0.62753,0.1417 -0.101214,0.04049 -0.242915,0.1417 -0.1417,0.08097 -0.344129,0.222672 l -0.08097,-0.08097 q -0.02024,0 -0.02024,-0.04049 v -0.1417 q -0.02024,0 -0.02024,-0.04049 v -0.161943 q 0,-0.02024 0.02024,-0.04049 v -0.121458 q 0,-0.02024 0.02024,-0.04049 v -0.04049 q 0.283401,-0.526316 0.748988,-0.789473 0.485829,-0.323887 1.072873,-0.364372 0.04049,0 0.06073,-0.02024 h 0.202429 l 0.121458,-0.04049 q 0,0.02024 0.02024,0 v -0.04049 q 0,-0.02024 0.02024,-0.04049 0.02024,-0.04049 0.02024,-0.06073 v -0.08097 q 0,-0.02024 0.02024,-0.04049 v -0.04049 q 0,-0.182186 -0.101214,-0.364372 -0.101215,-0.182186 -0.263158,-0.344129 -0.1417,-0.182186 -0.323886,-0.323887 -0.182187,-0.1417 -0.364373,-0.202429 -0.02024,-0.02024 -0.161943,-0.06073 0.02024,0 -0.1417,-0.04049 -0.101215,-0.02024 -0.161943,-0.02024 -0.06073,-0.02024 -0.101215,-0.02024 -0.506072,0.06073 -1.113359,0.344129 -0.04049,0.04049 -0.121458,0.06073 -0.04049,0 -0.182186,0.101215 -0.121457,0.08097 -0.222672,0.08097 l -0.04049,-0.121457 q 0,-1.275303 1.88259,-1.88259 0.06073,-0.02024 0.222672,-0.06073 0,0 0.202429,-0.04049 0.08097,-0.02024 0.202429,-0.04049 0.1417,-0.02024 0.202429,-0.02024 v -0.121458 q 0,-0.04049 0.02024,-0.06073 v -0.06073 q 0.02024,-0.101215 0.04049,-0.263158 0.02024,-0.182186 0.06073,-0.4048578 0.141701,-0.8704447 0.850202,-1.821861 l 1.680161,-1.3360315 q -0.101214,0.1012145 -0.384615,0.1821861 -0.121457,0.020243 -0.384615,0.1214574 -0.182186,0.040486 -0.404858,0.060729 -0.101215,0.020243 -0.384615,0.020243 h -0.182186 q -0.06073,0 -0.101215,-0.020243 h -0.08097 q -0.06073,0 -0.101214,-0.020243 h -0.101215 q -0.161943,0 -0.222671,-0.040486 -0.06073,-0.040486 -0.161944,-0.060729 -0.101214,-0.040486 -0.121457,-0.040486 -0.02024,-0.020243 -0.06073,-0.040486 h -0.06073 q -0.182187,-0.060729 -0.323887,-0.080972 -0.121457,-0.040486 -0.222672,-0.060729 -0.242915,-0.060729 -0.506072,-0.060729 -0.303644,0 -0.668016,0.1417003 -0.364372,0.2226719 -0.587044,0.4858296 -0.06073,0.060729 -0.101215,0.1214574 -0.04049,0.060729 -0.101214,0.2631577 -0.04049,0.040486 -0.06073,0.1214575 -0.04049,0 -0.04049,-0.040486 v -0.020243 q -0.02024,0 -0.02024,-0.020243 -0.101214,-0.3441294 -0.101214,-0.3441294 0,-0.202429 0.06073,-0.3036435 v -0.060729 l 0.04049,-0.1214574 q 0,0.020243 0.06073,-0.1619432 0.04049,-0.040486 0.08097,-0.1214574 0.04049,-0.1012145 0.101214,-0.202429 0.02024,-0.080972 0.222672,-0.3036435 0.06073,-0.060729 0.161943,-0.1619432 0.101215,-0.1214574 0.101215,-0.1619432 0.04049,-0.040486 0.08097,-0.1012145 0.06073,-0.060729 0.141701,-0.1417003 0.364372,-0.202429 0.789473,-0.3643723 0.445344,-0.1619432 0.870445,-0.1619432 h 0.04049 q 0.02024,0.020243 0.06073,0.020243 h 0.222672 q 0.02024,0.020243 0.06073,0.020243 h 0.121457 V 4.959515 Z m 5.323883,10.1214506 q -0.101215,0.02024 -0.242915,0.04049 -0.121458,0.02024 -0.323887,0.06073 -0.1417,0.04049 -0.2834,0.08097 -0.121458,0.02024 -0.242915,0.06073 v 1.417003 l 1.093117,0.384615 1.133602,-0.506073 v -1.295545 q -0.04049,0 -0.283401,-0.06073 -0.08097,0 -0.2834,-0.06073 -0.242915,-0.08097 -0.566801,-0.08097 z M 89.49392,6.1336033 q -0.526316,0.1214574 -0.809716,0.404858 -0.384616,0.3846151 -0.566802,0.7692302 -0.02024,0.040486 -0.101214,0.2226719 -0.06073,0.1619433 -0.06073,0.2631578 v 5.7287408 q 0,1.295546 -0.91093,2.085019 -0.910931,0.789473 -1.983805,1.295546 0.141701,0 0.182186,-0.02024 h 0.182187 q 0.08097,0 0.161943,0 0.101214,-0.02024 0.202429,-0.04049 h 0.344129 q 0.1417,0 0.182186,-0.02024 h 0.546559 q 0.08097,0 0.161943,0 0.101214,0 0.202429,0.02024 0.04049,0 0.121457,0.02024 0.101215,0 0.263158,0.02024 0.121457,0.02024 0.202429,0.02024 0.101214,0 0.182186,0 h 0.06073 q 0.02024,0.02024 0.08097,0.02024 h 0.161943 q 0.161944,0.04049 0.202429,0.04049 h 0.242915 V 9.4331961 h 0.465587 v 2.1255049 q 0.748987,-0.364373 1.376517,-1.234817 0.587044,-0.8299592 0.587044,-1.7408897 0,-0.080972 -0.02024,-0.1619432 0,-0.080972 -0.02024,-0.1821861 V 8.1376505 q -0.02024,-0.040486 -0.02024,-0.1012145 -0.06073,-0.1417003 -0.08097,-0.202429 0,-0.080972 -0.02024,-0.1417003 0,-0.060729 -0.04049,-0.1619433 -0.02024,-0.1012145 -0.121457,-0.2834006 L 90.668008,7.0647767 90.485822,6.8218619 Q 90.202421,6.5384613 89.757077,6.2348178 89.595134,6.194332 89.49392,6.1740891 Z m -0.283401,9.1093057 q 0.182186,0 0.546558,-0.04049 0.364373,-0.04049 0.546559,-0.04049 h 0.182186 q 0.04049,0.02024 0.202429,0.02024 0.2834,0.04049 0.404858,0.06073 0.121457,0.02024 0.182186,0.02024 h 0.08097 q 0.02024,0.02024 0.08097,0.02024 v -1.457488 q -0.08097,0.08097 -0.202429,0.08097 h -0.101214 q -0.04049,0.02024 -0.101215,0.02024 h -0.101214 q -0.04049,0.02024 -0.101215,0.02024 h -0.202429 q -0.323886,0 -0.425101,-0.02024 l -0.425101,-0.06073 q -0.263157,0 -0.566801,-0.08097 z m 0,-2.935221 v 0.890688 q 0.04049,0.08097 0.08097,0.08097 0.04049,0 0.1417,0.04049 0.344129,0.101215 0.344129,0.101215 0.445344,0.101214 0.566801,0.101214 0.161944,0 0.222672,-0.02024 -0.02024,0 0.526316,-0.1417 0.121457,-0.08097 0.242915,-0.121458 v -0.4251 q 0,-0.364373 -0.283401,-0.829959 -0.222672,-0.364373 -0.708502,-0.465587 v -0.04049 z"
       id="path1947" />
  </g>
</svg>
