<?xml version="1.0" encoding="UTF-8" standalone="no"?>
<svg
   width="100"
   height="100"
   viewbox="0 0 100 140"
   version="1.1"
   id="svg47"
   sodipodi:docname="lobby_the_vatican.svg"
   inkscape:export-filename="card-back.png"
   inkscape:export-xdpi="96"
   inkscape:export-ydpi="96"
   inkscape:version="1.2.2 (732a01da63, 2022-12-09)"
   xmlns:inkscape="http://www.inkscape.org/namespaces/inkscape"
   xmlns:sodipodi="http://sodipodi.sourceforge.net/DTD/sodipodi-0.dtd"
   xmlns="http://www.w3.org/2000/svg"
   xmlns:svg="http://www.w3.org/2000/svg">
  <defs
     id="defs51">
    <inkscape:path-effect
       effect="fillet_chamfer"
       id="path-effect3381"
       is_visible="true"
       lpeversion="1"
       nodesatellites_param="F,0,0,1,0,15,0,1 @ F,0,0,1,0,15,0,1 @ F,0,0,1,0,15,0,1 @ F,0,0,1,0,15,0,1 @ F,0,0,1,0,15,0,1 @ F,0,0,1,0,15,0,1"
       unit="px"
       method="auto"
       mode="F"
       radius="15"
       chamfer_steps="1"
       flexible="false"
       use_knot_distance="true"
       apply_no_radius="true"
       apply_with_radius="true"
       only_selected="false"
       hide_knots="false" />
    <inkscape:path-effect
       effect="fillet_chamfer"
       id="path-effect3381-3"
       is_visible="true"
       lpeversion="1"
       nodesatellites_param="F,0,0,1,0,15,0,1 @ F,0,0,1,0,15,0,1 @ F,0,0,1,0,15,0,1 @ F,0,0,1,0,15,0,1 @ F,0,0,1,0,15,0,1 @ F,0,0,1,0,15,0,1"
       unit="px"
       method="auto"
       mode="F"
       radius="15"
       chamfer_steps="1"
       flexible="false"
       use_knot_distance="true"
       apply_no_radius="true"
       apply_with_radius="true"
       only_selected="false"
       hide_knots="false" />
  </defs>
  <sodipodi:namedview
     id="namedview49"
     pagecolor="#ffffff"
     bordercolor="#666666"
     borderopacity="1.0"
     inkscape:showpageshadow="2"
     inkscape:pageopacity="0.0"
     inkscape:pagecheckerboard="0"
     inkscape:deskcolor="#d1d1d1"
     showgrid="false"
     inkscape:zoom="5.8142857"
     inkscape:cx="26.830467"
     inkscape:cy="56.240786"
     inkscape:window-width="1920"
     inkscape:window-height="1017"
     inkscape:window-x="-8"
     inkscape:window-y="-8"
     inkscape:window-maximized="1"
     inkscape:current-layer="svg47" />
  <rect
     x="-20.672455"
     y="-12.932899"
     width="154.76015"
     height="152.27858"
     rx="6.2529354"
     ry="4.3821173"
     style="opacity:1;fill:#7f003f;fill-opacity:1;stroke:#000000;stroke-width:1.30865;stroke-linecap:butt;stroke-linejoin:miter;stroke-dasharray:none;stroke-opacity:1"
     id="rect2" />
  <g
     class=""
     id="g858"
     transform="matrix(0.16627647,0,0,0.1676727,7.4332235,7.0757881)"
     style="fill:#d3bc5f">
    <path
       d="m 233,17.44 v 56.12 h -64 v 46 h 64 v 56.57 c 7.523,-1.028 15.2,-1.57 23,-1.57 7.8,0 15.477,0.542 23,1.57 v -56.57 h 64 v -46 H 279 V 17.44 Z m 23,54.89 c 13.7,0 25,11.3 25,25 0,13.7 -11.3,25 -25,25 -13.7,0 -25,-11.3 -25,-25 0,-13.7 11.3,-25 25,-25 z m 0,18 c -3.973,0 -7,3.027 -7,7 0,3.973 3.027,7 7,7 3.973,0 7,-3.027 7,-7 0,-3.973 -3.027,-7 -7,-7 z m -7.545,102.416 c -5.226,0.256 -10.383,0.778 -15.455,1.55 v 12.536 c 2.85,-6.65 8.516,-11.855 15.455,-14.086 z m 15.09,0 c 6.94,2.23 12.605,7.437 15.455,14.086 v -12.535 c -5.072,-0.773 -10.23,-1.295 -15.455,-1.55 z M 215,198.18 c -56.035,15.73 -98.793,62.918 -108.1,121.38 H 215 Z m 82,0 V 319.56 H 405.1 C 395.793,261.1 353.035,213.91 297,198.18 Z m -41,11.38 c -3.973,0 -7,3.028 -7,7 0,3.973 3.027,7 7,7 3.973,0 7,-3.027 7,-7 0,-3.972 -3.027,-7 -7,-7 z m -23,16.73 v 28.542 c 2.934,-6.843 8.85,-12.156 16.066,-14.27 -7.217,-2.117 -13.132,-7.43 -16.066,-14.273 z m 46,0 c -2.934,6.842 -8.85,12.155 -16.066,14.27 7.217,2.116 13.132,7.43 16.066,14.272 z m -23,31.27 c -3.973,0 -7,3.028 -7,7 0,3.973 3.027,7 7,7 3.973,0 7,-3.027 7,-7 0,-3.972 -3.027,-7 -7,-7 z m -23,16.73 v 28.542 c 2.934,-6.843 8.85,-12.156 16.066,-14.27 -7.217,-2.117 -13.132,-7.43 -16.066,-14.273 z m 46,0 c -2.934,6.842 -8.85,12.155 -16.066,14.27 7.217,2.116 13.132,7.43 16.066,14.272 z m -23,31.27 c -3.973,0 -7,3.028 -7,7 0,3.973 3.027,7 7,7 3.973,0 7,-3.027 7,-7 0,-3.972 -3.027,-7 -7,-7 z m -23,16.73 v 15.27 h -15.27 c 6.842,2.934 12.155,8.85 14.27,16.067 2.395,-8.173 8.894,-14.67 17.066,-17.066 -7.217,-2.115 -13.132,-7.428 -16.066,-14.27 z m 46,0 c -2.934,6.842 -8.85,12.155 -16.066,14.27 8.172,2.396 14.67,8.894 17.066,17.067 2.115,-7.217 7.428,-13.133 14.27,-16.066 H 279 v -15.27 z m -157.27,15.27 c 6.842,2.934 12.155,8.85 14.27,16.067 2.115,-7.217 7.428,-13.133 14.27,-16.066 h -28.54 z m 48,0 c 6.842,2.934 12.155,8.85 14.27,16.067 2.115,-7.217 7.428,-13.133 14.27,-16.066 h -28.54 z m 144,0 c 6.842,2.934 12.155,8.85 14.27,16.067 2.115,-7.217 7.428,-13.133 14.27,-16.066 h -28.54 z m 48,0 c 6.842,2.934 12.155,8.85 14.27,16.067 2.115,-7.217 7.428,-13.133 14.27,-16.066 h -28.54 z m -249.73,16 c -2.882,0 -5.26,1.597 -6.352,3.99 0.23,2.498 0.52,4.978 0.868,7.44 1.264,1.583 3.22,2.57 5.484,2.57 3.973,0 7,-3.027 7,-7 0,-3.972 -3.027,-7 -7,-7 z m 48,0 c -3.973,0 -7,3.028 -7,7 0,3.973 3.027,7 7,7 3.973,0 7,-3.027 7,-7 0,-3.972 -3.027,-7 -7,-7 z m 48,0 c -3.973,0 -7,3.028 -7,7 0,3.973 3.027,7 7,7 3.973,0 7,-3.027 7,-7 0,-3.972 -3.027,-7 -7,-7 z m 48,0 c -3.973,0 -7,3.028 -7,7 0,3.973 3.027,7 7,7 3.973,0 7,-3.027 7,-7 0,-3.972 -3.027,-7 -7,-7 z m 48,0 c -3.973,0 -7,3.028 -7,7 0,3.973 3.027,7 7,7 3.973,0 7,-3.027 7,-7 0,-3.972 -3.027,-7 -7,-7 z m 48,0 c -3.973,0 -7,3.028 -7,7 0,3.973 3.027,7 7,7 3.973,0 7,-3.027 7,-7 0,-3.972 -3.027,-7 -7,-7 z m 48,0 c -3.973,0 -7,3.028 -7,7 0,3.973 3.027,7 7,7 2.265,0 4.22,-0.987 5.484,-2.57 0.35,-2.462 0.64,-4.942 0.868,-7.44 -1.093,-2.393 -3.47,-3.99 -6.352,-3.99 z m -264,13.934 c -2.115,7.217 -7.428,13.133 -14.27,16.067 h 28.54 c -6.842,-2.933 -12.155,-8.85 -14.27,-16.066 z m 48,0 c -2.115,7.217 -7.428,13.133 -14.27,16.067 h 28.54 c -6.842,-2.933 -12.155,-8.85 -14.27,-16.066 z m 48,0 c -2.115,7.217 -7.428,13.133 -14.27,16.067 h 28.54 c -6.842,-2.933 -12.155,-8.85 -14.27,-16.066 z m 48,0 c -2.115,7.217 -7.428,13.133 -14.27,16.067 h 28.54 c -6.842,-2.933 -12.155,-8.85 -14.27,-16.066 z m 48,0 c -2.115,7.217 -7.428,13.133 -14.27,16.067 h 28.54 c -6.842,-2.933 -12.155,-8.85 -14.27,-16.066 z m 48,0 c -2.115,7.217 -7.428,13.133 -14.27,16.067 h 28.54 c -6.842,-2.933 -12.155,-8.85 -14.27,-16.066 z M 116.518,401.56 c 22.702,54.647 76.542,93 139.482,93 62.94,0 116.78,-38.353 139.482,-93 z"
       fill="#c2b448"
       fill-opacity="1"
       id="path856"
       style="fill:#d3bc5f" />
  </g>
</svg>
