<?xml version="1.0" encoding="UTF-8" standalone="no"?>
<svg
   width="100px"
   height="140px"
   viewbox="0 0 100 140"
   version="1.1"
   id="svg47"
   sodipodi:docname="card-holy-i.svg"
   inkscape:export-filename="card-back.png"
   inkscape:export-xdpi="96"
   inkscape:export-ydpi="96"
   inkscape:version="1.2.2 (732a01da63, 2022-12-09)"
   xmlns:inkscape="http://www.inkscape.org/namespaces/inkscape"
   xmlns:sodipodi="http://sodipodi.sourceforge.net/DTD/sodipodi-0.dtd"
   xmlns="http://www.w3.org/2000/svg"
   xmlns:svg="http://www.w3.org/2000/svg">
  <defs
     id="defs51" />
  <sodipodi:namedview
     id="namedview49"
     pagecolor="#ffffff"
     bordercolor="#666666"
     borderopacity="1.0"
     inkscape:showpageshadow="2"
     inkscape:pageopacity="0.0"
     inkscape:pagecheckerboard="0"
     inkscape:deskcolor="#d1d1d1"
     showgrid="false"
     inkscape:zoom="5.6568542"
     inkscape:cx="40.923805"
     inkscape:cy="69.296465"
     inkscape:window-width="1920"
     inkscape:window-height="1017"
     inkscape:window-x="-8"
     inkscape:window-y="-8"
     inkscape:window-maximized="1"
     inkscape:current-layer="svg47" />
  <g
     class=""
     id="g6197-8"
     transform="matrix(0.04545455,0,0,0.05002162,3.8636362,81.237738)"
     style="fill:#ffffff;fill-opacity:1">
    <path
       d="m 196.73,35.23 c -8.132,0.878 -16.3,1.936 -24.515,3.172 C 192.968,50.21 212.045,66.795 224,96 199.104,73.488 179.768,56.5 148.205,42.488 c -8.808,1.676 -17.69,3.562 -26.656,5.64 22.69,10.745 49.026,26.094 75.114,51.306 C 139.207,73.98 114.871,68.368 76.433,60.034 64.33,63.598 52.03,67.5 39.5,71.743 94.313,75.275 142.627,91.387 226.846,119.46 l 2.015,0.673 1.503,1.504 c 5.794,5.793 15.356,9.254 25.203,9.353 C 252.842,91.56 236.78,63.188 196.731,35.23 Z m 118.54,0 c -40.05,27.958 -56.11,56.33 -58.836,95.76 9.847,-0.1 19.41,-3.56 25.203,-9.353 l 1.502,-1.504 2.014,-0.672 C 369.374,91.39 417.687,75.277 472.5,71.745 459.97,67.502 447.67,63.6 435.566,60.035 c -38.438,8.334 -62.774,13.946 -120.23,39.4 26.088,-25.212 52.424,-40.56 75.115,-51.307 -8.964,-2.077 -17.847,-3.963 -26.655,-5.64 -31.563,14.014 -50.9,31 -75.795,53.513 11.954,-29.205 31.032,-45.79 51.785,-57.598 -8.216,-1.236 -16.383,-2.294 -24.515,-3.172 z M 25,89.287 v 301.758 c 44.68,0.19 106.01,16.813 190,44.498 V 134.503 C 128.034,105.534 81.67,90.71 25,89.288 Z m 462,0 c -56.67,1.423 -103.034,16.246 -190,45.217 v 301.05 c 84.317,-27.698 143.413,-42.5 190,-44.2 z m -254,55.195 v 200.325 c 15.47,3.1 30.71,3.292 46,0.097 V 144.482 c -7.227,3.058 -15.14,4.518 -23,4.518 -7.86,0 -15.773,-1.46 -23,-4.518 z m 0,218.627 v 13.933 c 15.296,3.488 30.512,3.284 46,-0.1 V 363.22 c -15.37,2.728 -30.764,2.543 -46,-0.11 z m 46,32.185 c -15.226,2.856 -30.633,3.058 -46,0.125 v 48.838 c 3.222,3.24 5.775,5.876 8.365,7.56 3.283,2.136 6.77,3.49 14.274,3.19 l 0.18,-0.008 h 0.18 c 11.61,0 15.954,-4.04 23,-10.836 v -48.87 z"
       fill="#000000"
       fill-opacity="1"
       id="path6195-7"
       style="fill:#ffffff;fill-opacity:1" />
  </g>
  <path
     id="rect2"
     style="opacity:1;fill:#208020;stroke:#000000"
     d="m 4.5,0.5 h 91 c 2.216,0 4,1.784 4,4 v 131 c 0,2.216 -1.784,4 -4,4 h -91 c -2.216,0 -4,-1.784 -4,-4 V 4.5 c 0,-2.216 1.784,-4 4,-4 z" />
  <g
     aria-label="I"
     id="text355-4"
     style="font-size:20.2429px;line-height:1.25;font-family:'DS Cloister Black';-inkscape-font-specification:'DS Cloister Black, ';letter-spacing:0px;word-spacing:0px;fill:#ffffff;fill-opacity:0.498039;stroke-width:0.506072">
    <path
       d="m 8.1781355,120.32389 q 0.060729,0.0202 0.2226719,0.0405 0.1619432,0.0202 0.4251009,0.0405 l 0.6477729,0.0607 q 0.1214574,0 0.3238864,0.0405 0.202429,0.0405 0.3036434,0.0607 0.101215,0.0202 0.263158,0.0202 0.161943,0 0.384615,0 l 0.202429,-0.0405 q 0.121457,0.0405 0.526315,0 0.101215,-0.0202 0.222672,-0.0405 0.141701,-0.0202 0.303644,-0.0405 h 0.02024 l 0.02024,-0.0202 q 0.04049,0 0.242914,-0.0405 0.04049,0 0.242915,-0.0405 -1.376517,1.51822 -1.578946,2.93522 v 0.32389 q -0.02024,0.0405 -0.02024,0.12145 v 0.081 q -0.02024,0.0203 -0.02024,0.081 v 0.16194 q -0.02024,0.1417 -0.04049,0.24291 0,0.10122 0,0.1417 v 0.80972 q 0,0.26316 0.02024,0.62753 0.04049,0.36437 0.08097,0.82996 0.04049,0.4251 0.121457,1.07287 0.08097,0.62753 0.222672,1.47774 L 11.417,129.61538 V 130 q -0.02024,0.0202 -0.02024,0.10121 v 0.081 q -0.02024,0.0405 -0.02024,0.10121 -0.02024,0.38462 -0.242915,0.74899 -0.1417,0.32388 -0.445344,0.58704 -0.2834,0.12146 -0.607287,0.24292 -0.1012143,0.0202 -0.3238862,0.10121 -0.202429,0.0607 -0.3036435,0.081 h -0.060729 q -0.040486,0.0203 -0.080972,0.0405 -0.040486,0 -0.1214574,0 H 8.9473657 l 0.1012145,0.10121 q 0.060729,0.0405 0.1214575,0.12146 l 0.2429148,0.24292 q 0.2631577,0.22267 0.4251009,0.36437 0.1619432,0.12145 0.2429146,0.16194 0.364372,0.26316 0.789473,0.38462 0.202429,0.0607 0.242915,0.0607 h 0.08097 q 0.02024,0.0203 0.06073,0.0203 h 0.283401 q -0.02024,0 0.182186,-0.0405 -0.02024,0 0.1417,-0.0405 0.08097,-0.081 0.161944,-0.10122 0.08097,-0.0202 0.161943,-0.10121 0.08097,-0.0607 0.101214,-0.12146 0.04049,-0.0405 0.04049,-0.0405 0,-0.0202 0.06073,-0.20243 l 0.06073,-0.18218 q 0,-0.0202 0.04048,-0.18219 0,-0.0607 0.02024,-0.10121 v -0.12146 q 0,-0.081 0.02024,-0.12146 v -0.36437 l -0.789473,-6.59919 0.121457,-2.22671 q 0.263158,-0.95142 1.052631,-1.80162 0.789473,-0.82996 1.88259,-0.82996 l 0.283401,-0.0405 0.04049,0.12146 q -0.101215,0.10121 -0.222672,0.16194 -0.121458,0.0405 -0.263158,0.081 -0.303644,0.16194 -0.506073,0.32388 -0.182186,0.1417 -0.303643,0.48583 0,0.0202 -0.02024,0.0607 -0.02024,0.0202 -0.02024,0.081 v 0.0607 q 0,0.10121 -0.08097,0.2834 v 0.081 q -0.04049,0.10122 -0.06073,0.30365 -0.02024,0.0607 -0.02024,0.26315 v 0.18219 q 0,0.0202 0.04049,0.18219 0,0.0202 0.02024,0.0405 v 0.0405 q 0,0.0202 0,0.0607 0.02024,0.0202 0.04049,0.12145 0,0.0405 0.02024,0.0607 v 0.0607 l 0.708502,5.36437 q 0,0.12146 0.02024,0.1417 v 0.30364 q 0,0.0405 0.02024,0.0607 v 0.58705 q -0.02024,0.0607 -0.02024,0.22267 v 0.22267 q -0.02024,0.0607 -0.02024,0.22267 -0.121458,1.07288 -0.647773,2.22672 -0.506073,1.07287 -1.821861,1.417 -0.02024,0 -0.222672,0.0405 l -0.242915,0.0607 q -0.08097,0 -0.222672,0.0202 -0.121457,0.0202 -0.182186,0.0405 h -0.161943 q -0.121457,0 -0.1417,0.0202 h -0.222672 q -0.02024,-0.0202 -0.08097,-0.0202 h -0.182186 q -0.04049,-0.0202 -0.1417,-0.0202 h -0.121458 l -2.9149774,-0.91093 -0.040486,0.0405 h -0.060729 q -0.040486,0 -0.060729,-0.0202 H 6.8218612 q -0.040486,0 -0.060729,-0.0203 h -0.040486 q -0.5870441,0 -1.0931166,0.4251 -0.3643722,0.28341 -0.5263154,0.62753 v -0.0405 q -0.060729,-0.0607 -0.060729,-0.1417 v -0.0202 q -0.020243,-0.081 -0.060729,-0.1417 -0.020243,-0.0405 -0.020243,-0.16195 0,-0.64777 0.5870441,-1.23481 0.5465583,-0.54656 1.234817,-0.80972 0.040486,-0.0202 0.080972,-0.0405 0.040486,-0.0202 0.1214574,-0.0405 0.080972,0 0.2834006,-0.0607 0.2226719,-0.081 0.2834006,-0.081 l 1.1740882,-0.0405 q 0,0.0405 0.040486,0.0405 0.020243,0 0.040486,-0.0203 0.020243,-0.0202 0.1417003,-0.0607 0.040486,-0.0405 0.080972,-0.0607 0.040486,-0.0203 0.1821862,-0.16195 0.1214574,-0.12145 0.1417003,-0.16194 0.040486,-0.0607 0.080972,-0.20243 v -0.20243 q 0,-0.0202 0.040486,-0.22267 v -0.2834 q 0,-0.0607 0.020243,-0.081 v -0.26316 q -0.020243,-0.0405 -0.020243,-0.20243 v -0.20243 q -0.020243,-0.0405 -0.020243,-0.20243 -0.3441294,-2.06477 -1.6801608,-2.06477 l -0.1619432,-0.0405 q -0.1214574,0.0405 -0.3036435,0.081 -0.1821861,0.0405 -0.4251009,0.081 -0.060729,0.0202 -0.1619433,0.0405 -0.080972,0.0202 -0.202429,0.0607 -0.060729,0.0202 -0.1821861,0.0607 -0.1214574,0.0202 -0.202429,0.0607 0.2226719,-0.93118 1.0121451,-1.39676 0.7085015,-0.44535 1.7206465,-0.44535 0,-2.42914 1.8825899,-4.31173 -0.101215,0.0607 -0.161943,0.10121 -0.04049,0.0202 -0.141701,0.0607 -0.101214,0.0202 -0.303643,0.081 -0.2024291,0.0607 -0.5870442,0.18219 -0.1821861,0.0202 -0.3238864,0.0405 -0.1417004,0 -0.2429149,0 -0.1012145,0 -0.2631577,0 -0.1619432,-0.0202 -0.3846151,-0.0405 -0.2226719,-0.0405 -0.5060725,-0.0607 -0.2631577,-0.0405 -0.4858296,-0.081 -0.080972,0 -0.2834006,-0.0405 -0.4655868,0.12146 -0.7692303,0.36437 -0.2834006,0.24292 -0.5263154,0.68826 0.040486,-0.82996 0.5870441,-1.53846 0.5870442,-0.7085 1.3765173,-0.8502 v -0.0405 z"
       id="path1867" />
  </g>
  <g
     class=""
     id="g6197"
     transform="matrix(0.04598931,0,0,0.05002162,3.8532085,3.2377383)"
     style="fill:#ffffff;fill-opacity:1">
    <path
       d="m 193.27439,30.232162 c -8.22881,0.898905 -16.49405,1.982095 -24.80685,3.247524 21.00006,12.089142 40.30417,29.069023 52.40149,58.96938 -25.19238,-23.048 -44.75857,-40.440476 -76.69732,-54.786095 -8.91285,1.715905 -17.90059,3.64681 -26.97333,5.774286 22.96012,11.000833 49.60964,26.715285 76.00821,52.527571 C 135.06659,69.90478 110.44088,64.159161 71.545294,55.626733 59.298212,59.27559 46.851785,63.270494 34.172619,67.614518 89.638149,71.230613 138.52731,87.726234 223.74891,116.46763 l 2.03898,0.68903 1.5209,1.53981 c 5.86297,5.93093 15.5388,9.47433 25.50303,9.57569 C 250.05438,87.903353 233.80117,58.855828 193.2754,30.232162 Z m 119.95117,0 c -40.52678,28.623666 -56.77797,57.671191 -59.53642,98.039998 9.96423,-0.10238 19.64107,-3.64476 25.50303,-9.57569 l 1.51988,-1.53981 2.03798,-0.688 C 367.97365,87.729305 416.8618,71.232661 472.32733,67.616566 459.64817,63.272542 447.20174,59.277637 434.95365,55.627756 396.05805,64.160185 371.43234,69.905804 313.29235,95.965852 339.69092,70.153566 366.34044,54.440137 389.30157,43.437257 380.23085,41.310805 371.2421,39.3799 362.32925,37.662971 330.3905,52.010638 310.8233,69.401066 285.63194,92.45009 297.72824,62.549732 317.03336,45.569852 338.03342,33.48071 329.71961,32.215281 321.45538,31.132091 313.22658,30.233186 Z M 19.500002,85.576236 V 394.51893 c 45.2119,0.19453 107.272008,17.21331 192.261878,45.55748 V 131.8688 C 123.76058,102.21006 76.844639,87.033115 19.500002,85.57726 Z m 467.499948,0 C 429.65531,87.033115 382.73937,102.20904 294.73807,131.86982 v 308.21785 c 85.32076,-28.35747 145.12028,-43.5119 192.26188,-45.25238 z M 229.97617,142.08539 v 205.09464 c 15.65416,3.17381 31.07559,3.37038 46.54761,0.0993 V 142.08539 c -7.31303,3.13081 -15.32023,4.62558 -23.27381,4.62558 -7.95357,0 -15.96077,-1.49477 -23.2738,-4.62558 z m 0,223.8324 v 14.26474 c 15.47809,3.57105 30.87523,3.36219 46.54761,-0.10238 v -14.04871 c -15.55297,2.79295 -31.13023,2.60354 -46.54761,-0.11262 z m 46.54761,32.95131 c -15.40726,2.924 -30.99767,3.13081 -46.54761,0.12798 v 50.00081 c 3.26035,3.31714 5.84375,6.0159 8.46458,7.74 3.32208,2.18685 6.85059,3.57309 14.44393,3.26595 l 0.18214,-0.008 h 0.18214 c 11.74822,0 16.14393,-4.13619 23.27381,-11.094 v -50.03357 z"
       fill="#000000"
       fill-opacity="1"
       id="path6195-73"
       style="fill:#000000;fill-opacity:1;stroke-width:1.01783" />
    <path
       d="m 194.66916,35.23 c -8.03744,0.878 -16.11046,1.936 -24.22994,3.172 C 190.95091,50.21 209.80608,66.795 221.62207,96 197.01556,73.488 177.9044,56.5 146.70841,42.488 c -8.70558,1.676 -17.4843,3.562 -26.34604,5.64 22.42616,10.745 48.45592,26.094 74.24057,51.306 C 137.81504,73.98 113.76202,68.368 75.770982,60.034 63.808715,63.598 51.65174,67.5 39.267439,71.743 93.443073,75.275 141.19527,91.387 224.43497,119.46 l 1.99157,0.673 1.48553,1.504 c 5.72662,5.793 15.17744,9.254 24.90994,9.353 -2.69332,-39.43 -18.56855,-67.802 -58.15186,-95.76 z m 117.16162,0 c -39.5843,27.958 -55.45755,56.33 -58.15186,95.76 9.7325,-0.1 19.1843,-3.56 24.90994,-9.353 l 1.48454,-1.504 1.99058,-0.672 C 365.30566,91.39 413.05687,75.277 467.23251,71.745 454.84821,67.502 442.69123,63.6 430.72798,60.035 c -37.99105,8.334 -62.04407,13.946 -118.83197,39.4 25.78465,-25.212 51.81441,-40.56 74.24156,-51.307 -8.85976,-2.077 -17.63947,-3.963 -26.34505,-5.64 -31.19599,14.014 -50.30814,31 -74.91366,53.513 11.815,-29.205 30.67116,-45.79 51.18285,-57.598 -8.12047,-1.236 -16.1925,-2.294 -24.22994,-3.172 z M 24.936045,89.287 v 301.758 c 44.160461,0.19 104.777305,16.813 187.790675,44.498 V 134.503 C 126.77196,105.534 80.947086,90.71 24.936045,89.288 Z m 456.627855,0 c -56.01104,1.423 -101.83592,16.246 -187.79068,45.217 v 301.05 c 83.33656,-27.698 141.74539,-42.5 187.79068,-44.2 z m -251.04649,55.195 v 200.325 c 15.29012,3.1 30.35291,3.292 45.46512,0.097 V 144.482 c -7.14297,3.058 -14.96396,4.518 -22.73256,4.518 -7.7686,0 -15.58959,-1.46 -22.73256,-4.518 z m 0,218.627 v 13.933 c 15.11814,3.488 30.15721,3.284 45.46512,-0.1 V 363.22 c -15.19128,2.728 -30.40628,2.543 -45.46512,-0.11 z m 45.46512,32.185 c -15.04896,2.856 -30.2768,3.058 -45.46512,0.125 v 48.838 c 3.18454,3.24 5.70785,5.876 8.26774,7.56 3.24482,2.136 6.69127,3.49 14.10802,3.19 l 0.1779,-0.008 h 0.17791 c 11.475,0 15.76849,-4.04 22.73256,-10.836 v -48.87 z"
       fill="#000000"
       fill-opacity="1"
       id="path6195"
       style="fill:#ffffff;fill-opacity:1;stroke-width:0.994169" />
  </g>
  <g
     class=""
     id="g6197-9"
     transform="matrix(0.04598931,0,0,0.05002162,3.8532084,81.237738)"
     style="fill:#ffffff;fill-opacity:1">
    <path
       d="m 193.27439,30.232162 c -8.22881,0.898905 -16.49405,1.982095 -24.80685,3.247524 21.00006,12.089142 40.30417,29.069023 52.40149,58.96938 -25.19238,-23.048 -44.75857,-40.440476 -76.69732,-54.786095 -8.91285,1.715905 -17.90059,3.64681 -26.97333,5.774286 22.96012,11.000833 49.60964,26.715285 76.00821,52.527571 C 135.06659,69.90478 110.44088,64.159161 71.545294,55.626733 59.298212,59.27559 46.851785,63.270494 34.172619,67.614518 89.638149,71.230613 138.52731,87.726234 223.74891,116.46763 l 2.03898,0.68903 1.5209,1.53981 c 5.86297,5.93093 15.5388,9.47433 25.50303,9.57569 C 250.05438,87.903353 233.80117,58.855828 193.2754,30.232162 Z m 119.95117,0 c -40.52678,28.623666 -56.77797,57.671191 -59.53642,98.039998 9.96423,-0.10238 19.64107,-3.64476 25.50303,-9.57569 l 1.51988,-1.53981 2.03798,-0.688 C 367.97365,87.729305 416.8618,71.232661 472.32733,67.616566 459.64817,63.272542 447.20174,59.277637 434.95365,55.627756 396.05805,64.160185 371.43234,69.905804 313.29235,95.965852 339.69092,70.153566 366.34044,54.440137 389.30157,43.437257 380.23085,41.310805 371.2421,39.3799 362.32925,37.662971 330.3905,52.010638 310.8233,69.401066 285.63194,92.45009 297.72824,62.549732 317.03336,45.569852 338.03342,33.48071 329.71961,32.215281 321.45538,31.132091 313.22658,30.233186 Z M 19.500002,85.576236 V 394.51893 c 45.2119,0.19453 107.272008,17.21331 192.261878,45.55748 V 131.8688 C 123.76058,102.21006 76.844639,87.033115 19.500002,85.57726 Z m 467.499948,0 C 429.65531,87.033115 382.73937,102.20904 294.73807,131.86982 v 308.21785 c 85.32076,-28.35747 145.12028,-43.5119 192.26188,-45.25238 z M 229.97617,142.08539 v 205.09464 c 15.65416,3.17381 31.07559,3.37038 46.54761,0.0993 V 142.08539 c -7.31303,3.13081 -15.32023,4.62558 -23.27381,4.62558 -7.95357,0 -15.96077,-1.49477 -23.2738,-4.62558 z m 0,223.8324 v 14.26474 c 15.47809,3.57105 30.87523,3.36219 46.54761,-0.10238 v -14.04871 c -15.55297,2.79295 -31.13023,2.60354 -46.54761,-0.11262 z m 46.54761,32.95131 c -15.40726,2.924 -30.99767,3.13081 -46.54761,0.12798 v 50.00081 c 3.26035,3.31714 5.84375,6.0159 8.46458,7.74 3.32208,2.18685 6.85059,3.57309 14.44393,3.26595 l 0.18214,-0.008 h 0.18214 c 11.74822,0 16.14393,-4.13619 23.27381,-11.094 v -50.03357 z"
       fill="#000000"
       fill-opacity="1"
       id="path6195-73-9"
       style="fill:#000000;fill-opacity:1;stroke-width:1.01783" />
    <path
       d="m 194.66916,35.23 c -8.03744,0.878 -16.11046,1.936 -24.22994,3.172 C 190.95091,50.21 209.80608,66.795 221.62207,96 197.01556,73.488 177.9044,56.5 146.70841,42.488 c -8.70558,1.676 -17.4843,3.562 -26.34604,5.64 22.42616,10.745 48.45592,26.094 74.24057,51.306 C 137.81504,73.98 113.76202,68.368 75.770982,60.034 63.808715,63.598 51.65174,67.5 39.267439,71.743 93.443073,75.275 141.19527,91.387 224.43497,119.46 l 1.99157,0.673 1.48553,1.504 c 5.72662,5.793 15.17744,9.254 24.90994,9.353 -2.69332,-39.43 -18.56855,-67.802 -58.15186,-95.76 z m 117.16162,0 c -39.5843,27.958 -55.45755,56.33 -58.15186,95.76 9.7325,-0.1 19.1843,-3.56 24.90994,-9.353 l 1.48454,-1.504 1.99058,-0.672 C 365.30566,91.39 413.05687,75.277 467.23251,71.745 454.84821,67.502 442.69123,63.6 430.72798,60.035 c -37.99105,8.334 -62.04407,13.946 -118.83197,39.4 25.78465,-25.212 51.81441,-40.56 74.24156,-51.307 -8.85976,-2.077 -17.63947,-3.963 -26.34505,-5.64 -31.19599,14.014 -50.30814,31 -74.91366,53.513 11.815,-29.205 30.67116,-45.79 51.18285,-57.598 -8.12047,-1.236 -16.1925,-2.294 -24.22994,-3.172 z M 24.936045,89.287 v 301.758 c 44.160461,0.19 104.777305,16.813 187.790675,44.498 V 134.503 C 126.77196,105.534 80.947086,90.71 24.936045,89.288 Z m 456.627855,0 c -56.01104,1.423 -101.83592,16.246 -187.79068,45.217 v 301.05 c 83.33656,-27.698 141.74539,-42.5 187.79068,-44.2 z m -251.04649,55.195 v 200.325 c 15.29012,3.1 30.35291,3.292 45.46512,0.097 V 144.482 c -7.14297,3.058 -14.96396,4.518 -22.73256,4.518 -7.7686,0 -15.58959,-1.46 -22.73256,-4.518 z m 0,218.627 v 13.933 c 15.11814,3.488 30.15721,3.284 45.46512,-0.1 V 363.22 c -15.19128,2.728 -30.40628,2.543 -45.46512,-0.11 z m 45.46512,32.185 c -15.04896,2.856 -30.2768,3.058 -45.46512,0.125 v 48.838 c 3.18454,3.24 5.70785,5.876 8.26774,7.56 3.24482,2.136 6.69127,3.49 14.10802,3.19 l 0.1779,-0.008 h 0.17791 c 11.475,0 15.76849,-4.04 22.73256,-10.836 v -48.87 z"
       fill="#000000"
       fill-opacity="1"
       id="path6195-70"
       style="fill:#ffffff;fill-opacity:1;stroke-width:0.994169" />
  </g>
  <g
     class=""
     id="g6197-87"
     transform="matrix(0.04598931,0,0,0.05002162,3.8532084,29.237738)"
     style="fill:#ffffff;fill-opacity:1">
    <path
       d="m 193.27439,30.232162 c -8.22881,0.898905 -16.49405,1.982095 -24.80685,3.247524 21.00006,12.089142 40.30417,29.069023 52.40149,58.96938 -25.19238,-23.048 -44.75857,-40.440476 -76.69732,-54.786095 -8.91285,1.715905 -17.90059,3.64681 -26.97333,5.774286 22.96012,11.000833 49.60964,26.715285 76.00821,52.527571 C 135.06659,69.90478 110.44088,64.159161 71.545294,55.626733 59.298212,59.27559 46.851785,63.270494 34.172619,67.614518 89.638149,71.230613 138.52731,87.726234 223.74891,116.46763 l 2.03898,0.68903 1.5209,1.53981 c 5.86297,5.93093 15.5388,9.47433 25.50303,9.57569 C 250.05438,87.903353 233.80117,58.855828 193.2754,30.232162 Z m 119.95117,0 c -40.52678,28.623666 -56.77797,57.671191 -59.53642,98.039998 9.96423,-0.10238 19.64107,-3.64476 25.50303,-9.57569 l 1.51988,-1.53981 2.03798,-0.688 C 367.97365,87.729305 416.8618,71.232661 472.32733,67.616566 459.64817,63.272542 447.20174,59.277637 434.95365,55.627756 396.05805,64.160185 371.43234,69.905804 313.29235,95.965852 339.69092,70.153566 366.34044,54.440137 389.30157,43.437257 380.23085,41.310805 371.2421,39.3799 362.32925,37.662971 330.3905,52.010638 310.8233,69.401066 285.63194,92.45009 297.72824,62.549732 317.03336,45.569852 338.03342,33.48071 329.71961,32.215281 321.45538,31.132091 313.22658,30.233186 Z M 19.500002,85.576236 V 394.51893 c 45.2119,0.19453 107.272008,17.21331 192.261878,45.55748 V 131.8688 C 123.76058,102.21006 76.844639,87.033115 19.500002,85.57726 Z m 467.499948,0 C 429.65531,87.033115 382.73937,102.20904 294.73807,131.86982 v 308.21785 c 85.32076,-28.35747 145.12028,-43.5119 192.26188,-45.25238 z M 229.97617,142.08539 v 205.09464 c 15.65416,3.17381 31.07559,3.37038 46.54761,0.0993 V 142.08539 c -7.31303,3.13081 -15.32023,4.62558 -23.27381,4.62558 -7.95357,0 -15.96077,-1.49477 -23.2738,-4.62558 z m 0,223.8324 v 14.26474 c 15.47809,3.57105 30.87523,3.36219 46.54761,-0.10238 v -14.04871 c -15.55297,2.79295 -31.13023,2.60354 -46.54761,-0.11262 z m 46.54761,32.95131 c -15.40726,2.924 -30.99767,3.13081 -46.54761,0.12798 v 50.00081 c 3.26035,3.31714 5.84375,6.0159 8.46458,7.74 3.32208,2.18685 6.85059,3.57309 14.44393,3.26595 l 0.18214,-0.008 h 0.18214 c 11.74822,0 16.14393,-4.13619 23.27381,-11.094 v -50.03357 z"
       fill="#000000"
       fill-opacity="1"
       id="path6195-73-1"
       style="fill:#000000;fill-opacity:1;stroke-width:1.01783" />
    <path
       d="m 194.66916,35.23 c -8.03744,0.878 -16.11046,1.936 -24.22994,3.172 C 190.95091,50.21 209.80608,66.795 221.62207,96 197.01556,73.488 177.9044,56.5 146.70841,42.488 c -8.70558,1.676 -17.4843,3.562 -26.34604,5.64 22.42616,10.745 48.45592,26.094 74.24057,51.306 C 137.81504,73.98 113.76202,68.368 75.770982,60.034 63.808715,63.598 51.65174,67.5 39.267439,71.743 93.443073,75.275 141.19527,91.387 224.43497,119.46 l 1.99157,0.673 1.48553,1.504 c 5.72662,5.793 15.17744,9.254 24.90994,9.353 -2.69332,-39.43 -18.56855,-67.802 -58.15186,-95.76 z m 117.16162,0 c -39.5843,27.958 -55.45755,56.33 -58.15186,95.76 9.7325,-0.1 19.1843,-3.56 24.90994,-9.353 l 1.48454,-1.504 1.99058,-0.672 C 365.30566,91.39 413.05687,75.277 467.23251,71.745 454.84821,67.502 442.69123,63.6 430.72798,60.035 c -37.99105,8.334 -62.04407,13.946 -118.83197,39.4 25.78465,-25.212 51.81441,-40.56 74.24156,-51.307 -8.85976,-2.077 -17.63947,-3.963 -26.34505,-5.64 -31.19599,14.014 -50.30814,31 -74.91366,53.513 11.815,-29.205 30.67116,-45.79 51.18285,-57.598 -8.12047,-1.236 -16.1925,-2.294 -24.22994,-3.172 z M 24.936045,89.287 v 301.758 c 44.160461,0.19 104.777305,16.813 187.790675,44.498 V 134.503 C 126.77196,105.534 80.947086,90.71 24.936045,89.288 Z m 456.627855,0 c -56.01104,1.423 -101.83592,16.246 -187.79068,45.217 v 301.05 c 83.33656,-27.698 141.74539,-42.5 187.79068,-44.2 z m -251.04649,55.195 v 200.325 c 15.29012,3.1 30.35291,3.292 45.46512,0.097 V 144.482 c -7.14297,3.058 -14.96396,4.518 -22.73256,4.518 -7.7686,0 -15.58959,-1.46 -22.73256,-4.518 z m 0,218.627 v 13.933 c 15.11814,3.488 30.15721,3.284 45.46512,-0.1 V 363.22 c -15.19128,2.728 -30.40628,2.543 -45.46512,-0.11 z m 45.46512,32.185 c -15.04896,2.856 -30.2768,3.058 -45.46512,0.125 v 48.838 c 3.18454,3.24 5.70785,5.876 8.26774,7.56 3.24482,2.136 6.69127,3.49 14.10802,3.19 l 0.1779,-0.008 h 0.17791 c 11.475,0 15.76849,-4.04 22.73256,-10.836 v -48.87 z"
       fill="#000000"
       fill-opacity="1"
       id="path6195-6"
       style="fill:#ffffff;fill-opacity:1;stroke-width:0.994169" />
  </g>
  <g
     class=""
     id="g6197-1"
     transform="matrix(0.04598931,0,0,0.05002162,3.8532084,55.237738)"
     style="fill:#ffffff;fill-opacity:1">
    <path
       d="m 193.27439,30.232162 c -8.22881,0.898905 -16.49405,1.982095 -24.80685,3.247524 21.00006,12.089142 40.30417,29.069023 52.40149,58.96938 -25.19238,-23.048 -44.75857,-40.440476 -76.69732,-54.786095 -8.91285,1.715905 -17.90059,3.64681 -26.97333,5.774286 22.96012,11.000833 49.60964,26.715285 76.00821,52.527571 C 135.06659,69.90478 110.44088,64.159161 71.545294,55.626733 59.298212,59.27559 46.851785,63.270494 34.172619,67.614518 89.638149,71.230613 138.52731,87.726234 223.74891,116.46763 l 2.03898,0.68903 1.5209,1.53981 c 5.86297,5.93093 15.5388,9.47433 25.50303,9.57569 C 250.05438,87.903353 233.80117,58.855828 193.2754,30.232162 Z m 119.95117,0 c -40.52678,28.623666 -56.77797,57.671191 -59.53642,98.039998 9.96423,-0.10238 19.64107,-3.64476 25.50303,-9.57569 l 1.51988,-1.53981 2.03798,-0.688 C 367.97365,87.729305 416.8618,71.232661 472.32733,67.616566 459.64817,63.272542 447.20174,59.277637 434.95365,55.627756 396.05805,64.160185 371.43234,69.905804 313.29235,95.965852 339.69092,70.153566 366.34044,54.440137 389.30157,43.437257 380.23085,41.310805 371.2421,39.3799 362.32925,37.662971 330.3905,52.010638 310.8233,69.401066 285.63194,92.45009 297.72824,62.549732 317.03336,45.569852 338.03342,33.48071 329.71961,32.215281 321.45538,31.132091 313.22658,30.233186 Z M 19.500002,85.576236 V 394.51893 c 45.2119,0.19453 107.272008,17.21331 192.261878,45.55748 V 131.8688 C 123.76058,102.21006 76.844639,87.033115 19.500002,85.57726 Z m 467.499948,0 C 429.65531,87.033115 382.73937,102.20904 294.73807,131.86982 v 308.21785 c 85.32076,-28.35747 145.12028,-43.5119 192.26188,-45.25238 z M 229.97617,142.08539 v 205.09464 c 15.65416,3.17381 31.07559,3.37038 46.54761,0.0993 V 142.08539 c -7.31303,3.13081 -15.32023,4.62558 -23.27381,4.62558 -7.95357,0 -15.96077,-1.49477 -23.2738,-4.62558 z m 0,223.8324 v 14.26474 c 15.47809,3.57105 30.87523,3.36219 46.54761,-0.10238 v -14.04871 c -15.55297,2.79295 -31.13023,2.60354 -46.54761,-0.11262 z m 46.54761,32.95131 c -15.40726,2.924 -30.99767,3.13081 -46.54761,0.12798 v 50.00081 c 3.26035,3.31714 5.84375,6.0159 8.46458,7.74 3.32208,2.18685 6.85059,3.57309 14.44393,3.26595 l 0.18214,-0.008 h 0.18214 c 11.74822,0 16.14393,-4.13619 23.27381,-11.094 v -50.03357 z"
       fill="#000000"
       fill-opacity="1"
       id="path6195-73-3"
       style="fill:#000000;fill-opacity:1;stroke-width:1.01783" />
    <path
       d="m 194.66916,35.23 c -8.03744,0.878 -16.11046,1.936 -24.22994,3.172 C 190.95091,50.21 209.80608,66.795 221.62207,96 197.01556,73.488 177.9044,56.5 146.70841,42.488 c -8.70558,1.676 -17.4843,3.562 -26.34604,5.64 22.42616,10.745 48.45592,26.094 74.24057,51.306 C 137.81504,73.98 113.76202,68.368 75.770982,60.034 63.808715,63.598 51.65174,67.5 39.267439,71.743 93.443073,75.275 141.19527,91.387 224.43497,119.46 l 1.99157,0.673 1.48553,1.504 c 5.72662,5.793 15.17744,9.254 24.90994,9.353 -2.69332,-39.43 -18.56855,-67.802 -58.15186,-95.76 z m 117.16162,0 c -39.5843,27.958 -55.45755,56.33 -58.15186,95.76 9.7325,-0.1 19.1843,-3.56 24.90994,-9.353 l 1.48454,-1.504 1.99058,-0.672 C 365.30566,91.39 413.05687,75.277 467.23251,71.745 454.84821,67.502 442.69123,63.6 430.72798,60.035 c -37.99105,8.334 -62.04407,13.946 -118.83197,39.4 25.78465,-25.212 51.81441,-40.56 74.24156,-51.307 -8.85976,-2.077 -17.63947,-3.963 -26.34505,-5.64 -31.19599,14.014 -50.30814,31 -74.91366,53.513 11.815,-29.205 30.67116,-45.79 51.18285,-57.598 -8.12047,-1.236 -16.1925,-2.294 -24.22994,-3.172 z M 24.936045,89.287 v 301.758 c 44.160461,0.19 104.777305,16.813 187.790675,44.498 V 134.503 C 126.77196,105.534 80.947086,90.71 24.936045,89.288 Z m 456.627855,0 c -56.01104,1.423 -101.83592,16.246 -187.79068,45.217 v 301.05 c 83.33656,-27.698 141.74539,-42.5 187.79068,-44.2 z m -251.04649,55.195 v 200.325 c 15.29012,3.1 30.35291,3.292 45.46512,0.097 V 144.482 c -7.14297,3.058 -14.96396,4.518 -22.73256,4.518 -7.7686,0 -15.58959,-1.46 -22.73256,-4.518 z m 0,218.627 v 13.933 c 15.11814,3.488 30.15721,3.284 45.46512,-0.1 V 363.22 c -15.19128,2.728 -30.40628,2.543 -45.46512,-0.11 z m 45.46512,32.185 c -15.04896,2.856 -30.2768,3.058 -45.46512,0.125 v 48.838 c 3.18454,3.24 5.70785,5.876 8.26774,7.56 3.24482,2.136 6.69127,3.49 14.10802,3.19 l 0.1779,-0.008 h 0.17791 c 11.475,0 15.76849,-4.04 22.73256,-10.836 v -48.87 z"
       fill="#000000"
       fill-opacity="1"
       id="path6195-76"
       style="fill:#ffffff;fill-opacity:1;stroke-width:0.994169" />
  </g>
  <g
     aria-label="4"
     id="text355"
     style="font-size:27.7778px;line-height:1.25;font-family:'DS Cloister Black';-inkscape-font-specification:'DS Cloister Black, ';letter-spacing:0px;word-spacing:0px;stroke-width:0.694444">
    <path
       d="m 51.166671,6.5000002 q 1.666668,1.111112 2.194446,2.6111132 v 7.4166726 h 2.500002 l 0.527778,2.055557 h -2.972225 v 3.000002 l 1.13889,0.63889 0.916668,-0.694445 q 0.05555,0.111111 0.138889,0.194444 0.08333,0.08333 0.08333,0.305556 l -2.861113,2.472224 -3.111114,-2.000001 q 0.555556,-0.388889 0.722223,-1.027779 0.194445,-0.666667 0.194445,-1.277779 V 18.666676 H 44.749999 L 43.999998,16.416675 Z M 44.916666,16.527786 h 5.666671 v -6.527783 l -0.5,-0.5833338 z"
       style="fill:#ffffff;fill-opacity:0.74902"
       id="path1870" />
  </g>
  <g
     aria-label="I"
     id="text355-4-4"
     style="font-size:20.2429px;line-height:1.25;font-family:'DS Cloister Black';-inkscape-font-specification:'DS Cloister Black, ';letter-spacing:0px;word-spacing:0px;fill:#ffffff;fill-opacity:0.498039;stroke-width:0.506072">
    <path
       d="m 83.178135,5.3238873 q 0.06073,0.020243 0.222671,0.040486 0.161944,0.020243 0.425101,0.040486 l 0.647773,0.060729 q 0.121458,0 0.323887,0.040486 0.202429,0.040486 0.303643,0.060729 0.101215,0.020243 0.263158,0.020243 0.161943,0 0.384615,0 l 0.202429,-0.040486 q 0.121457,0.040486 0.526315,0 0.101215,-0.020243 0.222672,-0.040486 0.141701,-0.020243 0.303644,-0.040486 h 0.02024 l 0.02024,-0.020243 q 0.04049,0 0.242914,-0.040486 0.04049,0 0.242915,-0.040486 -1.376517,1.5182175 -1.578946,2.9352206 v 0.3238864 q -0.02024,0.040486 -0.02024,0.1214574 v 0.080972 q -0.02024,0.020243 -0.02024,0.080972 v 0.1619432 q -0.02024,0.1417003 -0.04049,0.2429148 0,0.1012145 0,0.1417003 v 0.809716 q 0,0.263158 0.02024,0.62753 0.04049,0.364372 0.08097,0.829959 0.04049,0.425101 0.121457,1.072874 0.08097,0.62753 0.222672,1.477731 l 0.101215,0.34413 v 0.384615 q -0.02024,0.02024 -0.02024,0.101214 v 0.08097 q -0.02024,0.04049 -0.02024,0.101214 -0.02024,0.384616 -0.242915,0.748988 -0.1417,0.323886 -0.445344,0.587044 -0.2834,0.121457 -0.607287,0.242915 -0.101214,0.02024 -0.323886,0.101214 -0.202429,0.06073 -0.303644,0.08097 h -0.06073 q -0.04049,0.02024 -0.08097,0.04049 -0.04049,0 -0.121457,0 h -0.242915 l 0.101214,0.101214 q 0.06073,0.04049 0.121458,0.121458 l 0.242915,0.242914 q 0.263157,0.222672 0.4251,0.364373 0.161944,0.121457 0.242915,0.161943 0.364372,0.263157 0.789473,0.384615 0.202429,0.06073 0.242915,0.06073 h 0.08097 q 0.02024,0.02024 0.06073,0.02024 h 0.283401 q -0.02024,0 0.182186,-0.04049 -0.02024,0 0.141701,-0.04049 0.08097,-0.08097 0.161943,-0.101215 0.08097,-0.02024 0.161943,-0.101214 0.08097,-0.06073 0.101214,-0.121458 0.04049,-0.04049 0.04049,-0.04049 0,-0.02024 0.06073,-0.202429 l 0.06073,-0.182186 q 0,-0.02024 0.04049,-0.182187 0,-0.06073 0.02024,-0.101214 v -0.121457 q 0,-0.08097 0.02024,-0.121458 V 16.821855 L 86.740885,10.222669 86.862343,7.9959502 Q 87.1255,7.0445338 87.914973,6.194332 88.704446,5.3643731 89.797563,5.3643731 l 0.283401,-0.040486 0.04049,0.1214574 q -0.101215,0.1012145 -0.222672,0.1619432 -0.121458,0.040486 -0.263158,0.080972 -0.303644,0.1619432 -0.506073,0.3238864 -0.182186,0.1417003 -0.303643,0.4858296 0,0.020243 -0.02024,0.060729 -0.02024,0.020243 -0.02024,0.080972 v 0.060729 q 0,0.1012145 -0.08097,0.2834006 v 0.080972 q -0.04049,0.1012145 -0.06073,0.3036435 -0.02024,0.060729 -0.02024,0.2631577 v 0.1821862 q 0,0.020243 0.04049,0.1821861 0,0.020243 0.02024,0.040486 v 0.040486 q 0,0.020243 0,0.060729 0.02024,0.020243 0.04049,0.1214574 0,0.040486 0.02024,0.060729 v 0.060729 l 0.708502,5.3643687 q 0,0.121457 0.02024,0.1417 v 0.303644 q 0,0.04049 0.02024,0.06073 v 0.587044 q -0.02024,0.06073 -0.02024,0.222672 v 0.222671 q -0.02024,0.06073 -0.02024,0.222672 -0.121458,1.072874 -0.647773,2.226719 -0.506073,1.072874 -1.821861,1.417004 -0.02024,0 -0.222672,0.04049 l -0.242915,0.06073 q -0.08097,0 -0.222672,0.02024 -0.121457,0.02024 -0.182186,0.04049 h -0.161943 q -0.121457,0 -0.1417,0.02024 H 85.58704 q -0.02024,-0.02024 -0.08097,-0.02024 h -0.182186 q -0.04049,-0.02024 -0.1417,-0.02024 h -0.121458 l -2.914977,-0.910931 -0.04049,0.04049 h -0.06073 q -0.04049,0 -0.06073,-0.02024 H 81.82186 q -0.04049,0 -0.06073,-0.02024 h -0.04049 q -0.587044,0 -1.093117,0.425101 -0.364372,0.283401 -0.526315,0.62753 v -0.04049 q -0.06073,-0.06073 -0.06073,-0.1417 v -0.02024 q -0.02024,-0.08097 -0.06073,-0.1417 -0.02024,-0.04049 -0.02024,-0.161943 0,-0.647773 0.587044,-1.234817 0.546559,-0.546559 1.234817,-0.809716 0.04049,-0.02024 0.08097,-0.04049 0.04049,-0.02024 0.121457,-0.04049 0.08097,0 0.283401,-0.06073 0.222672,-0.08097 0.283401,-0.08097 l 1.174088,-0.04049 q 0,0.04049 0.04049,0.04049 0.02024,0 0.04048,-0.02024 0.02024,-0.02024 0.141701,-0.06073 0.04049,-0.04049 0.08097,-0.06073 0.04049,-0.02024 0.182186,-0.161943 0.121458,-0.121457 0.141701,-0.161943 0.04049,-0.06073 0.08097,-0.202429 v -0.202429 q 0,-0.02024 0.04049,-0.222672 v -0.283401 q 0,-0.06073 0.02024,-0.08097 v -0.263158 q -0.02024,-0.04049 -0.02024,-0.202429 v -0.202429 q -0.02024,-0.04049 -0.02024,-0.202429 -0.344129,-2.064776 -1.68016,-2.064776 l -0.161944,-0.04049 q -0.121457,0.04049 -0.303643,0.08097 -0.182186,0.04049 -0.425101,0.08097 -0.06073,0.02024 -0.161943,0.04049 -0.08097,0.02024 -0.202429,0.06073 -0.06073,0.02024 -0.182186,0.06073 -0.121458,0.02024 -0.202429,0.06073 0.222671,-0.931174 1.012145,-1.396761 0.708501,-0.445343 1.720646,-0.445343 0,-2.4291485 1.88259,-4.3117383 -0.101215,0.060729 -0.161943,0.1012145 -0.04049,0.020243 -0.141701,0.060729 -0.101214,0.020243 -0.303643,0.080972 -0.202429,0.060729 -0.587044,0.1821861 -0.182186,0.020243 -0.323887,0.040486 -0.1417,0 -0.242914,0 -0.101215,0 -0.263158,0 -0.161943,-0.020243 -0.384615,-0.040486 -0.222672,-0.040486 -0.506073,-0.060729 -0.263157,-0.040486 -0.485829,-0.080972 -0.08097,0 -0.283401,-0.040486 -0.465587,0.1214574 -0.76923,0.3643722 -0.283401,0.2429148 -0.526316,0.6882587 0.04049,-0.829959 0.587044,-1.5384605 0.587045,-0.7085015 1.376518,-0.8502018 v -0.040486 z"
       id="path1873" />
  </g>
</svg>
