<?xml version="1.0" encoding="UTF-8" standalone="no"?>
<svg
   width="100px"
   height="140px"
   viewbox="0 0 100 140"
   version="1.1"
   id="svg47"
   sodipodi:docname="card-mortar-i.svg"
   inkscape:export-filename="card-back.png"
   inkscape:export-xdpi="96"
   inkscape:export-ydpi="96"
   inkscape:version="1.2.2 (732a01da63, 2022-12-09)"
   xmlns:inkscape="http://www.inkscape.org/namespaces/inkscape"
   xmlns:sodipodi="http://sodipodi.sourceforge.net/DTD/sodipodi-0.dtd"
   xmlns="http://www.w3.org/2000/svg"
   xmlns:svg="http://www.w3.org/2000/svg">
  <defs
     id="defs51" />
  <sodipodi:namedview
     id="namedview49"
     pagecolor="#ffffff"
     bordercolor="#666666"
     borderopacity="1.0"
     inkscape:showpageshadow="2"
     inkscape:pageopacity="0.0"
     inkscape:pagecheckerboard="0"
     inkscape:deskcolor="#d1d1d1"
     showgrid="false"
     inkscape:zoom="5.6568542"
     inkscape:cx="45.873552"
     inkscape:cy="69.296465"
     inkscape:window-width="1920"
     inkscape:window-height="1017"
     inkscape:window-x="-8"
     inkscape:window-y="-8"
     inkscape:window-maximized="1"
     inkscape:current-layer="svg47" />
  <path
     id="rect2"
     style="opacity:1;fill:#204080;stroke:#000000"
     d="m 4.5,0.5 h 91 c 2.216,0 4,1.784 4,4 v 131 c 0,2.216 -1.784,4 -4,4 h -91 c -2.216,0 -4,-1.784 -4,-4 V 4.5 c 0,-2.216 1.784,-4 4,-4 z" />
  <g
     class=""
     id="g12849"
     transform="matrix(0.05296076,0,0,0.04772729,1.9420457,3.2818118)"
     style="fill:#ffffff;fill-opacity:1">
    <path
       d="m 458.98047,314.22782 c 0,92.04912 -91.04738,167.01023 -202.98048,167.01023 -111.93309,0 -202.980466,-74.91178 -202.980466,-167.01023 a 140.04383,140.04339 0 0 1 11.425867,-55.23891 c 7.468715,21.48978 25.878851,41.0082 53.670159,56.35866 35.26197,19.49697 81.94767,30.23757 131.44068,30.23757 49.49399,0 96.17969,-10.7406 131.44185,-30.23328 35.26196,-19.49697 55.58262,-45.87119 57.29539,-74.442 a 142.38119,142.38074 0 0 1 20.687,73.3201 z M 420.67167,60.020715 C 407.37239,48.422066 392.52717,39.026454 379.91068,34.247133 368.42875,29.881819 359.61263,29.609389 355.74267,33.47489 l -0.56642,0.514829 -5.33413,4.530487 a 8.4495,8.449473 0 0 0 -1.0497,11.802434 27.202619,27.202532 0 0 1 -0.50648,35.308628 L 175.30521,283.77144 a 59.489476,59.489286 0 0 0 -14.019,29.60691 c 26.6467,8.73492 56.99943,13.32547 88.30753,13.32547 9.86659,0 19.79021,-0.47193 29.57483,-1.39433 L 392.37639,131.24075 a 27.294763,27.294676 0 0 1 38.20034,-9.29909 l 0.69593,0.42903 a 8.438238,8.4382111 0 0 0 11.30602,-2.14512 l 8.17818,-11.17606 c 4.99196,-6.63056 -5.07509,-27.270873 -30.08152,-49.056682 z M 268.97992,147.8225 a 317.15571,317.15471 0 0 0 -19.34288,-0.60063 c -46.35494,0 -89.79411,9.90186 -122.30617,27.87365 -30.742071,16.99362 -47.676829,38.9446 -47.676829,61.87376 0,22.92701 16.933791,44.84153 47.676829,61.87161 5.08611,2.81011 10.46741,5.4057 16.06039,7.81252 a 78.219048,78.218799 0 0 1 17.70164,-35.29576 z m 102.96445,151.05271 c 30.74207,-16.99361 47.67683,-38.94245 47.67683,-61.87161 0,-19.62782 -12.44947,-38.56706 -35.40327,-54.28648 l -81.34588,139.37041 c 25.81023,-4.53049 49.41125,-12.4138 69.01298,-23.24664 z"
       fill="#000000"
       fill-opacity="1"
       id="path12847-8"
       style="fill:#000000;fill-opacity:1;stroke-width:1.02381" />
    <path
       d="M 454.26,312.874 C 454.26,402.782 365.33,476 256,476 146.67,476 57.74,402.83 57.74,312.874 A 136.787,136.787 0 0 1 68.9,258.918 c 7.295,20.99 25.277,40.055 52.422,55.05 34.442,19.043 80.042,29.533 128.384,29.533 48.343,0 93.943,-10.49 128.385,-29.53 34.442,-19.043 54.29,-44.805 55.963,-72.71 a 139.07,139.07 0 0 1 20.206,71.614 z M 416.842,64.578 c -12.99,-11.33 -27.49,-20.506 -39.813,-25.174 -11.215,-4.265 -19.826,-4.53 -23.606,-0.75 l -0.554,0.508 -5.21,4.426 a 8.253,8.253 0 0 0 -1.026,11.527 26.57,26.57 0 0 1 -0.495,34.487 L 177.18,283.135 a 58.106,58.106 0 0 0 -13.693,28.92 c 26.027,8.53 55.674,13.015 86.254,13.015 9.637,0 19.33,-0.46 28.887,-1.36 L 389.203,134.153 a 26.66,26.66 0 0 1 37.312,-9.083 l 0.68,0.427 a 8.242,8.242 0 0 0 11.043,-2.087 l 7.988,-10.916 c 4.876,-6.478 -4.957,-26.638 -29.382,-47.916 z m -148.164,85.76 a 309.78,309.78 0 0 0 -18.893,-0.59 c -45.277,0 -87.706,9.672 -119.462,27.227 -30.027,16.598 -46.568,38.038 -46.568,60.434 0,22.395 16.54,43.8 46.568,60.434 4.968,2.743 10.224,5.28 15.687,7.63 a 76.4,76.4 0 0 1 17.29,-34.476 z m 100.57,147.54 c 30.027,-16.598 46.568,-38.038 46.568,-60.434 0,-19.17 -12.16,-37.67 -34.58,-53.023 l -79.454,136.13 c 25.21,-4.425 48.262,-12.125 67.408,-22.706 z"
       fill="#000000"
       fill-opacity="1"
       id="path12847"
       style="fill:#ffffff;fill-opacity:1" />
  </g>
  <g
     class=""
     id="g12849-7"
     transform="matrix(0.05296076,0,0,0.04772729,1.9420457,29.281812)"
     style="fill:#ffffff;fill-opacity:1">
    <path
       d="m 458.98047,314.22782 c 0,92.04912 -91.04738,167.01023 -202.98048,167.01023 -111.93309,0 -202.980466,-74.91178 -202.980466,-167.01023 a 140.04383,140.04339 0 0 1 11.425867,-55.23891 c 7.468715,21.48978 25.878851,41.0082 53.670159,56.35866 35.26197,19.49697 81.94767,30.23757 131.44068,30.23757 49.49399,0 96.17969,-10.7406 131.44185,-30.23328 35.26196,-19.49697 55.58262,-45.87119 57.29539,-74.442 a 142.38119,142.38074 0 0 1 20.687,73.3201 z M 420.67167,60.020715 C 407.37239,48.422066 392.52717,39.026454 379.91068,34.247133 368.42875,29.881819 359.61263,29.609389 355.74267,33.47489 l -0.56642,0.514829 -5.33413,4.530487 a 8.4495,8.449473 0 0 0 -1.0497,11.802434 27.202619,27.202532 0 0 1 -0.50648,35.308628 L 175.30521,283.77144 a 59.489476,59.489286 0 0 0 -14.019,29.60691 c 26.6467,8.73492 56.99943,13.32547 88.30753,13.32547 9.86659,0 19.79021,-0.47193 29.57483,-1.39433 L 392.37639,131.24075 a 27.294763,27.294676 0 0 1 38.20034,-9.29909 l 0.69593,0.42903 a 8.438238,8.4382111 0 0 0 11.30602,-2.14512 l 8.17818,-11.17606 c 4.99196,-6.63056 -5.07509,-27.270873 -30.08152,-49.056682 z M 268.97992,147.8225 a 317.15571,317.15471 0 0 0 -19.34288,-0.60063 c -46.35494,0 -89.79411,9.90186 -122.30617,27.87365 -30.742071,16.99362 -47.676829,38.9446 -47.676829,61.87376 0,22.92701 16.933791,44.84153 47.676829,61.87161 5.08611,2.81011 10.46741,5.4057 16.06039,7.81252 a 78.219048,78.218799 0 0 1 17.70164,-35.29576 z m 102.96445,151.05271 c 30.74207,-16.99361 47.67683,-38.94245 47.67683,-61.87161 0,-19.62782 -12.44947,-38.56706 -35.40327,-54.28648 l -81.34588,139.37041 c 25.81023,-4.53049 49.41125,-12.4138 69.01298,-23.24664 z"
       fill="#000000"
       fill-opacity="1"
       id="path12847-8-3"
       style="fill:#000000;fill-opacity:1;stroke-width:1.02381" />
    <path
       d="M 454.26,312.874 C 454.26,402.782 365.33,476 256,476 146.67,476 57.74,402.83 57.74,312.874 A 136.787,136.787 0 0 1 68.9,258.918 c 7.295,20.99 25.277,40.055 52.422,55.05 34.442,19.043 80.042,29.533 128.384,29.533 48.343,0 93.943,-10.49 128.385,-29.53 34.442,-19.043 54.29,-44.805 55.963,-72.71 a 139.07,139.07 0 0 1 20.206,71.614 z M 416.842,64.578 c -12.99,-11.33 -27.49,-20.506 -39.813,-25.174 -11.215,-4.265 -19.826,-4.53 -23.606,-0.75 l -0.554,0.508 -5.21,4.426 a 8.253,8.253 0 0 0 -1.026,11.527 26.57,26.57 0 0 1 -0.495,34.487 L 177.18,283.135 a 58.106,58.106 0 0 0 -13.693,28.92 c 26.027,8.53 55.674,13.015 86.254,13.015 9.637,0 19.33,-0.46 28.887,-1.36 L 389.203,134.153 a 26.66,26.66 0 0 1 37.312,-9.083 l 0.68,0.427 a 8.242,8.242 0 0 0 11.043,-2.087 l 7.988,-10.916 c 4.876,-6.478 -4.957,-26.638 -29.382,-47.916 z m -148.164,85.76 a 309.78,309.78 0 0 0 -18.893,-0.59 c -45.277,0 -87.706,9.672 -119.462,27.227 -30.027,16.598 -46.568,38.038 -46.568,60.434 0,22.395 16.54,43.8 46.568,60.434 4.968,2.743 10.224,5.28 15.687,7.63 a 76.4,76.4 0 0 1 17.29,-34.476 z m 100.57,147.54 c 30.027,-16.598 46.568,-38.038 46.568,-60.434 0,-19.17 -12.16,-37.67 -34.58,-53.023 l -79.454,136.13 c 25.21,-4.425 48.262,-12.125 67.408,-22.706 z"
       fill="#000000"
       fill-opacity="1"
       id="path12847-1"
       style="fill:#ffffff;fill-opacity:1" />
  </g>
  <g
     class=""
     id="g12849-6"
     transform="matrix(0.05296076,0,0,0.04772729,1.9420457,55.281812)"
     style="fill:#ffffff;fill-opacity:1">
    <path
       d="m 458.98047,314.22782 c 0,92.04912 -91.04738,167.01023 -202.98048,167.01023 -111.93309,0 -202.980466,-74.91178 -202.980466,-167.01023 a 140.04383,140.04339 0 0 1 11.425867,-55.23891 c 7.468715,21.48978 25.878851,41.0082 53.670159,56.35866 35.26197,19.49697 81.94767,30.23757 131.44068,30.23757 49.49399,0 96.17969,-10.7406 131.44185,-30.23328 35.26196,-19.49697 55.58262,-45.87119 57.29539,-74.442 a 142.38119,142.38074 0 0 1 20.687,73.3201 z M 420.67167,60.020715 C 407.37239,48.422066 392.52717,39.026454 379.91068,34.247133 368.42875,29.881819 359.61263,29.609389 355.74267,33.47489 l -0.56642,0.514829 -5.33413,4.530487 a 8.4495,8.449473 0 0 0 -1.0497,11.802434 27.202619,27.202532 0 0 1 -0.50648,35.308628 L 175.30521,283.77144 a 59.489476,59.489286 0 0 0 -14.019,29.60691 c 26.6467,8.73492 56.99943,13.32547 88.30753,13.32547 9.86659,0 19.79021,-0.47193 29.57483,-1.39433 L 392.37639,131.24075 a 27.294763,27.294676 0 0 1 38.20034,-9.29909 l 0.69593,0.42903 a 8.438238,8.4382111 0 0 0 11.30602,-2.14512 l 8.17818,-11.17606 c 4.99196,-6.63056 -5.07509,-27.270873 -30.08152,-49.056682 z M 268.97992,147.8225 a 317.15571,317.15471 0 0 0 -19.34288,-0.60063 c -46.35494,0 -89.79411,9.90186 -122.30617,27.87365 -30.742071,16.99362 -47.676829,38.9446 -47.676829,61.87376 0,22.92701 16.933791,44.84153 47.676829,61.87161 5.08611,2.81011 10.46741,5.4057 16.06039,7.81252 a 78.219048,78.218799 0 0 1 17.70164,-35.29576 z m 102.96445,151.05271 c 30.74207,-16.99361 47.67683,-38.94245 47.67683,-61.87161 0,-19.62782 -12.44947,-38.56706 -35.40327,-54.28648 l -81.34588,139.37041 c 25.81023,-4.53049 49.41125,-12.4138 69.01298,-23.24664 z"
       fill="#000000"
       fill-opacity="1"
       id="path12847-8-8"
       style="fill:#000000;fill-opacity:1;stroke-width:1.02381" />
    <path
       d="M 454.26,312.874 C 454.26,402.782 365.33,476 256,476 146.67,476 57.74,402.83 57.74,312.874 A 136.787,136.787 0 0 1 68.9,258.918 c 7.295,20.99 25.277,40.055 52.422,55.05 34.442,19.043 80.042,29.533 128.384,29.533 48.343,0 93.943,-10.49 128.385,-29.53 34.442,-19.043 54.29,-44.805 55.963,-72.71 a 139.07,139.07 0 0 1 20.206,71.614 z M 416.842,64.578 c -12.99,-11.33 -27.49,-20.506 -39.813,-25.174 -11.215,-4.265 -19.826,-4.53 -23.606,-0.75 l -0.554,0.508 -5.21,4.426 a 8.253,8.253 0 0 0 -1.026,11.527 26.57,26.57 0 0 1 -0.495,34.487 L 177.18,283.135 a 58.106,58.106 0 0 0 -13.693,28.92 c 26.027,8.53 55.674,13.015 86.254,13.015 9.637,0 19.33,-0.46 28.887,-1.36 L 389.203,134.153 a 26.66,26.66 0 0 1 37.312,-9.083 l 0.68,0.427 a 8.242,8.242 0 0 0 11.043,-2.087 l 7.988,-10.916 c 4.876,-6.478 -4.957,-26.638 -29.382,-47.916 z m -148.164,85.76 a 309.78,309.78 0 0 0 -18.893,-0.59 c -45.277,0 -87.706,9.672 -119.462,27.227 -30.027,16.598 -46.568,38.038 -46.568,60.434 0,22.395 16.54,43.8 46.568,60.434 4.968,2.743 10.224,5.28 15.687,7.63 a 76.4,76.4 0 0 1 17.29,-34.476 z m 100.57,147.54 c 30.027,-16.598 46.568,-38.038 46.568,-60.434 0,-19.17 -12.16,-37.67 -34.58,-53.023 l -79.454,136.13 c 25.21,-4.425 48.262,-12.125 67.408,-22.706 z"
       fill="#000000"
       fill-opacity="1"
       id="path12847-6"
       style="fill:#ffffff;fill-opacity:1" />
  </g>
  <g
     class=""
     id="g12849-5"
     transform="matrix(0.05296076,0,0,0.04772729,1.9420457,81.281812)"
     style="fill:#ffffff;fill-opacity:1">
    <path
       d="m 458.98047,314.22782 c 0,92.04912 -91.04738,167.01023 -202.98048,167.01023 -111.93309,0 -202.980466,-74.91178 -202.980466,-167.01023 a 140.04383,140.04339 0 0 1 11.425867,-55.23891 c 7.468715,21.48978 25.878851,41.0082 53.670159,56.35866 35.26197,19.49697 81.94767,30.23757 131.44068,30.23757 49.49399,0 96.17969,-10.7406 131.44185,-30.23328 35.26196,-19.49697 55.58262,-45.87119 57.29539,-74.442 a 142.38119,142.38074 0 0 1 20.687,73.3201 z M 420.67167,60.020715 C 407.37239,48.422066 392.52717,39.026454 379.91068,34.247133 368.42875,29.881819 359.61263,29.609389 355.74267,33.47489 l -0.56642,0.514829 -5.33413,4.530487 a 8.4495,8.449473 0 0 0 -1.0497,11.802434 27.202619,27.202532 0 0 1 -0.50648,35.308628 L 175.30521,283.77144 a 59.489476,59.489286 0 0 0 -14.019,29.60691 c 26.6467,8.73492 56.99943,13.32547 88.30753,13.32547 9.86659,0 19.79021,-0.47193 29.57483,-1.39433 L 392.37639,131.24075 a 27.294763,27.294676 0 0 1 38.20034,-9.29909 l 0.69593,0.42903 a 8.438238,8.4382111 0 0 0 11.30602,-2.14512 l 8.17818,-11.17606 c 4.99196,-6.63056 -5.07509,-27.270873 -30.08152,-49.056682 z M 268.97992,147.8225 a 317.15571,317.15471 0 0 0 -19.34288,-0.60063 c -46.35494,0 -89.79411,9.90186 -122.30617,27.87365 -30.742071,16.99362 -47.676829,38.9446 -47.676829,61.87376 0,22.92701 16.933791,44.84153 47.676829,61.87161 5.08611,2.81011 10.46741,5.4057 16.06039,7.81252 a 78.219048,78.218799 0 0 1 17.70164,-35.29576 z m 102.96445,151.05271 c 30.74207,-16.99361 47.67683,-38.94245 47.67683,-61.87161 0,-19.62782 -12.44947,-38.56706 -35.40327,-54.28648 l -81.34588,139.37041 c 25.81023,-4.53049 49.41125,-12.4138 69.01298,-23.24664 z"
       fill="#000000"
       fill-opacity="1"
       id="path12847-8-9"
       style="fill:#000000;fill-opacity:1;stroke-width:1.02381" />
    <path
       d="M 454.26,312.874 C 454.26,402.782 365.33,476 256,476 146.67,476 57.74,402.83 57.74,312.874 A 136.787,136.787 0 0 1 68.9,258.918 c 7.295,20.99 25.277,40.055 52.422,55.05 34.442,19.043 80.042,29.533 128.384,29.533 48.343,0 93.943,-10.49 128.385,-29.53 34.442,-19.043 54.29,-44.805 55.963,-72.71 a 139.07,139.07 0 0 1 20.206,71.614 z M 416.842,64.578 c -12.99,-11.33 -27.49,-20.506 -39.813,-25.174 -11.215,-4.265 -19.826,-4.53 -23.606,-0.75 l -0.554,0.508 -5.21,4.426 a 8.253,8.253 0 0 0 -1.026,11.527 26.57,26.57 0 0 1 -0.495,34.487 L 177.18,283.135 a 58.106,58.106 0 0 0 -13.693,28.92 c 26.027,8.53 55.674,13.015 86.254,13.015 9.637,0 19.33,-0.46 28.887,-1.36 L 389.203,134.153 a 26.66,26.66 0 0 1 37.312,-9.083 l 0.68,0.427 a 8.242,8.242 0 0 0 11.043,-2.087 l 7.988,-10.916 c 4.876,-6.478 -4.957,-26.638 -29.382,-47.916 z m -148.164,85.76 a 309.78,309.78 0 0 0 -18.893,-0.59 c -45.277,0 -87.706,9.672 -119.462,27.227 -30.027,16.598 -46.568,38.038 -46.568,60.434 0,22.395 16.54,43.8 46.568,60.434 4.968,2.743 10.224,5.28 15.687,7.63 a 76.4,76.4 0 0 1 17.29,-34.476 z m 100.57,147.54 c 30.027,-16.598 46.568,-38.038 46.568,-60.434 0,-19.17 -12.16,-37.67 -34.58,-53.023 l -79.454,136.13 c 25.21,-4.425 48.262,-12.125 67.408,-22.706 z"
       fill="#000000"
       fill-opacity="1"
       id="path12847-4"
       style="fill:#ffffff;fill-opacity:1" />
  </g>
  <g
     aria-label="4"
     id="text299"
     style="font-size:27.7778px;line-height:1.25;font-family:'DS Cloister Black';-inkscape-font-specification:'DS Cloister Black, ';letter-spacing:0px;word-spacing:0px;fill:#ffffff;fill-opacity:0.87451;stroke-width:0.694444">
    <path
       d="m 51.166671,6.5000002 q 1.666668,1.111112 2.194446,2.6111132 v 7.4166726 h 2.500002 l 0.527778,2.055557 h -2.972225 v 3.000002 l 1.13889,0.63889 0.916668,-0.694445 q 0.05555,0.111111 0.138889,0.194444 0.08333,0.08333 0.08333,0.305556 l -2.861113,2.472224 -3.111114,-2.000001 q 0.555556,-0.388889 0.722223,-1.027779 0.194445,-0.666667 0.194445,-1.277779 V 18.666676 H 44.749999 L 43.999998,16.416675 Z M 44.916666,16.527786 h 5.666671 v -6.527783 l -0.5,-0.5833338 z"
       id="path1782" />
  </g>
  <g
     aria-label="I"
     id="text911"
     style="font-size:20.2429px;line-height:1.25;font-family:'DS Cloister Black';-inkscape-font-specification:'DS Cloister Black, ';letter-spacing:0px;word-spacing:0px;fill:#ffffff;fill-opacity:0.498039;stroke-width:0.506073">
    <path
       d="m 8.1781355,120.32389 q 0.060729,0.0202 0.2226719,0.0405 0.1619432,0.0202 0.4251009,0.0405 l 0.6477729,0.0607 q 0.1214574,0 0.3238864,0.0405 0.202429,0.0405 0.3036434,0.0607 0.101215,0.0202 0.263158,0.0202 0.161943,0 0.384615,0 l 0.202429,-0.0405 q 0.121457,0.0405 0.526315,0 0.101215,-0.0202 0.222672,-0.0405 0.141701,-0.0202 0.303644,-0.0405 h 0.02024 l 0.02024,-0.0202 q 0.04049,0 0.242914,-0.0405 0.04049,0 0.242915,-0.0405 -1.376517,1.51822 -1.578946,2.93522 v 0.32389 q -0.02024,0.0405 -0.02024,0.12145 v 0.081 q -0.02024,0.0203 -0.02024,0.081 v 0.16194 q -0.02024,0.1417 -0.04049,0.24291 0,0.10122 0,0.1417 v 0.80972 q 0,0.26316 0.02024,0.62753 0.04049,0.36437 0.08097,0.82996 0.04049,0.4251 0.121457,1.07287 0.08097,0.62753 0.222672,1.47774 L 11.417,129.61538 V 130 q -0.02024,0.0202 -0.02024,0.10121 v 0.081 q -0.02024,0.0405 -0.02024,0.10121 -0.02024,0.38462 -0.242915,0.74899 -0.1417,0.32388 -0.445344,0.58704 -0.2834,0.12146 -0.607287,0.24292 -0.1012143,0.0202 -0.3238862,0.10121 -0.202429,0.0607 -0.3036435,0.081 h -0.060729 q -0.040486,0.0203 -0.080972,0.0405 -0.040486,0 -0.1214574,0 H 8.9473657 l 0.1012145,0.10121 q 0.060729,0.0405 0.1214575,0.12146 l 0.2429148,0.24292 q 0.2631577,0.22267 0.4251009,0.36437 0.1619432,0.12145 0.2429146,0.16194 0.364372,0.26316 0.789473,0.38462 0.202429,0.0607 0.242915,0.0607 h 0.08097 q 0.02024,0.0203 0.06073,0.0203 h 0.283401 q -0.02024,0 0.182186,-0.0405 -0.02024,0 0.1417,-0.0405 0.08097,-0.081 0.161944,-0.10122 0.08097,-0.0202 0.161943,-0.10121 0.08097,-0.0607 0.101214,-0.12146 0.04049,-0.0405 0.04049,-0.0405 0,-0.0202 0.06073,-0.20243 l 0.06073,-0.18218 q 0,-0.0202 0.04048,-0.18219 0,-0.0607 0.02024,-0.10121 v -0.12146 q 0,-0.081 0.02024,-0.12146 v -0.36437 l -0.789473,-6.59919 0.121457,-2.22671 q 0.263158,-0.95142 1.052631,-1.80162 0.789473,-0.82996 1.88259,-0.82996 l 0.283401,-0.0405 0.04049,0.12146 q -0.101215,0.10121 -0.222672,0.16194 -0.121458,0.0405 -0.263158,0.081 -0.303644,0.16194 -0.506073,0.32388 -0.182186,0.1417 -0.303643,0.48583 0,0.0202 -0.02024,0.0607 -0.02024,0.0202 -0.02024,0.081 v 0.0607 q 0,0.10121 -0.08097,0.2834 v 0.081 q -0.04049,0.10122 -0.06073,0.30365 -0.02024,0.0607 -0.02024,0.26315 v 0.18219 q 0,0.0202 0.04049,0.18219 0,0.0202 0.02024,0.0405 v 0.0405 q 0,0.0202 0,0.0607 0.02024,0.0202 0.04049,0.12145 0,0.0405 0.02024,0.0607 v 0.0607 l 0.708502,5.36437 q 0,0.12146 0.02024,0.1417 v 0.30364 q 0,0.0405 0.02024,0.0607 v 0.58705 q -0.02024,0.0607 -0.02024,0.22267 v 0.22267 q -0.02024,0.0607 -0.02024,0.22267 -0.121458,1.07288 -0.647773,2.22672 -0.506073,1.07287 -1.821861,1.417 -0.02024,0 -0.222672,0.0405 l -0.242915,0.0607 q -0.08097,0 -0.222672,0.0202 -0.121457,0.0202 -0.182186,0.0405 h -0.161943 q -0.121457,0 -0.1417,0.0202 h -0.222672 q -0.02024,-0.0202 -0.08097,-0.0202 h -0.182186 q -0.04049,-0.0202 -0.1417,-0.0202 h -0.121458 l -2.9149774,-0.91093 -0.040486,0.0405 h -0.060729 q -0.040486,0 -0.060729,-0.0202 H 6.8218612 q -0.040486,0 -0.060729,-0.0203 h -0.040486 q -0.5870441,0 -1.0931166,0.4251 -0.3643722,0.28341 -0.5263154,0.62753 v -0.0405 q -0.060729,-0.0607 -0.060729,-0.1417 v -0.0202 q -0.020243,-0.081 -0.060729,-0.1417 -0.020243,-0.0405 -0.020243,-0.16195 0,-0.64777 0.5870441,-1.23481 0.5465583,-0.54656 1.234817,-0.80972 0.040486,-0.0202 0.080972,-0.0405 0.040486,-0.0202 0.1214574,-0.0405 0.080972,0 0.2834006,-0.0607 0.2226719,-0.081 0.2834006,-0.081 l 1.1740882,-0.0405 q 0,0.0405 0.040486,0.0405 0.020243,0 0.040486,-0.0203 0.020243,-0.0202 0.1417003,-0.0607 0.040486,-0.0405 0.080972,-0.0607 0.040486,-0.0203 0.1821862,-0.16195 0.1214574,-0.12145 0.1417003,-0.16194 0.040486,-0.0607 0.080972,-0.20243 v -0.20243 q 0,-0.0202 0.040486,-0.22267 v -0.2834 q 0,-0.0607 0.020243,-0.081 v -0.26316 q -0.020243,-0.0405 -0.020243,-0.20243 v -0.20243 q -0.020243,-0.0405 -0.020243,-0.20243 -0.3441294,-2.06477 -1.6801608,-2.06477 l -0.1619432,-0.0405 q -0.1214574,0.0405 -0.3036435,0.081 -0.1821861,0.0405 -0.4251009,0.081 -0.060729,0.0202 -0.1619433,0.0405 -0.080972,0.0202 -0.202429,0.0607 -0.060729,0.0202 -0.1821861,0.0607 -0.1214574,0.0202 -0.202429,0.0607 0.2226719,-0.93118 1.0121451,-1.39676 0.7085015,-0.44535 1.7206465,-0.44535 0,-2.42914 1.8825899,-4.31173 -0.101215,0.0607 -0.161943,0.10121 -0.04049,0.0202 -0.141701,0.0607 -0.101214,0.0202 -0.303643,0.081 -0.2024291,0.0607 -0.5870442,0.18219 -0.1821861,0.0202 -0.3238864,0.0405 -0.1417004,0 -0.2429149,0 -0.1012145,0 -0.2631577,0 -0.1619432,-0.0202 -0.3846151,-0.0405 -0.2226719,-0.0405 -0.5060725,-0.0607 -0.2631577,-0.0405 -0.4858296,-0.081 -0.080972,0 -0.2834006,-0.0405 -0.4655868,0.12146 -0.7692303,0.36437 -0.2834006,0.24292 -0.5263154,0.68826 0.040486,-0.82996 0.5870441,-1.53846 0.5870442,-0.7085 1.3765173,-0.8502 v -0.0405 z"
       id="path1785" />
  </g>
  <text
     xml:space="preserve"
     style="font-size:40px;line-height:1.25;font-family:'DS Cloister Black';-inkscape-font-specification:'DS Cloister Black, ';letter-spacing:0px;word-spacing:0px"
     x="132.58252"
     y="44.194176"
     id="text992"><tspan
       sodipodi:role="line"
       id="tspan990"></tspan></text>
  <g
     aria-label="I"
     id="text911-3"
     style="font-size:20.2429px;line-height:1.25;font-family:'DS Cloister Black';-inkscape-font-specification:'DS Cloister Black, ';letter-spacing:0px;word-spacing:0px;fill:#ffffff;fill-opacity:0.498039;stroke-width:0.506073">
    <path
       d="m 83.178135,5.3238873 q 0.06073,0.020243 0.222671,0.040486 0.161944,0.020243 0.425101,0.040486 l 0.647773,0.060729 q 0.121458,0 0.323887,0.040486 0.202429,0.040486 0.303643,0.060729 0.101215,0.020243 0.263158,0.020243 0.161943,0 0.384615,0 l 0.202429,-0.040486 q 0.121457,0.040486 0.526315,0 0.101215,-0.020243 0.222672,-0.040486 0.141701,-0.020243 0.303644,-0.040486 h 0.02024 l 0.02024,-0.020243 q 0.04049,0 0.242914,-0.040486 0.04049,0 0.242915,-0.040486 -1.376517,1.5182175 -1.578946,2.9352206 v 0.3238864 q -0.02024,0.040486 -0.02024,0.1214574 v 0.080972 q -0.02024,0.020243 -0.02024,0.080972 v 0.1619432 q -0.02024,0.1417003 -0.04049,0.2429148 0,0.1012145 0,0.1417003 v 0.809716 q 0,0.263158 0.02024,0.62753 0.04049,0.364372 0.08097,0.829959 0.04049,0.425101 0.121457,1.072874 0.08097,0.62753 0.222672,1.477731 l 0.101215,0.34413 v 0.384615 q -0.02024,0.02024 -0.02024,0.101214 v 0.08097 q -0.02024,0.04049 -0.02024,0.101214 -0.02024,0.384616 -0.242915,0.748988 -0.1417,0.323886 -0.445344,0.587044 -0.2834,0.121457 -0.607287,0.242915 -0.101214,0.02024 -0.323886,0.101214 -0.202429,0.06073 -0.303644,0.08097 h -0.06073 q -0.04049,0.02024 -0.08097,0.04049 -0.04049,0 -0.121457,0 h -0.242915 l 0.101214,0.101214 q 0.06073,0.04049 0.121458,0.121458 l 0.242915,0.242914 q 0.263157,0.222672 0.4251,0.364373 0.161944,0.121457 0.242915,0.161943 0.364372,0.263157 0.789473,0.384615 0.202429,0.06073 0.242915,0.06073 h 0.08097 q 0.02024,0.02024 0.06073,0.02024 h 0.283401 q -0.02024,0 0.182186,-0.04049 -0.02024,0 0.141701,-0.04049 0.08097,-0.08097 0.161943,-0.101215 0.08097,-0.02024 0.161943,-0.101214 0.08097,-0.06073 0.101214,-0.121458 0.04049,-0.04049 0.04049,-0.04049 0,-0.02024 0.06073,-0.202429 l 0.06073,-0.182186 q 0,-0.02024 0.04049,-0.182187 0,-0.06073 0.02024,-0.101214 v -0.121457 q 0,-0.08097 0.02024,-0.121458 V 16.821855 L 86.740885,10.222669 86.862343,7.9959502 Q 87.1255,7.0445338 87.914973,6.194332 88.704446,5.3643731 89.797563,5.3643731 l 0.283401,-0.040486 0.04049,0.1214574 q -0.101215,0.1012145 -0.222672,0.1619432 -0.121458,0.040486 -0.263158,0.080972 -0.303644,0.1619432 -0.506073,0.3238864 -0.182186,0.1417003 -0.303643,0.4858296 0,0.020243 -0.02024,0.060729 -0.02024,0.020243 -0.02024,0.080972 v 0.060729 q 0,0.1012145 -0.08097,0.2834006 v 0.080972 q -0.04049,0.1012145 -0.06073,0.3036435 -0.02024,0.060729 -0.02024,0.2631577 v 0.1821862 q 0,0.020243 0.04049,0.1821861 0,0.020243 0.02024,0.040486 v 0.040486 q 0,0.020243 0,0.060729 0.02024,0.020243 0.04049,0.1214574 0,0.040486 0.02024,0.060729 v 0.060729 l 0.708502,5.3643687 q 0,0.121457 0.02024,0.1417 v 0.303644 q 0,0.04049 0.02024,0.06073 v 0.587044 q -0.02024,0.06073 -0.02024,0.222672 v 0.222671 q -0.02024,0.06073 -0.02024,0.222672 -0.121458,1.072874 -0.647773,2.226719 -0.506073,1.072874 -1.821861,1.417004 -0.02024,0 -0.222672,0.04049 l -0.242915,0.06073 q -0.08097,0 -0.222672,0.02024 -0.121457,0.02024 -0.182186,0.04049 h -0.161943 q -0.121457,0 -0.1417,0.02024 H 85.58704 q -0.02024,-0.02024 -0.08097,-0.02024 h -0.182186 q -0.04049,-0.02024 -0.1417,-0.02024 h -0.121458 l -2.914977,-0.910931 -0.04049,0.04049 h -0.06073 q -0.04049,0 -0.06073,-0.02024 H 81.82186 q -0.04049,0 -0.06073,-0.02024 h -0.04049 q -0.587044,0 -1.093117,0.425101 -0.364372,0.283401 -0.526315,0.62753 v -0.04049 q -0.06073,-0.06073 -0.06073,-0.1417 v -0.02024 q -0.02024,-0.08097 -0.06073,-0.1417 -0.02024,-0.04049 -0.02024,-0.161943 0,-0.647773 0.587044,-1.234817 0.546559,-0.546559 1.234817,-0.809716 0.04049,-0.02024 0.08097,-0.04049 0.04049,-0.02024 0.121457,-0.04049 0.08097,0 0.283401,-0.06073 0.222672,-0.08097 0.283401,-0.08097 l 1.174088,-0.04049 q 0,0.04049 0.04049,0.04049 0.02024,0 0.04048,-0.02024 0.02024,-0.02024 0.141701,-0.06073 0.04049,-0.04049 0.08097,-0.06073 0.04049,-0.02024 0.182186,-0.161943 0.121458,-0.121457 0.141701,-0.161943 0.04049,-0.06073 0.08097,-0.202429 v -0.202429 q 0,-0.02024 0.04049,-0.222672 v -0.283401 q 0,-0.06073 0.02024,-0.08097 v -0.263158 q -0.02024,-0.04049 -0.02024,-0.202429 v -0.202429 q -0.02024,-0.04049 -0.02024,-0.202429 -0.344129,-2.064776 -1.68016,-2.064776 l -0.161944,-0.04049 q -0.121457,0.04049 -0.303643,0.08097 -0.182186,0.04049 -0.425101,0.08097 -0.06073,0.02024 -0.161943,0.04049 -0.08097,0.02024 -0.202429,0.06073 -0.06073,0.02024 -0.182186,0.06073 -0.121458,0.02024 -0.202429,0.06073 0.222671,-0.931174 1.012145,-1.396761 0.708501,-0.445343 1.720646,-0.445343 0,-2.4291485 1.88259,-4.3117383 -0.101215,0.060729 -0.161943,0.1012145 -0.04049,0.020243 -0.141701,0.060729 -0.101214,0.020243 -0.303643,0.080972 -0.202429,0.060729 -0.587044,0.1821861 -0.182186,0.020243 -0.323887,0.040486 -0.1417,0 -0.242914,0 -0.101215,0 -0.263158,0 -0.161943,-0.020243 -0.384615,-0.040486 -0.222672,-0.040486 -0.506073,-0.060729 -0.263157,-0.040486 -0.485829,-0.080972 -0.08097,0 -0.283401,-0.040486 -0.465587,0.1214574 -0.76923,0.3643722 -0.283401,0.2429148 -0.526316,0.6882587 0.04049,-0.829959 0.587044,-1.5384605 0.587045,-0.7085015 1.376518,-0.8502018 v -0.040486 z"
       id="path1788" />
  </g>
</svg>
