<?xml version="1.0" encoding="UTF-8" standalone="no"?>
<svg
   width="100px"
   height="140px"
   viewbox="0 0 100 140"
   version="1.1"
   id="svg47"
   sodipodi:docname="card-skull-a.svg"
   inkscape:export-filename="card-back.png"
   inkscape:export-xdpi="96"
   inkscape:export-ydpi="96"
   inkscape:version="1.2.2 (732a01da63, 2022-12-09)"
   xmlns:inkscape="http://www.inkscape.org/namespaces/inkscape"
   xmlns:sodipodi="http://sodipodi.sourceforge.net/DTD/sodipodi-0.dtd"
   xmlns="http://www.w3.org/2000/svg"
   xmlns:svg="http://www.w3.org/2000/svg">
  <defs
     id="defs51" />
  <sodipodi:namedview
     id="namedview49"
     pagecolor="#ffffff"
     bordercolor="#666666"
     borderopacity="1.0"
     inkscape:showpageshadow="2"
     inkscape:pageopacity="0.0"
     inkscape:pagecheckerboard="0"
     inkscape:deskcolor="#d1d1d1"
     showgrid="false"
     inkscape:zoom="5.8142857"
     inkscape:cx="62.346437"
     inkscape:cy="70"
     inkscape:window-width="1920"
     inkscape:window-height="1017"
     inkscape:window-x="-8"
     inkscape:window-y="-8"
     inkscape:window-maximized="1"
     inkscape:current-layer="svg47" />
  <path
     id="rect2"
     style="opacity:1;fill:#802010;stroke:#000000"
     d="m 4.5,0.5 h 91 c 2.216,0 4,1.784 4,4 v 131 c 0,2.216 -1.784,4 -4,4 h -91 c -2.216,0 -4,-1.784 -4,-4 V 4.5 c 0,-2.216 1.784,-4 4,-4 z" />
  <g
     class=""
     id="g299"
     transform="matrix(0.04417379,0,0,0.04529669,4.211277,4.0916202)"
     style="fill:#ffffff;fill-opacity:1">
    <path
       d="m 254.5427,14.534832 c -61.04367,0 -101.50768,27.054957 -128.19142,67.334522 -25.68111,38.762946 -37.60746,90.237436 -38.477751,140.000926 35.903031,17.66144 57.327251,36.13656 66.637631,55.71242 8.22129,17.28398 5.09265,35.22795 -5.16195,49.10124 22.54436,20.44604 60.93311,33.12142 100.47167,33.75654 39.78515,0.63287 79.80579,-10.64794 105.3928,-33.96448 -5.15383,-6.11392 -8.98288,-12.65277 -10.83379,-19.83126 -2.60044,-10.06933 -0.85522,-20.97268 4.79854,-30.84988 10.76426,-18.80738 34.07855,-35.63254 72.02903,-53.96526 C 420.3082,174.70379 408.64027,123.29712 383.09614,83.908081 356.49258,42.884901 316.01629,14.534832 254.5427,14.534832 Z M 176.99109,143.51714 c 47.28982,11.12937 97.2415,10.95759 149.22232,0.22602 -26.48303,38.48494 -126.86848,38.51432 -149.22232,-0.22602 z m -20.79567,13.85295 c 7.88129,31.11207 31.35921,48.89556 75.08212,47.07833 l -1.13799,34.38941 c -40.32796,20.60426 -74.36433,2.03421 -106.17943,-19.50127 h -0.002 c -4.96356,-31.29515 -0.20859,-56.00851 32.23761,-61.96647 z m 191.13512,0 c 32.44435,5.95796 37.19793,30.67132 32.23553,61.96421 h -0.002 c -31.81579,21.54226 -65.85124,40.10779 -106.1792,19.50127 l -1.13566,-34.38941 c 43.72383,1.80819 67.19967,-15.96626 75.08096,-47.07833 z m -96.46949,94.82796 c 12.39012,22.33786 22.22058,44.67119 27.10024,67.00679 -13.326,9.92919 -37.18495,11.37348 -54.19862,0 6.5966,-22.3356 14.52795,-44.66893 27.10024,-67.00679 z M 96.711095,355.5177 c -51.346004,13.9524 -84.51556,34.61769 -84.51556,57.5432 0,41.99508 109.059385,76.1223 243.356515,76.1223 134.29713,0 243.35744,-34.12722 243.35744,-76.12004 0,-22.84414 -32.88471,-43.59532 -83.91644,-57.5432 17.64014,9.09065 28.17309,19.70695 28.17309,31.16858 0,32.89539 -84.26965,59.93904 -187.60992,59.93904 -103.34027,0 -187.011261,-27.04591 -187.011261,-59.93904 0,-11.5204 10.352869,-22.04629 28.173321,-31.16632 h -0.0042 z m 64.029075,2.70097 -15.25779,23.96749 c 6.78155,5.43811 14.6691,10.21398 23.39912,14.28691 l 11.15734,-29.48244 c -6.73658,-2.53824 -13.19481,-5.46298 -19.29658,-8.77422 z m 181.83355,0.54246 c -5.9094,3.21405 -12.08487,6.03481 -18.46732,8.47586 l 10.95779,29.15471 c 8.19557,-3.68417 15.98369,-8.00121 23.20559,-12.97598 l -15.6949,-24.65459 z m -144.2597,13.99761 -11.61531,30.6894 c 9.75097,3.16659 20.16711,5.59181 30.97332,7.23274 l 3.96231,-33.28641 c -7.93876,-1.10751 -15.74311,-2.66255 -23.32032,-4.63573 z m 107.54084,0.29383 c -7.64581,1.989 -15.47287,3.51691 -23.39402,4.586 l 3.91411,32.89314 c 10.51858,-1.64997 20.86937,-4.06164 30.82892,-7.28021 l -11.34993,-30.19893 z m -65.16961,6.18851 -3.98572,33.49209 c 10.10511,0.65547 20.39447,0.63286 30.6602,0 l -3.96533,-33.30901 c -4.62749,0.22602 -9.26031,0.29383 -13.88085,0.22602 -2.94647,0 -5.88877,-0.22602 -8.82505,-0.33904 z"
       fill="#000000"
       fill-opacity="1"
       id="path297-4"
       style="fill:#000000;fill-opacity:1;stroke-width:1.02381" />
    <path
       d="m 254.566,20.055 c -59.624,0 -99.147,26.426 -125.21,65.767 -25.084,37.862 -36.733,88.14 -37.583,136.746 35.068,17.25 55.994,35.297 65.088,54.416 8.03,16.882 4.974,34.41 -5.042,47.96 22.02,19.97 59.516,32.352 98.135,32.972 38.86,0.624 77.95,-10.4 102.942,-33.174 -5.034,-5.972 -8.774,-12.36 -10.582,-19.37 -2.54,-9.836 -0.836,-20.485 4.687,-30.134 10.514,-18.37 33.286,-34.804 70.354,-52.71 C 416.477,176.498 405.08,126.288 380.13,87.814 354.145,47.746 314.61,20.054 254.566,20.054 Z m -75.748,125.982 c 46.19,10.87 94.98,10.703 145.752,0.205 -25.867,37.59 -123.918,37.62 -145.752,-0.205 z m -20.312,13.53 c 7.698,30.39 30.63,47.76 73.336,45.984 l -1.112,33.59 c -39.39,20.126 -72.635,1.99 -103.71,-19.048 h -0.002 c -4.848,-30.567 -0.204,-54.706 31.488,-60.526 z m 186.69,0 c 31.69,5.82 36.333,29.958 31.486,60.525 h -0.002 c -31.076,21.04 -64.32,39.174 -103.71,19.047 l -1.11,-33.59 c 42.707,1.776 65.637,-15.594 73.335,-45.984 z M 250.97,252.19 c 12.102,21.818 21.704,43.634 26.47,65.45 -13.016,9.698 -36.32,11.107 -52.938,0 6.443,-21.816 14.19,-43.632 26.47,-65.45 z M 100.405,353.108 c -50.152,13.628 -82.55,33.813 -82.55,56.204 0,41.018 106.523,74.352 237.697,74.352 131.174,0 237.698,-33.334 237.698,-74.35 0,-22.312 -32.12,-42.58 -81.965,-56.205 17.23,8.88 27.518,19.25 27.518,30.444 0,32.13 -82.31,58.546 -183.247,58.546 -100.937,0 -182.662,-26.418 -182.662,-58.545 0,-11.253 10.112,-21.534 27.518,-30.443 h -0.004 z m 62.54,2.637 -14.903,23.41 c 6.624,5.312 14.328,9.978 22.855,13.955 l 10.898,-28.796 c -6.58,-2.48 -12.888,-5.336 -18.848,-8.57 z m 177.605,0.53 c -5.772,3.14 -11.804,5.894 -18.038,8.28 l 10.703,28.477 c 8.005,-3.6 15.612,-7.817 22.666,-12.676 l -15.33,-24.08 z M 199.645,369.948 188.3,399.924 c 9.524,3.093 19.698,5.462 30.253,7.064 l 3.87,-32.513 c -7.754,-1.09 -15.377,-2.6 -22.778,-4.528 z m 105.04,0.287 c -7.468,1.95 -15.113,3.434 -22.85,4.48 l 3.823,32.126 c 10.274,-1.605 20.384,-3.967 30.112,-7.11 l -11.086,-29.496 z m -63.654,6.045 -3.893,32.712 c 9.87,0.637 19.92,0.623 29.947,-0.07 l -3.873,-32.535 c -4.52,0.206 -9.045,0.287 -13.558,0.215 -2.878,-0.047 -5.752,-0.167 -8.62,-0.323 z"
       fill="#000000"
       fill-opacity="1"
       id="path297"
       style="fill:#ffffff;fill-opacity:1" />
  </g>
  <g
     class=""
     id="g299-7"
     transform="matrix(0.04417379,0,0,0.04529669,4.211277,30.09162)"
     style="fill:#ffffff;fill-opacity:1">
    <path
       d="m 254.5427,14.534832 c -61.04367,0 -101.50768,27.054957 -128.19142,67.334522 -25.68111,38.762946 -37.60746,90.237436 -38.477751,140.000926 35.903031,17.66144 57.327251,36.13656 66.637631,55.71242 8.22129,17.28398 5.09265,35.22795 -5.16195,49.10124 22.54436,20.44604 60.93311,33.12142 100.47167,33.75654 39.78515,0.63287 79.80579,-10.64794 105.3928,-33.96448 -5.15383,-6.11392 -8.98288,-12.65277 -10.83379,-19.83126 -2.60044,-10.06933 -0.85522,-20.97268 4.79854,-30.84988 10.76426,-18.80738 34.07855,-35.63254 72.02903,-53.96526 C 420.3082,174.70379 408.64027,123.29712 383.09614,83.908081 356.49258,42.884901 316.01629,14.534832 254.5427,14.534832 Z M 176.99109,143.51714 c 47.28982,11.12937 97.2415,10.95759 149.22232,0.22602 -26.48303,38.48494 -126.86848,38.51432 -149.22232,-0.22602 z m -20.79567,13.85295 c 7.88129,31.11207 31.35921,48.89556 75.08212,47.07833 l -1.13799,34.38941 c -40.32796,20.60426 -74.36433,2.03421 -106.17943,-19.50127 h -0.002 c -4.96356,-31.29515 -0.20859,-56.00851 32.23761,-61.96647 z m 191.13512,0 c 32.44435,5.95796 37.19793,30.67132 32.23553,61.96421 h -0.002 c -31.81579,21.54226 -65.85124,40.10779 -106.1792,19.50127 l -1.13566,-34.38941 c 43.72383,1.80819 67.19967,-15.96626 75.08096,-47.07833 z m -96.46949,94.82796 c 12.39012,22.33786 22.22058,44.67119 27.10024,67.00679 -13.326,9.92919 -37.18495,11.37348 -54.19862,0 6.5966,-22.3356 14.52795,-44.66893 27.10024,-67.00679 z M 96.711095,355.5177 c -51.346004,13.9524 -84.51556,34.61769 -84.51556,57.5432 0,41.99508 109.059385,76.1223 243.356515,76.1223 134.29713,0 243.35744,-34.12722 243.35744,-76.12004 0,-22.84414 -32.88471,-43.59532 -83.91644,-57.5432 17.64014,9.09065 28.17309,19.70695 28.17309,31.16858 0,32.89539 -84.26965,59.93904 -187.60992,59.93904 -103.34027,0 -187.011261,-27.04591 -187.011261,-59.93904 0,-11.5204 10.352869,-22.04629 28.173321,-31.16632 h -0.0042 z m 64.029075,2.70097 -15.25779,23.96749 c 6.78155,5.43811 14.6691,10.21398 23.39912,14.28691 l 11.15734,-29.48244 c -6.73658,-2.53824 -13.19481,-5.46298 -19.29658,-8.77422 z m 181.83355,0.54246 c -5.9094,3.21405 -12.08487,6.03481 -18.46732,8.47586 l 10.95779,29.15471 c 8.19557,-3.68417 15.98369,-8.00121 23.20559,-12.97598 l -15.6949,-24.65459 z m -144.2597,13.99761 -11.61531,30.6894 c 9.75097,3.16659 20.16711,5.59181 30.97332,7.23274 l 3.96231,-33.28641 c -7.93876,-1.10751 -15.74311,-2.66255 -23.32032,-4.63573 z m 107.54084,0.29383 c -7.64581,1.989 -15.47287,3.51691 -23.39402,4.586 l 3.91411,32.89314 c 10.51858,-1.64997 20.86937,-4.06164 30.82892,-7.28021 l -11.34993,-30.19893 z m -65.16961,6.18851 -3.98572,33.49209 c 10.10511,0.65547 20.39447,0.63286 30.6602,0 l -3.96533,-33.30901 c -4.62749,0.22602 -9.26031,0.29383 -13.88085,0.22602 -2.94647,0 -5.88877,-0.22602 -8.82505,-0.33904 z"
       fill="#000000"
       fill-opacity="1"
       id="path297-4-6"
       style="fill:#000000;fill-opacity:1;stroke-width:1.02381" />
    <path
       d="m 254.566,20.055 c -59.624,0 -99.147,26.426 -125.21,65.767 -25.084,37.862 -36.733,88.14 -37.583,136.746 35.068,17.25 55.994,35.297 65.088,54.416 8.03,16.882 4.974,34.41 -5.042,47.96 22.02,19.97 59.516,32.352 98.135,32.972 38.86,0.624 77.95,-10.4 102.942,-33.174 -5.034,-5.972 -8.774,-12.36 -10.582,-19.37 -2.54,-9.836 -0.836,-20.485 4.687,-30.134 10.514,-18.37 33.286,-34.804 70.354,-52.71 C 416.477,176.498 405.08,126.288 380.13,87.814 354.145,47.746 314.61,20.054 254.566,20.054 Z m -75.748,125.982 c 46.19,10.87 94.98,10.703 145.752,0.205 -25.867,37.59 -123.918,37.62 -145.752,-0.205 z m -20.312,13.53 c 7.698,30.39 30.63,47.76 73.336,45.984 l -1.112,33.59 c -39.39,20.126 -72.635,1.99 -103.71,-19.048 h -0.002 c -4.848,-30.567 -0.204,-54.706 31.488,-60.526 z m 186.69,0 c 31.69,5.82 36.333,29.958 31.486,60.525 h -0.002 c -31.076,21.04 -64.32,39.174 -103.71,19.047 l -1.11,-33.59 c 42.707,1.776 65.637,-15.594 73.335,-45.984 z M 250.97,252.19 c 12.102,21.818 21.704,43.634 26.47,65.45 -13.016,9.698 -36.32,11.107 -52.938,0 6.443,-21.816 14.19,-43.632 26.47,-65.45 z M 100.405,353.108 c -50.152,13.628 -82.55,33.813 -82.55,56.204 0,41.018 106.523,74.352 237.697,74.352 131.174,0 237.698,-33.334 237.698,-74.35 0,-22.312 -32.12,-42.58 -81.965,-56.205 17.23,8.88 27.518,19.25 27.518,30.444 0,32.13 -82.31,58.546 -183.247,58.546 -100.937,0 -182.662,-26.418 -182.662,-58.545 0,-11.253 10.112,-21.534 27.518,-30.443 h -0.004 z m 62.54,2.637 -14.903,23.41 c 6.624,5.312 14.328,9.978 22.855,13.955 l 10.898,-28.796 c -6.58,-2.48 -12.888,-5.336 -18.848,-8.57 z m 177.605,0.53 c -5.772,3.14 -11.804,5.894 -18.038,8.28 l 10.703,28.477 c 8.005,-3.6 15.612,-7.817 22.666,-12.676 l -15.33,-24.08 z M 199.645,369.948 188.3,399.924 c 9.524,3.093 19.698,5.462 30.253,7.064 l 3.87,-32.513 c -7.754,-1.09 -15.377,-2.6 -22.778,-4.528 z m 105.04,0.287 c -7.468,1.95 -15.113,3.434 -22.85,4.48 l 3.823,32.126 c 10.274,-1.605 20.384,-3.967 30.112,-7.11 l -11.086,-29.496 z m -63.654,6.045 -3.893,32.712 c 9.87,0.637 19.92,0.623 29.947,-0.07 l -3.873,-32.535 c -4.52,0.206 -9.045,0.287 -13.558,0.215 -2.878,-0.047 -5.752,-0.167 -8.62,-0.323 z"
       fill="#000000"
       fill-opacity="1"
       id="path297-7"
       style="fill:#ffffff;fill-opacity:1" />
  </g>
  <g
     aria-label="2"
     id="text299"
     style="font-size:27.7778px;line-height:1.25;font-family:'DS Cloister Black';-inkscape-font-specification:'DS Cloister Black, ';letter-spacing:0px;word-spacing:0px;fill:#ffffff;fill-opacity:0.74902;stroke-width:0.694444">
    <path
       d="m 55.416674,10.388892 v 0.277778 q 0,0.194445 0.02778,0.25 v 0.361112 q 0,0.08333 0.02778,0.138889 v 0.111111 q 0,3.166669 -3.277781,5.694449 l -3.888892,2.361113 q -1.666668,1.000001 -2.638891,2.555557 0.444445,-0.194444 0.944446,-0.361111 0.527778,-0.194445 1.138889,-0.361111 1.083335,-0.305556 2.194447,-0.416667 0.194444,0 0.277778,-0.02778 h 0.277778 q 0.194444,0 0.277778,-0.02778 h 0.638889 0.08333 q 0.05556,0 0.111112,0.02778 0.05555,0 0.166666,0 0.166667,0.02778 0.305556,0.02778 0.138889,0 0.222223,0 0.111111,0 0.194444,0.02778 0.166667,0 0.416667,0.05556 0.277778,0.05556 0.416667,0.08333 0.08333,0.02778 0.194445,0.05556 0.111111,0.02778 0.222222,0.08333 0.138889,0.02778 0.361111,0.08333 0.777779,0.222222 1.583335,0.583334 l -2.166668,2.527779 -2.694447,-0.916667 -3.222225,-0.111111 q -0.08333,0.02778 -0.333333,0.08333 -0.222223,0.05556 -0.611112,0.166667 -0.333333,0.08333 -0.472222,0.08333 -0.02778,0 -0.111112,0.02778 -0.08333,0.02778 -0.361111,0.08333 -0.166667,0.02778 -0.944445,0.25 -0.25,0.111111 -0.63889,0.138889 -0.05555,0.02778 -0.166666,0.05556 -0.08333,0.02778 -0.138889,0.02778 0.333333,-2.000001 1.611112,-3.444447 0.638889,-0.722223 1.305557,-1.38889 0.666667,-0.694445 1.361112,-1.333334 l 0.08333,-0.08333 0.08333,-0.08333 q 0.361111,-0.305556 0.861111,-0.805556 0.500001,-0.500001 1.13889,-1.13889 0.472223,-0.527778 0.88889,-1.055556 0.416667,-0.555556 0.75,-1.166668 0.02778,-0.05556 0.05556,-0.111111 0.02778,-0.05556 0.05556,-0.166667 0,0.05556 0.111111,-0.25 0.111111,-0.333334 0.138889,-0.63889 0,-0.08333 0,-0.194444 0.02778,-0.111111 0.05555,-0.25 0,-0.166667 0.02778,-0.222223 v -0.361111 q -0.02778,-0.02778 -0.02778,-0.138889 V 11.222226 Q 52.222227,10.527781 51.861116,9.8055584 51.500004,9.0833356 50.888893,8.7222242 l -4.833337,3.7777808 h -0.166667 l -1.611113,-1.583335 -0.05556,-0.416667 5.000004,-4.0000028 z"
       id="path2138" />
  </g>
  <g
     aria-label="A"
     id="text961"
     style="font-size:20.2429px;line-height:1.25;font-family:'DS Cloister Black';-inkscape-font-specification:'DS Cloister Black, ';letter-spacing:0px;word-spacing:0px;fill:#ffffff;fill-opacity:0.498039;stroke-width:0.506073">
    <path
       d="m 16.963554,120.08098 q -0.344129,0.34413 -0.91093,1.03239 -0.404858,0.52631 -0.546558,1.17408 v 9.12955 q 0.161943,0.60729 0.587044,1.03239 l 0.668015,-0.52631 0.384616,0.40485 -2.327934,2.00405 q -0.02024,-0.0202 -0.04049,-0.0202 h -0.06073 q -0.202429,-0.0405 -0.303643,-0.10122 -0.08097,-0.0607 -0.242915,-0.12145 -0.850202,-0.97166 -1.052631,-2.08502 L 9.9797537,134.33198 6.437246,132.4089 H 6.2550599 l -0.040486,0.0405 q -0.020243,0.0202 -0.060729,0.0202 h -0.080972 q -0.1619432,0.0405 -0.2631577,0.081 -0.080972,0.0405 -0.1214574,0.20242 v 0.0203 q -0.020243,0.0202 -0.020243,0.0405 v 0.0607 q -0.040486,0.0405 -0.040486,0.081 v 0.16195 q 0,0.0202 0.020243,0.0405 v 0.0607 q 0.020243,0.0202 0.020243,0.0405 0,0.0405 0.020243,0.081 0,0.0202 0.020243,0.0405 0.020243,0.12146 0.060729,0.30365 0.040486,0.16194 0.040486,0.24291 v 0.0405 q -0.020243,0.0202 -0.040486,0.0607 0,0.0202 -0.040486,0.0607 v 0.0405 q -0.020243,0 -0.020243,0.0202 v 0.0405 q -0.060729,0 -0.1417003,0.081 -0.1214574,0.0405 -0.1214574,0.0405 h -0.060729 q -0.020243,0 -0.040486,0.0202 h -0.040486 q -0.2226719,0 -0.3846151,-0.22267 -0.1619432,-0.16194 -0.1619432,-0.48583 0.040486,-0.1417 0.1012145,-0.30364 0.080972,-0.18219 0.1821861,-0.40486 0.1012145,-0.20243 0.3036435,-0.7085 l 2.0040472,-2.97571 q -1.0121451,-0.76923 -1.6194321,-1.86235 -0.6680157,-1.15384 -0.6680157,-2.34817 0,-0.20243 0.060729,-0.50608 0.060729,-0.44534 0.080972,-0.48583 0,0.0203 0.040486,-0.18218 0,0.10121 0.1012145,-0.34413 0,-0.0405 0.040486,-0.16194 0.5668012,-1.47774 1.8825898,-2.20648 1.2753027,-0.72875 2.753034,-0.82996 0.04049,0 0.101215,-0.0202 h 0.526315 q 0.04049,0.0202 0.202429,0.0202 h 0.222672 q 0.161944,0.0405 0.34413,0.0607 0.202429,0.0202 0.445343,0.0607 0.303644,0.0405 0.546559,0.12145 l 2.004047,0.99191 q 0.02024,0.0202 0.06073,-0.0203 l 0.08097,-0.081 q 0.526316,-0.52631 0.931174,-0.80971 0.526315,-0.38462 1.153845,-0.50608 v -0.0405 z m -9.8582922,10.78946 4.1700372,1.96357 h 0.182186 l 1.659918,-1.37652 -0.04049,-1.59919 H 7.7327917 Z m 2.4291481,-8.90687 q -1.4979747,0.1417 -2.65182,1.17409 -1.1133596,0.9919 -1.1133596,2.51012 v 0.1417 q 0.020243,0.0202 0.020243,0.0405 0,0.0405 0.020243,0.081 0,0.0405 0.020243,0.0607 v 0.081 q 0,0.0405 0.020243,0.0607 v 0.0607 q 0.202429,1.51822 1.8016182,2.65182 l 2.8340059,-4.10931 q -0.08097,0 -0.1417,-0.0607 0.02024,0 -0.1417,-0.0405 -0.141701,-0.0607 -0.182187,-0.0607 -0.040485,-0.0405 -0.1619427,-0.0607 -0.1417003,-0.0405 -0.202429,-0.0405 -0.040486,0 -0.1417003,-0.0202 H 9.3927096 q -1.0121451,0 -1.4979747,0.91093 -0.020243,-0.0607 -0.040486,-0.12146 -0.020243,-0.0607 -0.020243,-0.16194 -0.020243,-0.0202 -0.020243,-0.0607 v -0.081 q 0,-1.07287 1.5789463,-1.65992 0.1417003,-0.0607 0.404858,-0.10121 0.2834004,-0.0607 0.4048584,-0.0607 0.04048,0 0.222672,0.0405 0.202429,0.0202 0.546558,0.0607 h 0.06073 q 0,0.0203 0.04049,0.0203 h 0.06073 q 0,0.0202 0.04049,0.0202 0.161943,0.0405 0.161943,0.0405 H 11.417 q 0.02024,0.0202 0.08097,0.0202 l 0.546559,-0.7085 q -0.48583,-0.26316 -1.133603,-0.4251 -0.62753,-0.16195 -1.1740881,-0.16195 z m -0.62753,6.23481 h 4.1700381 l -0.161944,-4.47368 -0.303643,-0.72874 h -0.121458 z"
       id="path2141" />
  </g>
  <g
     aria-label="A"
     id="text961-2"
     style="font-size:20.2429px;line-height:1.25;font-family:'DS Cloister Black';-inkscape-font-specification:'DS Cloister Black, ';letter-spacing:0px;word-spacing:0px;fill:#ffffff;fill-opacity:0.498039;stroke-width:0.506073">
    <path
       d="m 91.963554,5.0809724 q -0.34413,0.3441294 -0.910931,1.032388 -0.404858,0.5263154 -0.546558,1.1740882 v 9.1295484 q 0.161943,0.607287 0.587044,1.032388 l 0.668016,-0.526316 0.384615,0.404858 -2.327934,2.004048 q -0.02024,-0.02024 -0.04049,-0.02024 h -0.06073 q -0.202429,-0.04049 -0.303644,-0.101215 -0.08097,-0.06073 -0.242915,-0.121457 -0.850202,-0.971659 -1.052631,-2.085019 l -3.137649,2.327934 -3.542508,-1.923076 h -0.182186 l -0.04049,0.04049 q -0.02024,0.02024 -0.06073,0.02024 h -0.08097 q -0.161943,0.04049 -0.263158,0.08097 -0.08097,0.04049 -0.121457,0.202429 v 0.02024 q -0.02024,0.02024 -0.02024,0.04049 v 0.06073 q -0.04049,0.04049 -0.04049,0.08097 v 0.161944 q 0,0.02024 0.02024,0.04049 v 0.06073 q 0.02024,0.02024 0.02024,0.04049 0,0.04049 0.02024,0.08097 0,0.02024 0.02024,0.04049 0.02024,0.121458 0.06073,0.303644 0.04049,0.161943 0.04049,0.242915 v 0.04049 q -0.02024,0.02024 -0.04049,0.06073 0,0.02024 -0.04048,0.06073 v 0.04049 q -0.02024,0 -0.02024,0.02024 v 0.04049 q -0.06073,0 -0.141701,0.08097 -0.121457,0.04049 -0.121457,0.04049 h -0.06073 q -0.02024,0 -0.04049,0.02024 h -0.04049 q -0.222672,0 -0.384615,-0.222672 -0.161944,-0.161943 -0.161944,-0.48583 0.04049,-0.1417 0.101215,-0.303643 0.08097,-0.182187 0.182186,-0.404858 0.101214,-0.202429 0.303643,-0.708502 l 2.004048,-2.975706 q -1.012145,-0.769231 -1.619432,-1.862347 -0.668016,-1.153846 -0.668016,-2.348177 0,-0.2024288 0.06073,-0.5060723 0.06073,-0.4453438 0.08097,-0.4858296 0,0.020243 0.04049,-0.1821861 0,0.1012145 0.101214,-0.3441293 0,-0.040486 0.04049,-0.1619432 0.566801,-1.4777318 1.88259,-2.2064762 1.275303,-0.7287444 2.753035,-0.8299589 0.04048,0 0.101214,-0.020243 h 0.526315 q 0.04049,0.020243 0.202429,0.020243 h 0.222672 q 0.161944,0.040486 0.34413,0.060729 0.202429,0.020243 0.445344,0.060729 0.303643,0.040486 0.546558,0.1214574 l 2.004047,0.9919021 q 0.02024,0.020243 0.06073,-0.020243 l 0.08097,-0.080972 q 0.526316,-0.5263154 0.931174,-0.809716 0.526315,-0.3846152 1.153845,-0.5060726 V 5.0809724 Z M 82.105261,15.870439 86.275298,17.834 h 0.182186 l 1.659918,-1.376517 -0.04049,-1.599189 h -5.344126 z m 2.429148,-8.9068768 q -1.497975,0.1417003 -2.65182,1.1740883 -1.11336,0.9919021 -1.11336,2.5101195 v 0.1417 q 0.02024,0.02024 0.02024,0.04049 0,0.04049 0.02024,0.08097 0,0.04049 0.02024,0.06073 v 0.08097 q 0,0.04049 0.02024,0.06073 v 0.06073 q 0.202429,1.518217 1.801618,2.65182 l 2.834006,-4.1093093 q -0.08097,0 -0.1417,-0.060729 0.02024,0 -0.1417,-0.040486 -0.141701,-0.060729 -0.182186,-0.060729 -0.04049,-0.040486 -0.161944,-0.060729 -0.1417,-0.040486 -0.202429,-0.040486 -0.04049,0 -0.1417,-0.020243 h -0.121457 q -1.012145,0 -1.497975,0.9109309 -0.02024,-0.06073 -0.04049,-0.121458 -0.02024,-0.06073 -0.02024,-0.161943 -0.02024,-0.02024 -0.02024,-0.060729 v -0.080972 q 0,-1.0728737 1.578947,-1.6599178 0.1417,-0.060729 0.404858,-0.1012145 0.2834,-0.060729 0.404858,-0.060729 0.04048,0 0.222672,0.040486 0.202429,0.020243 0.546558,0.060729 h 0.06073 q 0,0.020243 0.04049,0.020243 h 0.06073 q 0,0.020243 0.04049,0.020243 0.161943,0.040486 0.161943,0.040486 h 0.08097 q 0.02024,0.020243 0.08097,0.020243 L 87.044529,7.5910921 Q 86.558699,7.3279344 85.910926,7.1659912 85.283396,7.004048 84.736838,7.004048 Z m -0.62753,6.2348138 h 4.170038 L 87.914973,8.7246946 87.61133,7.9959502 h -0.121458 z"
       id="path2144" />
  </g>
</svg>
