<?xml version="1.0" encoding="UTF-8" standalone="no"?>
<svg
   width="100px"
   height="140px"
   viewbox="0 0 100 140"
   version="1.1"
   id="svg47"
   sodipodi:docname="card-mortar-b.svg"
   inkscape:export-filename="card-back.png"
   inkscape:export-xdpi="96"
   inkscape:export-ydpi="96"
   inkscape:version="1.2.2 (732a01da63, 2022-12-09)"
   xmlns:inkscape="http://www.inkscape.org/namespaces/inkscape"
   xmlns:sodipodi="http://sodipodi.sourceforge.net/DTD/sodipodi-0.dtd"
   xmlns="http://www.w3.org/2000/svg"
   xmlns:svg="http://www.w3.org/2000/svg">
  <defs
     id="defs51" />
  <sodipodi:namedview
     id="namedview49"
     pagecolor="#ffffff"
     bordercolor="#666666"
     borderopacity="1.0"
     inkscape:showpageshadow="2"
     inkscape:pageopacity="0.0"
     inkscape:pagecheckerboard="0"
     inkscape:deskcolor="#d1d1d1"
     showgrid="false"
     inkscape:zoom="5.6568542"
     inkscape:cx="45.873552"
     inkscape:cy="69.296465"
     inkscape:window-width="1920"
     inkscape:window-height="1017"
     inkscape:window-x="-8"
     inkscape:window-y="-8"
     inkscape:window-maximized="1"
     inkscape:current-layer="svg47" />
  <path
     id="rect2"
     style="opacity:1;fill:#204080;stroke:#000000"
     d="m 4.5,0.5 h 91 c 2.216,0 4,1.784 4,4 v 131 c 0,2.216 -1.784,4 -4,4 h -91 c -2.216,0 -4,-1.784 -4,-4 V 4.5 c 0,-2.216 1.784,-4 4,-4 z" />
  <g
     class=""
     id="g12849"
     transform="matrix(0.05296076,0,0,0.04772729,1.9420457,3.2818118)"
     style="fill:#ffffff;fill-opacity:1">
    <path
       d="m 458.98047,314.22782 c 0,92.04912 -91.04738,167.01023 -202.98048,167.01023 -111.93309,0 -202.980466,-74.91178 -202.980466,-167.01023 a 140.04383,140.04339 0 0 1 11.425867,-55.23891 c 7.468715,21.48978 25.878851,41.0082 53.670159,56.35866 35.26197,19.49697 81.94767,30.23757 131.44068,30.23757 49.49399,0 96.17969,-10.7406 131.44185,-30.23328 35.26196,-19.49697 55.58262,-45.87119 57.29539,-74.442 a 142.38119,142.38074 0 0 1 20.687,73.3201 z M 420.67167,60.020715 C 407.37239,48.422066 392.52717,39.026454 379.91068,34.247133 368.42875,29.881819 359.61263,29.609389 355.74267,33.47489 l -0.56642,0.514829 -5.33413,4.530487 a 8.4495,8.449473 0 0 0 -1.0497,11.802434 27.202619,27.202532 0 0 1 -0.50648,35.308628 L 175.30521,283.77144 a 59.489476,59.489286 0 0 0 -14.019,29.60691 c 26.6467,8.73492 56.99943,13.32547 88.30753,13.32547 9.86659,0 19.79021,-0.47193 29.57483,-1.39433 L 392.37639,131.24075 a 27.294763,27.294676 0 0 1 38.20034,-9.29909 l 0.69593,0.42903 a 8.438238,8.4382111 0 0 0 11.30602,-2.14512 l 8.17818,-11.17606 c 4.99196,-6.63056 -5.07509,-27.270873 -30.08152,-49.056682 z M 268.97992,147.8225 a 317.15571,317.15471 0 0 0 -19.34288,-0.60063 c -46.35494,0 -89.79411,9.90186 -122.30617,27.87365 -30.742071,16.99362 -47.676829,38.9446 -47.676829,61.87376 0,22.92701 16.933791,44.84153 47.676829,61.87161 5.08611,2.81011 10.46741,5.4057 16.06039,7.81252 a 78.219048,78.218799 0 0 1 17.70164,-35.29576 z m 102.96445,151.05271 c 30.74207,-16.99361 47.67683,-38.94245 47.67683,-61.87161 0,-19.62782 -12.44947,-38.56706 -35.40327,-54.28648 l -81.34588,139.37041 c 25.81023,-4.53049 49.41125,-12.4138 69.01298,-23.24664 z"
       fill="#000000"
       fill-opacity="1"
       id="path12847-8"
       style="fill:#000000;fill-opacity:1;stroke-width:1.02381" />
    <path
       d="M 454.26,312.874 C 454.26,402.782 365.33,476 256,476 146.67,476 57.74,402.83 57.74,312.874 A 136.787,136.787 0 0 1 68.9,258.918 c 7.295,20.99 25.277,40.055 52.422,55.05 34.442,19.043 80.042,29.533 128.384,29.533 48.343,0 93.943,-10.49 128.385,-29.53 34.442,-19.043 54.29,-44.805 55.963,-72.71 a 139.07,139.07 0 0 1 20.206,71.614 z M 416.842,64.578 c -12.99,-11.33 -27.49,-20.506 -39.813,-25.174 -11.215,-4.265 -19.826,-4.53 -23.606,-0.75 l -0.554,0.508 -5.21,4.426 a 8.253,8.253 0 0 0 -1.026,11.527 26.57,26.57 0 0 1 -0.495,34.487 L 177.18,283.135 a 58.106,58.106 0 0 0 -13.693,28.92 c 26.027,8.53 55.674,13.015 86.254,13.015 9.637,0 19.33,-0.46 28.887,-1.36 L 389.203,134.153 a 26.66,26.66 0 0 1 37.312,-9.083 l 0.68,0.427 a 8.242,8.242 0 0 0 11.043,-2.087 l 7.988,-10.916 c 4.876,-6.478 -4.957,-26.638 -29.382,-47.916 z m -148.164,85.76 a 309.78,309.78 0 0 0 -18.893,-0.59 c -45.277,0 -87.706,9.672 -119.462,27.227 -30.027,16.598 -46.568,38.038 -46.568,60.434 0,22.395 16.54,43.8 46.568,60.434 4.968,2.743 10.224,5.28 15.687,7.63 a 76.4,76.4 0 0 1 17.29,-34.476 z m 100.57,147.54 c 30.027,-16.598 46.568,-38.038 46.568,-60.434 0,-19.17 -12.16,-37.67 -34.58,-53.023 l -79.454,136.13 c 25.21,-4.425 48.262,-12.125 67.408,-22.706 z"
       fill="#000000"
       fill-opacity="1"
       id="path12847"
       style="fill:#ffffff;fill-opacity:1" />
  </g>
  <g
     class=""
     id="g12849-7"
     transform="matrix(0.05296076,0,0,0.04772729,1.9420457,29.281812)"
     style="fill:#ffffff;fill-opacity:1">
    <path
       d="m 458.98047,314.22782 c 0,92.04912 -91.04738,167.01023 -202.98048,167.01023 -111.93309,0 -202.980466,-74.91178 -202.980466,-167.01023 a 140.04383,140.04339 0 0 1 11.425867,-55.23891 c 7.468715,21.48978 25.878851,41.0082 53.670159,56.35866 35.26197,19.49697 81.94767,30.23757 131.44068,30.23757 49.49399,0 96.17969,-10.7406 131.44185,-30.23328 35.26196,-19.49697 55.58262,-45.87119 57.29539,-74.442 a 142.38119,142.38074 0 0 1 20.687,73.3201 z M 420.67167,60.020715 C 407.37239,48.422066 392.52717,39.026454 379.91068,34.247133 368.42875,29.881819 359.61263,29.609389 355.74267,33.47489 l -0.56642,0.514829 -5.33413,4.530487 a 8.4495,8.449473 0 0 0 -1.0497,11.802434 27.202619,27.202532 0 0 1 -0.50648,35.308628 L 175.30521,283.77144 a 59.489476,59.489286 0 0 0 -14.019,29.60691 c 26.6467,8.73492 56.99943,13.32547 88.30753,13.32547 9.86659,0 19.79021,-0.47193 29.57483,-1.39433 L 392.37639,131.24075 a 27.294763,27.294676 0 0 1 38.20034,-9.29909 l 0.69593,0.42903 a 8.438238,8.4382111 0 0 0 11.30602,-2.14512 l 8.17818,-11.17606 c 4.99196,-6.63056 -5.07509,-27.270873 -30.08152,-49.056682 z M 268.97992,147.8225 a 317.15571,317.15471 0 0 0 -19.34288,-0.60063 c -46.35494,0 -89.79411,9.90186 -122.30617,27.87365 -30.742071,16.99362 -47.676829,38.9446 -47.676829,61.87376 0,22.92701 16.933791,44.84153 47.676829,61.87161 5.08611,2.81011 10.46741,5.4057 16.06039,7.81252 a 78.219048,78.218799 0 0 1 17.70164,-35.29576 z m 102.96445,151.05271 c 30.74207,-16.99361 47.67683,-38.94245 47.67683,-61.87161 0,-19.62782 -12.44947,-38.56706 -35.40327,-54.28648 l -81.34588,139.37041 c 25.81023,-4.53049 49.41125,-12.4138 69.01298,-23.24664 z"
       fill="#000000"
       fill-opacity="1"
       id="path12847-8-3"
       style="fill:#000000;fill-opacity:1;stroke-width:1.02381" />
    <path
       d="M 454.26,312.874 C 454.26,402.782 365.33,476 256,476 146.67,476 57.74,402.83 57.74,312.874 A 136.787,136.787 0 0 1 68.9,258.918 c 7.295,20.99 25.277,40.055 52.422,55.05 34.442,19.043 80.042,29.533 128.384,29.533 48.343,0 93.943,-10.49 128.385,-29.53 34.442,-19.043 54.29,-44.805 55.963,-72.71 a 139.07,139.07 0 0 1 20.206,71.614 z M 416.842,64.578 c -12.99,-11.33 -27.49,-20.506 -39.813,-25.174 -11.215,-4.265 -19.826,-4.53 -23.606,-0.75 l -0.554,0.508 -5.21,4.426 a 8.253,8.253 0 0 0 -1.026,11.527 26.57,26.57 0 0 1 -0.495,34.487 L 177.18,283.135 a 58.106,58.106 0 0 0 -13.693,28.92 c 26.027,8.53 55.674,13.015 86.254,13.015 9.637,0 19.33,-0.46 28.887,-1.36 L 389.203,134.153 a 26.66,26.66 0 0 1 37.312,-9.083 l 0.68,0.427 a 8.242,8.242 0 0 0 11.043,-2.087 l 7.988,-10.916 c 4.876,-6.478 -4.957,-26.638 -29.382,-47.916 z m -148.164,85.76 a 309.78,309.78 0 0 0 -18.893,-0.59 c -45.277,0 -87.706,9.672 -119.462,27.227 -30.027,16.598 -46.568,38.038 -46.568,60.434 0,22.395 16.54,43.8 46.568,60.434 4.968,2.743 10.224,5.28 15.687,7.63 a 76.4,76.4 0 0 1 17.29,-34.476 z m 100.57,147.54 c 30.027,-16.598 46.568,-38.038 46.568,-60.434 0,-19.17 -12.16,-37.67 -34.58,-53.023 l -79.454,136.13 c 25.21,-4.425 48.262,-12.125 67.408,-22.706 z"
       fill="#000000"
       fill-opacity="1"
       id="path12847-1"
       style="fill:#ffffff;fill-opacity:1" />
  </g>
  <g
     aria-label="2"
     id="text299"
     style="font-size:27.7778px;line-height:1.25;font-family:'DS Cloister Black';-inkscape-font-specification:'DS Cloister Black, ';letter-spacing:0px;word-spacing:0px;fill:#ffffff;fill-opacity:0.87451;stroke-width:0.694444">
    <path
       d="m 55.416674,10.388892 v 0.277778 q 0,0.194445 0.02778,0.25 v 0.361112 q 0,0.08333 0.02778,0.138889 v 0.111111 q 0,3.166669 -3.277781,5.694449 l -3.888892,2.361113 q -1.666668,1.000001 -2.638891,2.555557 0.444445,-0.194444 0.944446,-0.361111 0.527778,-0.194445 1.138889,-0.361111 1.083335,-0.305556 2.194447,-0.416667 0.194444,0 0.277778,-0.02778 h 0.277778 q 0.194444,0 0.277778,-0.02778 h 0.638889 0.08333 q 0.05556,0 0.111112,0.02778 0.05555,0 0.166666,0 0.166667,0.02778 0.305556,0.02778 0.138889,0 0.222223,0 0.111111,0 0.194444,0.02778 0.166667,0 0.416667,0.05556 0.277778,0.05556 0.416667,0.08333 0.08333,0.02778 0.194445,0.05556 0.111111,0.02778 0.222222,0.08333 0.138889,0.02778 0.361111,0.08333 0.777779,0.222222 1.583335,0.583334 l -2.166668,2.527779 -2.694447,-0.916667 -3.222225,-0.111111 q -0.08333,0.02778 -0.333333,0.08333 -0.222223,0.05556 -0.611112,0.166667 -0.333333,0.08333 -0.472222,0.08333 -0.02778,0 -0.111112,0.02778 -0.08333,0.02778 -0.361111,0.08333 -0.166667,0.02778 -0.944445,0.25 -0.25,0.111111 -0.63889,0.138889 -0.05555,0.02778 -0.166666,0.05556 -0.08333,0.02778 -0.138889,0.02778 0.333333,-2.000001 1.611112,-3.444447 0.638889,-0.722223 1.305557,-1.38889 0.666667,-0.694445 1.361112,-1.333334 l 0.08333,-0.08333 0.08333,-0.08333 q 0.361111,-0.305556 0.861111,-0.805556 0.500001,-0.500001 1.13889,-1.13889 0.472223,-0.527778 0.88889,-1.055556 0.416667,-0.555556 0.75,-1.166668 0.02778,-0.05556 0.05556,-0.111111 0.02778,-0.05556 0.05556,-0.166667 0,0.05556 0.111111,-0.25 0.111111,-0.333334 0.138889,-0.63889 0,-0.08333 0,-0.194444 0.02778,-0.111111 0.05555,-0.25 0,-0.166667 0.02778,-0.222223 v -0.361111 q -0.02778,-0.02778 -0.02778,-0.138889 V 11.222226 Q 52.222227,10.527781 51.861116,9.8055584 51.500004,9.0833356 50.888893,8.7222242 l -4.833337,3.7777808 h -0.166667 l -1.611113,-1.583335 -0.05556,-0.416667 5.000004,-4.0000028 z"
       id="path3389" />
  </g>
  <g
     aria-label="B"
     id="text911"
     style="font-size:20.2429px;line-height:1.25;font-family:'DS Cloister Black';-inkscape-font-specification:'DS Cloister Black, ';letter-spacing:0px;word-spacing:0px;fill:#ffffff;fill-opacity:0.498039;stroke-width:0.506073">
    <path
       d="m 9.9797537,120.50608 q 0.020243,0.0607 0.060728,0.0607 h 0.101215 q 0,0.0202 0.04049,0.0202 h 0.06073 q 0.384616,0 0.465587,0 0.101215,-0.0202 0.283401,-0.081 0.06073,0 0.364372,-0.0607 0.04049,0 0.202429,-0.0405 l 0.182186,-0.0607 q 0.08097,-0.0202 0.161943,-0.0405 0.101215,-0.0202 0.202429,-0.0405 0.08097,0 0.364372,-0.0607 0.303644,-0.081 0.728745,-0.081 -0.101215,0.10122 -0.182186,0.16195 -0.08097,0.0405 -0.303644,0.22267 -0.202429,0.1417 -0.2834,0.16194 -0.06073,0.0203 -0.242915,0.18219 -0.364372,0.26316 -0.607287,0.46559 -0.242915,0.18218 -0.384615,0.2834 -0.546559,0.52631 -0.748988,0.9919 -0.04049,0.0405 -0.06073,0.10121 0,0.0607 -0.04049,0.16195 -0.121458,0.4251 -0.121458,0.38461 0,0.0405 -0.06073,0.1417 -0.04049,0.081 -0.101215,0.24292 v 0.46558 q 0,0.081 0,0.20243 0.02024,0.10122 0.04049,0.24292 v 0.48583 q 0,0.18218 0.02024,0.22267 v 0.80971 q 0,0.0203 0,0.18219 0,0.1417 -0.02024,0.4251 -0.02024,0.34413 -0.06073,0.87045 -0.040485,0.50607 -0.080971,1.19433 -0.060729,0.91093 -0.060729,0.89068 v 0.1417 q -0.020243,0.0405 -0.020243,0.16195 v 0.1417 q -0.020243,0.0405 -0.020243,0.1417 -0.1821861,0.60729 -0.4655867,1.01214 -0.020243,0.0607 -0.6477729,0.91093 -0.040486,0.0405 -0.040486,0.0607 l -0.060729,0.0607 q -0.040486,0.0405 -0.080972,0.12146 0.8704448,-0.54656 1.5182174,-1.2753 0.647773,-0.74899 0.789473,-1.78138 v -5.10121 q 0,-2.1255 3.502022,-3.68421 0.06073,-0.0202 0.1417,-0.0607 0.08097,-0.0405 0.182187,-0.081 0.263157,-0.12146 0.506072,-0.18218 0.242915,-0.081 0.465587,-0.16195 h 0.101214 q 0.04049,0 0.06073,-0.0202 h 0.121457 q 0.04049,0 0.06073,-0.0202 h 0.222672 q 0.02024,0.0202 0.06073,0.0202 1.012145,0.18219 1.842104,1.2753 0.02024,0.081 0.02024,0.10122 0.02024,0.0202 0.04049,0.0607 v 0.0607 q 0,0.0405 0.04049,0.24292 v 0.26316 q 0,0.0607 0.02024,0.12145 v 0.10122 q 0,1.09312 -0.688258,1.9838 -0.404859,0.52632 -1.477732,1.59919 l -0.08097,0.081 q -0.02024,0 -0.04049,0.0203 l -0.04049,0.0405 h 0.1417 q 0.02024,0.0203 0.1417,0.0203 0.101215,0.0202 0.182186,0.0405 0.08097,0 0.121458,0 2.02429,0.40486 2.246962,1.94332 v 4.06882 l -1.88259,0.44535 q -0.303644,0.1417 -0.76923,0.36437 -0.445344,0.20243 -1.032388,0.48583 -0.404858,0.22267 -0.829959,0.46558 -0.425101,0.24292 -0.870445,0.52632 l -2.550605,-0.82996 q -0.101215,0.0202 -0.242915,0.0202 -0.121458,-0.0202 -0.283401,-0.0405 -0.4251008,-0.0405 -0.5465582,-0.0405 -0.1214574,0 -0.1417003,-0.0202 H 8.8056654 q -0.020243,0.0202 -0.1417003,0.0202 -1.0526308,0.0607 -2.0647759,0.64778 -0.060729,0.12145 -0.1012145,0.1417 -0.020243,0.0202 -0.1619432,0.30364 -0.080972,0.1417 -0.080972,0.30364 0,-0.0607 0.1214574,0.54656 0,0.0405 0.040486,0.10122 0.040486,0.0607 0.040486,0.10121 0.040486,0.0607 0.060729,0.1417 0.040486,0.10122 0.080972,0.20243 -0.1012145,0.2834 -0.3036435,0.36437 -0.040486,0.0405 -0.1012145,0.0405 -0.040486,0 -0.060729,0.0202 h -0.080972 q -0.020243,-0.0202 -0.060729,-0.0202 h -0.040486 q -0.020243,-0.0203 -0.040486,-0.0203 -0.4858296,-0.22267 -0.4858296,-0.68825 v -0.081 q -0.020243,-0.0202 -0.020243,-0.0405 v -0.081 q -0.020243,-0.0202 -0.020243,-0.0405 v -0.0405 q 0,-0.62753 0.3643722,-1.09312 0.020243,-0.0405 0.1214574,-0.1417 0.1012145,-0.10122 0.2631577,-0.30365 0.080972,-0.081 0.1821861,-0.18218 0.1012145,-0.12146 0.2429148,-0.2834 l 0.5060726,-0.50607 q 0.2226719,-0.22268 0.404858,-0.46559 0.040486,-0.10122 0.1012145,-0.16194 0.060729,-0.0607 0.060729,-0.10122 0.080972,-0.12146 0.1214574,-0.26316 0.060729,-0.1417 0.1214574,-0.34413 0.040486,-0.10121 0.040486,-0.1417 0,-0.0405 0.020243,-0.12145 v -0.1417 q -0.020243,-0.0203 -0.020243,-0.0607 v -0.0607 q -0.040486,-0.0405 -0.040486,-0.10122 0,-0.0607 -0.060729,-0.12145 -0.020243,-0.0405 -0.080972,-0.12146 -0.040486,-0.081 -0.2631577,-0.18219 h -0.080972 q -0.040486,0 -0.080972,-0.0202 H 7.1457476 q -0.020243,0 -0.040486,-0.0202 H 7.064776 q -0.2631577,0 -0.62753,0.1417 -0.1012145,0.0405 -0.2429148,0.1417 -0.1417003,0.081 -0.3441293,0.22267 l -0.080972,-0.081 q -0.020243,0 -0.020243,-0.0405 v -0.1417 q -0.020243,0 -0.020243,-0.0405 v -0.16195 q 0,-0.0202 0.020243,-0.0405 v -0.12146 q 0,-0.0202 0.020243,-0.0405 v -0.0405 q 0.2834006,-0.52632 0.7489873,-0.78947 0.4858297,-0.32389 1.0728738,-0.36438 0.040486,0 0.060729,-0.0202 h 0.202429 l 0.1214574,-0.0405 q 0,0.0203 0.020243,0 v -0.0405 q 0,-0.0202 0.020243,-0.0405 0.020243,-0.0405 0.020243,-0.0607 v -0.081 q 0,-0.0202 0.020243,-0.0405 v -0.0405 q 0,-0.18219 -0.1012145,-0.36437 -0.1012145,-0.18219 -0.2631577,-0.34413 -0.1417003,-0.18219 -0.3238864,-0.32389 -0.1821861,-0.1417 -0.3643722,-0.20243 -0.020243,-0.0202 -0.1619432,-0.0607 0.020243,0 -0.1417004,-0.0405 -0.1012145,-0.0202 -0.1619432,-0.0202 -0.060729,-0.0203 -0.1012145,-0.0203 -0.5060725,0.0607 -1.1133595,0.34413 -0.040486,0.0405 -0.1214574,0.0607 -0.040486,0 -0.1821861,0.10122 -0.1214574,0.081 -0.2226719,0.081 l -0.040486,-0.12146 q 0,-1.2753 1.8825897,-1.88259 0.060729,-0.0202 0.222672,-0.0607 0,0 0.202429,-0.0405 0.080972,-0.0203 0.202429,-0.0405 0.1417003,-0.0202 0.202429,-0.0202 v -0.12146 q 0,-0.0405 0.020243,-0.0607 v -0.0607 q 0.020243,-0.10121 0.040486,-0.26316 0.020243,-0.18218 0.060729,-0.40485 0.1417003,-0.87045 0.8502018,-1.82186 l 1.6801608,-1.33604 q -0.101215,0.10122 -0.3846151,0.18219 -0.1214574,0.0202 -0.3846151,0.12146 -0.1821861,0.0405 -0.4048581,0.0607 -0.1012145,0.0202 -0.3846151,0.0202 H 8.3805645 q -0.060729,0 -0.1012145,-0.0202 h -0.080972 q -0.060729,0 -0.1012145,-0.0202 H 7.9959494 q -0.1619432,0 -0.2226719,-0.0405 -0.060729,-0.0405 -0.1619432,-0.0607 -0.1012145,-0.0405 -0.1214574,-0.0405 -0.020243,-0.0202 -0.060729,-0.0405 h -0.060729 q -0.1821861,-0.0607 -0.3238864,-0.081 -0.1214574,-0.0405 -0.2226719,-0.0607 -0.2429149,-0.0607 -0.5060726,-0.0607 -0.3036435,0 -0.6680157,0.1417 -0.3643722,0.22267 -0.5870441,0.48583 -0.060729,0.0607 -0.1012145,0.12146 -0.040486,0.0607 -0.1012145,0.26315 -0.040486,0.0405 -0.060729,0.12146 -0.040486,0 -0.040486,-0.0405 v -0.0202 q -0.020243,0 -0.020243,-0.0202 -0.1012145,-0.34413 -0.1012145,-0.34413 0,-0.20243 0.060729,-0.30364 v -0.0607 l 0.040486,-0.12146 q 0,0.0202 0.060729,-0.16194 0.040486,-0.0405 0.080972,-0.12146 0.040486,-0.10121 0.1012145,-0.20243 0.020243,-0.081 0.2226719,-0.30364 0.060729,-0.0607 0.1619432,-0.16195 0.1012145,-0.12145 0.1012145,-0.16194 0.040486,-0.0405 0.080972,-0.10121 0.060729,-0.0607 0.1417003,-0.1417 0.3643722,-0.20243 0.7894731,-0.36438 0.4453439,-0.16194 0.8704448,-0.16194 h 0.040486 q 0.020243,0.0202 0.060729,0.0202 H 7.672063 q 0.020243,0.0203 0.060729,0.0203 h 0.1214574 v -0.0405 z m 5.3238833,10.12145 q -0.101215,0.0202 -0.242915,0.0405 -0.121458,0.0202 -0.323887,0.0607 -0.1417,0.0405 -0.2834,0.081 -0.121458,0.0202 -0.242915,0.0607 v 1.41701 l 1.093117,0.38461 1.133602,-0.50607 v -1.29555 q -0.04049,0 -0.283401,-0.0607 -0.08097,0 -0.2834,-0.0607 -0.242915,-0.081 -0.566801,-0.081 z m -0.809716,-9.49392 q -0.526316,0.12146 -0.809716,0.40486 -0.384616,0.38461 -0.566802,0.76923 -0.02024,0.0405 -0.101214,0.22267 -0.06073,0.16194 -0.06073,0.26316 v 5.72874 q 0,1.29554 -0.91093,2.08502 -0.910931,0.78947 -1.983805,1.29554 0.141701,0 0.182186,-0.0202 h 0.182187 q 0.08097,0 0.161943,0 0.101214,-0.0202 0.202429,-0.0405 h 0.344129 q 0.1417,0 0.182186,-0.0202 h 0.546558 q 0.08097,0 0.161944,0 0.101214,0 0.202429,0.0202 0.04049,0 0.121457,0.0203 0.101215,0 0.263158,0.0202 0.121457,0.0202 0.202429,0.0202 0.101214,0 0.182186,0 h 0.06073 q 0.02024,0.0203 0.08097,0.0203 h 0.161943 q 0.161944,0.0405 0.202429,0.0405 h 0.242915 v -7.53036 h 0.465587 v 2.12551 q 0.748987,-0.36438 1.376517,-1.23482 0.587044,-0.82996 0.587044,-1.74089 0,-0.081 -0.02024,-0.16194 0,-0.081 -0.02024,-0.18219 v -0.10121 q -0.02024,-0.0405 -0.02024,-0.10122 -0.06073,-0.1417 -0.08097,-0.20243 0,-0.081 -0.02024,-0.1417 0,-0.0607 -0.04049,-0.16194 -0.02024,-0.10122 -0.121457,-0.2834 l -0.182186,-0.18219 -0.182186,-0.24291 q -0.283401,-0.2834 -0.728745,-0.58705 -0.161943,-0.0405 -0.263157,-0.0607 z m -0.283401,9.1093 q 0.182186,0 0.546558,-0.0405 0.364373,-0.0405 0.546559,-0.0405 h 0.182186 q 0.04049,0.0203 0.202429,0.0203 0.2834,0.0405 0.404858,0.0607 0.121457,0.0203 0.182186,0.0203 h 0.08097 q 0.02024,0.0202 0.08097,0.0202 v -1.45749 q -0.08097,0.081 -0.202429,0.081 h -0.101214 q -0.04049,0.0203 -0.101215,0.0203 h -0.101214 q -0.04049,0.0202 -0.101215,0.0202 h -0.202429 q -0.323886,0 -0.425101,-0.0202 l -0.425101,-0.0607 q -0.263158,0 -0.566801,-0.081 z m 0,-2.93522 v 0.89069 q 0.04049,0.081 0.08097,0.081 0.04049,0 0.1417,0.0405 0.344129,0.10121 0.344129,0.10121 0.445344,0.10122 0.566801,0.10122 0.161944,0 0.222672,-0.0203 -0.02024,0 0.526316,-0.1417 0.121457,-0.081 0.242915,-0.12145 v -0.4251 q 0,-0.36438 -0.283401,-0.82996 -0.222672,-0.36437 -0.708502,-0.46559 v -0.0405 z"
       id="path3392" />
  </g>
  <text
     xml:space="preserve"
     style="font-size:40px;line-height:1.25;font-family:'DS Cloister Black';-inkscape-font-specification:'DS Cloister Black, ';letter-spacing:0px;word-spacing:0px"
     x="132.58252"
     y="44.194176"
     id="text992"><tspan
       sodipodi:role="line"
       id="tspan990"></tspan></text>
  <g
     aria-label="B"
     id="text911-3"
     style="font-size:20.2429px;line-height:1.25;font-family:'DS Cloister Black';-inkscape-font-specification:'DS Cloister Black, ';letter-spacing:0px;word-spacing:0px;fill:#ffffff;fill-opacity:0.498039;stroke-width:0.506073">
    <path
       d="m 84.979753,5.5060734 q 0.02024,0.060729 0.06073,0.060729 h 0.101215 q 0,0.020243 0.04049,0.020243 h 0.06073 q 0.384616,0 0.465587,0 0.101215,-0.020243 0.283401,-0.080972 0.06073,0 0.364372,-0.060729 0.04049,0 0.202429,-0.040486 l 0.182186,-0.060729 q 0.08097,-0.020243 0.161943,-0.040486 0.101215,-0.020243 0.202429,-0.040486 0.08097,0 0.364373,-0.060729 0.303643,-0.080972 0.728744,-0.080972 -0.101215,0.1012145 -0.182186,0.1619433 -0.08097,0.040486 -0.303644,0.2226719 -0.202429,0.1417003 -0.2834,0.1619432 -0.06073,0.020243 -0.242915,0.1821861 -0.364372,0.2631577 -0.607287,0.4655867 -0.242915,0.1821861 -0.384615,0.2834006 -0.546559,0.5263154 -0.748988,0.9919021 -0.04049,0.040486 -0.06073,0.1012146 0,0.060729 -0.04049,0.1619432 -0.121457,0.4251009 -0.121457,0.3846151 0,0.040486 -0.06073,0.1417003 -0.04049,0.080972 -0.101215,0.2429148 v 0.4655867 q 0,0.080972 0,0.202429 0.02024,0.1012145 0.04049,0.2429148 V 10.02024 q 0,0.182186 0.02024,0.222672 v 0.809716 q 0,0.02024 0,0.182186 0,0.141701 -0.02024,0.425101 -0.02024,0.34413 -0.06073,0.870445 -0.04049,0.506072 -0.08097,1.194331 -0.06073,0.910931 -0.06073,0.890688 v 0.1417 q -0.02024,0.04049 -0.02024,0.161943 v 0.141701 q -0.02024,0.04049 -0.02024,0.1417 -0.182186,0.607287 -0.465586,1.012145 -0.02024,0.06073 -0.647773,0.91093 -0.04049,0.04049 -0.04049,0.06073 l -0.06073,0.06073 q -0.04049,0.04049 -0.08097,0.121457 0.870444,-0.546558 1.518217,-1.275302 0.647773,-0.748988 0.789473,-1.781376 V 9.2105242 q 0,-2.1255046 3.502022,-3.6842079 0.06073,-0.020243 0.141701,-0.060729 0.08097,-0.040486 0.182186,-0.080972 0.263157,-0.1214574 0.506072,-0.1821862 0.242915,-0.080972 0.465587,-0.1619432 h 0.101214 q 0.04049,0 0.06073,-0.020243 h 0.121457 q 0.04049,0 0.06073,-0.020243 h 0.222672 q 0.02024,0.020243 0.06073,0.020243 1.012145,0.1821861 1.842104,1.2753028 0.02024,0.080972 0.02024,0.1012145 0.02024,0.020243 0.04049,0.060729 v 0.060729 q 0,0.040486 0.04049,0.2429148 v 0.2631577 q 0,0.060729 0.02024,0.1214574 v 0.1012145 q 0,1.0931167 -0.688258,1.9838043 -0.404858,0.5263154 -1.477732,1.5991889 l -0.08097,0.08097 q -0.02024,0 -0.04049,0.02024 l -0.04048,0.04049 h 0.1417 q 0.02024,0.02024 0.1417,0.02024 0.101215,0.02024 0.182186,0.04049 0.08097,0 0.121458,0 2.02429,0.404858 2.246962,1.943319 v 4.068823 l -1.88259,0.445344 q -0.303644,0.1417 -0.76923,0.364372 -0.445344,0.202429 -1.032388,0.485829 -0.404858,0.222672 -0.829959,0.465587 -0.425101,0.242915 -0.870445,0.526316 l -2.550605,-0.829959 q -0.101215,0.02024 -0.242915,0.02024 -0.121458,-0.02024 -0.283401,-0.04049 -0.425101,-0.04049 -0.546558,-0.04049 -0.121458,0 -0.1417,-0.02024 h -0.809717 q -0.02024,0.02024 -0.1417,0.02024 -1.052631,0.06073 -2.064776,0.647773 -0.06073,0.121457 -0.101214,0.1417 -0.02024,0.02024 -0.161943,0.303644 -0.08097,0.1417 -0.08097,0.303643 0,-0.06073 0.121457,0.546558 0,0.04049 0.04049,0.101215 0.04049,0.06073 0.04049,0.101214 0.04049,0.06073 0.06073,0.141701 0.04048,0.101214 0.08097,0.202429 -0.101214,0.2834 -0.303643,0.364372 -0.04049,0.04049 -0.101215,0.04049 -0.04049,0 -0.06073,0.02024 h -0.08097 q -0.02024,-0.02024 -0.06073,-0.02024 h -0.04049 q -0.02024,-0.02024 -0.04049,-0.02024 Q 80.4251,21.093107 80.4251,20.62752 v -0.08097 q -0.02024,-0.02024 -0.02024,-0.04049 v -0.08097 q -0.02024,-0.02024 -0.02024,-0.04049 v -0.04049 q 0,-0.62753 0.364372,-1.093117 0.02024,-0.04049 0.121458,-0.1417 0.101214,-0.101215 0.263158,-0.303644 0.08097,-0.08097 0.182186,-0.182186 0.101214,-0.121457 0.242914,-0.283401 L 82.064775,17.834 q 0.222672,-0.222672 0.404858,-0.465587 0.04049,-0.101214 0.101215,-0.161943 0.06073,-0.06073 0.06073,-0.101214 0.08097,-0.121458 0.121458,-0.263158 0.06073,-0.1417 0.121457,-0.344129 0.04049,-0.101215 0.04049,-0.141701 0,-0.04049 0.02024,-0.121457 v -0.1417 q -0.02024,-0.02024 -0.02024,-0.06073 v -0.06073 q -0.04049,-0.04049 -0.04049,-0.101214 0,-0.06073 -0.06073,-0.121458 -0.02024,-0.04049 -0.08097,-0.121457 -0.04049,-0.08097 -0.263158,-0.182186 h -0.08097 q -0.04049,0 -0.08097,-0.02024 h -0.161943 q -0.02024,0 -0.04049,-0.02024 h -0.04049 q -0.263158,0 -0.62753,0.1417 -0.101214,0.04049 -0.242915,0.1417 -0.1417,0.08097 -0.344129,0.222672 l -0.08097,-0.08097 q -0.02024,0 -0.02024,-0.04049 v -0.1417 q -0.02024,0 -0.02024,-0.04049 v -0.161943 q 0,-0.02024 0.02024,-0.04049 v -0.121458 q 0,-0.02024 0.02024,-0.04049 v -0.04049 q 0.283401,-0.526316 0.748988,-0.789473 0.485829,-0.323887 1.072873,-0.364372 0.04049,0 0.06073,-0.02024 h 0.202429 l 0.121458,-0.04049 q 0,0.02024 0.02024,0 v -0.04049 q 0,-0.02024 0.02024,-0.04049 0.02024,-0.04049 0.02024,-0.06073 v -0.08097 q 0,-0.02024 0.02024,-0.04049 v -0.04049 q 0,-0.182186 -0.101214,-0.364372 -0.101215,-0.182186 -0.263158,-0.344129 -0.1417,-0.182186 -0.323886,-0.323887 -0.182187,-0.1417 -0.364373,-0.202429 -0.02024,-0.02024 -0.161943,-0.06073 0.02024,0 -0.1417,-0.04049 -0.101215,-0.02024 -0.161943,-0.02024 -0.06073,-0.02024 -0.101215,-0.02024 -0.506072,0.06073 -1.113359,0.344129 -0.04049,0.04049 -0.121458,0.06073 -0.04049,0 -0.182186,0.101215 -0.121457,0.08097 -0.222672,0.08097 l -0.04049,-0.121457 q 0,-1.275303 1.88259,-1.88259 0.06073,-0.02024 0.222672,-0.06073 0,0 0.202429,-0.04049 0.08097,-0.02024 0.202429,-0.04049 0.1417,-0.02024 0.202429,-0.02024 v -0.121458 q 0,-0.04049 0.02024,-0.06073 v -0.06073 q 0.02024,-0.101215 0.04049,-0.263158 0.02024,-0.182186 0.06073,-0.4048578 0.141701,-0.8704447 0.850202,-1.821861 l 1.680161,-1.3360315 q -0.101214,0.1012145 -0.384615,0.1821861 -0.121457,0.020243 -0.384615,0.1214574 -0.182186,0.040486 -0.404858,0.060729 -0.101215,0.020243 -0.384615,0.020243 h -0.182186 q -0.06073,0 -0.101215,-0.020243 h -0.08097 q -0.06073,0 -0.101214,-0.020243 h -0.101215 q -0.161943,0 -0.222671,-0.040486 -0.06073,-0.040486 -0.161944,-0.060729 -0.101214,-0.040486 -0.121457,-0.040486 -0.02024,-0.020243 -0.06073,-0.040486 h -0.06073 q -0.182187,-0.060729 -0.323887,-0.080972 -0.121457,-0.040486 -0.222672,-0.060729 -0.242915,-0.060729 -0.506072,-0.060729 -0.303644,0 -0.668016,0.1417003 -0.364372,0.2226719 -0.587044,0.4858296 -0.06073,0.060729 -0.101215,0.1214574 -0.04049,0.060729 -0.101214,0.2631577 -0.04049,0.040486 -0.06073,0.1214575 -0.04049,0 -0.04049,-0.040486 v -0.020243 q -0.02024,0 -0.02024,-0.020243 -0.101214,-0.3441294 -0.101214,-0.3441294 0,-0.202429 0.06073,-0.3036435 v -0.060729 l 0.04049,-0.1214574 q 0,0.020243 0.06073,-0.1619432 0.04049,-0.040486 0.08097,-0.1214574 0.04049,-0.1012145 0.101214,-0.202429 0.02024,-0.080972 0.222672,-0.3036435 0.06073,-0.060729 0.161943,-0.1619432 0.101215,-0.1214574 0.101215,-0.1619432 0.04049,-0.040486 0.08097,-0.1012145 0.06073,-0.060729 0.141701,-0.1417003 0.364372,-0.202429 0.789473,-0.3643723 0.445344,-0.1619432 0.870445,-0.1619432 h 0.04049 q 0.02024,0.020243 0.06073,0.020243 h 0.222672 q 0.02024,0.020243 0.06073,0.020243 h 0.121457 V 4.959515 Z m 5.323883,10.1214506 q -0.101215,0.02024 -0.242915,0.04049 -0.121458,0.02024 -0.323887,0.06073 -0.1417,0.04049 -0.2834,0.08097 -0.121458,0.02024 -0.242915,0.06073 v 1.417003 l 1.093117,0.384615 1.133602,-0.506073 v -1.295545 q -0.04049,0 -0.283401,-0.06073 -0.08097,0 -0.2834,-0.06073 -0.242915,-0.08097 -0.566801,-0.08097 z M 89.49392,6.1336033 q -0.526316,0.1214574 -0.809716,0.404858 -0.384616,0.3846151 -0.566802,0.7692302 -0.02024,0.040486 -0.101214,0.2226719 -0.06073,0.1619433 -0.06073,0.2631578 v 5.7287408 q 0,1.295546 -0.91093,2.085019 -0.910931,0.789473 -1.983805,1.295546 0.141701,0 0.182186,-0.02024 h 0.182187 q 0.08097,0 0.161943,0 0.101214,-0.02024 0.202429,-0.04049 h 0.344129 q 0.1417,0 0.182186,-0.02024 h 0.546559 q 0.08097,0 0.161943,0 0.101214,0 0.202429,0.02024 0.04049,0 0.121457,0.02024 0.101215,0 0.263158,0.02024 0.121457,0.02024 0.202429,0.02024 0.101214,0 0.182186,0 h 0.06073 q 0.02024,0.02024 0.08097,0.02024 h 0.161943 q 0.161944,0.04049 0.202429,0.04049 h 0.242915 V 9.4331961 h 0.465587 v 2.1255049 q 0.748987,-0.364373 1.376517,-1.234817 0.587044,-0.8299592 0.587044,-1.7408897 0,-0.080972 -0.02024,-0.1619432 0,-0.080972 -0.02024,-0.1821861 V 8.1376505 q -0.02024,-0.040486 -0.02024,-0.1012145 -0.06073,-0.1417003 -0.08097,-0.202429 0,-0.080972 -0.02024,-0.1417003 0,-0.060729 -0.04049,-0.1619433 -0.02024,-0.1012145 -0.121457,-0.2834006 L 90.668008,7.0647767 90.485822,6.8218619 Q 90.202421,6.5384613 89.757077,6.2348178 89.595134,6.194332 89.49392,6.1740891 Z m -0.283401,9.1093057 q 0.182186,0 0.546558,-0.04049 0.364373,-0.04049 0.546559,-0.04049 h 0.182186 q 0.04049,0.02024 0.202429,0.02024 0.2834,0.04049 0.404858,0.06073 0.121457,0.02024 0.182186,0.02024 h 0.08097 q 0.02024,0.02024 0.08097,0.02024 v -1.457488 q -0.08097,0.08097 -0.202429,0.08097 h -0.101214 q -0.04049,0.02024 -0.101215,0.02024 h -0.101214 q -0.04049,0.02024 -0.101215,0.02024 h -0.202429 q -0.323886,0 -0.425101,-0.02024 l -0.425101,-0.06073 q -0.263157,0 -0.566801,-0.08097 z m 0,-2.935221 v 0.890688 q 0.04049,0.08097 0.08097,0.08097 0.04049,0 0.1417,0.04049 0.344129,0.101215 0.344129,0.101215 0.445344,0.101214 0.566801,0.101214 0.161944,0 0.222672,-0.02024 -0.02024,0 0.526316,-0.1417 0.121457,-0.08097 0.242915,-0.121458 v -0.4251 q 0,-0.364373 -0.283401,-0.829959 -0.222672,-0.364373 -0.708502,-0.465587 v -0.04049 z"
       id="path3395" />
  </g>
</svg>
