<?xml version="1.0" encoding="UTF-8" standalone="no"?>
<svg
   width="100px"
   height="140px"
   viewbox="0 0 100 140"
   version="1.1"
   id="svg47"
   sodipodi:docname="card-mortar-a.svg"
   inkscape:export-filename="card-back.png"
   inkscape:export-xdpi="96"
   inkscape:export-ydpi="96"
   inkscape:version="1.2.2 (732a01da63, 2022-12-09)"
   xmlns:inkscape="http://www.inkscape.org/namespaces/inkscape"
   xmlns:sodipodi="http://sodipodi.sourceforge.net/DTD/sodipodi-0.dtd"
   xmlns="http://www.w3.org/2000/svg"
   xmlns:svg="http://www.w3.org/2000/svg">
  <defs
     id="defs51" />
  <sodipodi:namedview
     id="namedview49"
     pagecolor="#ffffff"
     bordercolor="#666666"
     borderopacity="1.0"
     inkscape:showpageshadow="2"
     inkscape:pageopacity="0.0"
     inkscape:pagecheckerboard="0"
     inkscape:deskcolor="#d1d1d1"
     showgrid="false"
     inkscape:zoom="5.6568542"
     inkscape:cx="45.873552"
     inkscape:cy="69.296465"
     inkscape:window-width="1920"
     inkscape:window-height="1017"
     inkscape:window-x="-8"
     inkscape:window-y="-8"
     inkscape:window-maximized="1"
     inkscape:current-layer="svg47" />
  <path
     id="rect2"
     style="opacity:1;fill:#204080;stroke:#000000"
     d="m 4.5,0.5 h 91 c 2.216,0 4,1.784 4,4 v 131 c 0,2.216 -1.784,4 -4,4 h -91 c -2.216,0 -4,-1.784 -4,-4 V 4.5 c 0,-2.216 1.784,-4 4,-4 z" />
  <g
     class=""
     id="g12849"
     transform="matrix(0.05296076,0,0,0.04772729,1.9420457,3.2818118)"
     style="fill:#ffffff;fill-opacity:1">
    <path
       d="m 458.98047,314.22782 c 0,92.04912 -91.04738,167.01023 -202.98048,167.01023 -111.93309,0 -202.980466,-74.91178 -202.980466,-167.01023 a 140.04383,140.04339 0 0 1 11.425867,-55.23891 c 7.468715,21.48978 25.878851,41.0082 53.670159,56.35866 35.26197,19.49697 81.94767,30.23757 131.44068,30.23757 49.49399,0 96.17969,-10.7406 131.44185,-30.23328 35.26196,-19.49697 55.58262,-45.87119 57.29539,-74.442 a 142.38119,142.38074 0 0 1 20.687,73.3201 z M 420.67167,60.020715 C 407.37239,48.422066 392.52717,39.026454 379.91068,34.247133 368.42875,29.881819 359.61263,29.609389 355.74267,33.47489 l -0.56642,0.514829 -5.33413,4.530487 a 8.4495,8.449473 0 0 0 -1.0497,11.802434 27.202619,27.202532 0 0 1 -0.50648,35.308628 L 175.30521,283.77144 a 59.489476,59.489286 0 0 0 -14.019,29.60691 c 26.6467,8.73492 56.99943,13.32547 88.30753,13.32547 9.86659,0 19.79021,-0.47193 29.57483,-1.39433 L 392.37639,131.24075 a 27.294763,27.294676 0 0 1 38.20034,-9.29909 l 0.69593,0.42903 a 8.438238,8.4382111 0 0 0 11.30602,-2.14512 l 8.17818,-11.17606 c 4.99196,-6.63056 -5.07509,-27.270873 -30.08152,-49.056682 z M 268.97992,147.8225 a 317.15571,317.15471 0 0 0 -19.34288,-0.60063 c -46.35494,0 -89.79411,9.90186 -122.30617,27.87365 -30.742071,16.99362 -47.676829,38.9446 -47.676829,61.87376 0,22.92701 16.933791,44.84153 47.676829,61.87161 5.08611,2.81011 10.46741,5.4057 16.06039,7.81252 a 78.219048,78.218799 0 0 1 17.70164,-35.29576 z m 102.96445,151.05271 c 30.74207,-16.99361 47.67683,-38.94245 47.67683,-61.87161 0,-19.62782 -12.44947,-38.56706 -35.40327,-54.28648 l -81.34588,139.37041 c 25.81023,-4.53049 49.41125,-12.4138 69.01298,-23.24664 z"
       fill="#000000"
       fill-opacity="1"
       id="path12847-8"
       style="fill:#000000;fill-opacity:1;stroke-width:1.02381" />
    <path
       d="M 454.26,312.874 C 454.26,402.782 365.33,476 256,476 146.67,476 57.74,402.83 57.74,312.874 A 136.787,136.787 0 0 1 68.9,258.918 c 7.295,20.99 25.277,40.055 52.422,55.05 34.442,19.043 80.042,29.533 128.384,29.533 48.343,0 93.943,-10.49 128.385,-29.53 34.442,-19.043 54.29,-44.805 55.963,-72.71 a 139.07,139.07 0 0 1 20.206,71.614 z M 416.842,64.578 c -12.99,-11.33 -27.49,-20.506 -39.813,-25.174 -11.215,-4.265 -19.826,-4.53 -23.606,-0.75 l -0.554,0.508 -5.21,4.426 a 8.253,8.253 0 0 0 -1.026,11.527 26.57,26.57 0 0 1 -0.495,34.487 L 177.18,283.135 a 58.106,58.106 0 0 0 -13.693,28.92 c 26.027,8.53 55.674,13.015 86.254,13.015 9.637,0 19.33,-0.46 28.887,-1.36 L 389.203,134.153 a 26.66,26.66 0 0 1 37.312,-9.083 l 0.68,0.427 a 8.242,8.242 0 0 0 11.043,-2.087 l 7.988,-10.916 c 4.876,-6.478 -4.957,-26.638 -29.382,-47.916 z m -148.164,85.76 a 309.78,309.78 0 0 0 -18.893,-0.59 c -45.277,0 -87.706,9.672 -119.462,27.227 -30.027,16.598 -46.568,38.038 -46.568,60.434 0,22.395 16.54,43.8 46.568,60.434 4.968,2.743 10.224,5.28 15.687,7.63 a 76.4,76.4 0 0 1 17.29,-34.476 z m 100.57,147.54 c 30.027,-16.598 46.568,-38.038 46.568,-60.434 0,-19.17 -12.16,-37.67 -34.58,-53.023 l -79.454,136.13 c 25.21,-4.425 48.262,-12.125 67.408,-22.706 z"
       fill="#000000"
       fill-opacity="1"
       id="path12847"
       style="fill:#ffffff;fill-opacity:1" />
  </g>
  <g
     class=""
     id="g12849-7"
     transform="matrix(0.05296076,0,0,0.04772729,1.9420457,29.281812)"
     style="fill:#ffffff;fill-opacity:1">
    <path
       d="m 458.98047,314.22782 c 0,92.04912 -91.04738,167.01023 -202.98048,167.01023 -111.93309,0 -202.980466,-74.91178 -202.980466,-167.01023 a 140.04383,140.04339 0 0 1 11.425867,-55.23891 c 7.468715,21.48978 25.878851,41.0082 53.670159,56.35866 35.26197,19.49697 81.94767,30.23757 131.44068,30.23757 49.49399,0 96.17969,-10.7406 131.44185,-30.23328 35.26196,-19.49697 55.58262,-45.87119 57.29539,-74.442 a 142.38119,142.38074 0 0 1 20.687,73.3201 z M 420.67167,60.020715 C 407.37239,48.422066 392.52717,39.026454 379.91068,34.247133 368.42875,29.881819 359.61263,29.609389 355.74267,33.47489 l -0.56642,0.514829 -5.33413,4.530487 a 8.4495,8.449473 0 0 0 -1.0497,11.802434 27.202619,27.202532 0 0 1 -0.50648,35.308628 L 175.30521,283.77144 a 59.489476,59.489286 0 0 0 -14.019,29.60691 c 26.6467,8.73492 56.99943,13.32547 88.30753,13.32547 9.86659,0 19.79021,-0.47193 29.57483,-1.39433 L 392.37639,131.24075 a 27.294763,27.294676 0 0 1 38.20034,-9.29909 l 0.69593,0.42903 a 8.438238,8.4382111 0 0 0 11.30602,-2.14512 l 8.17818,-11.17606 c 4.99196,-6.63056 -5.07509,-27.270873 -30.08152,-49.056682 z M 268.97992,147.8225 a 317.15571,317.15471 0 0 0 -19.34288,-0.60063 c -46.35494,0 -89.79411,9.90186 -122.30617,27.87365 -30.742071,16.99362 -47.676829,38.9446 -47.676829,61.87376 0,22.92701 16.933791,44.84153 47.676829,61.87161 5.08611,2.81011 10.46741,5.4057 16.06039,7.81252 a 78.219048,78.218799 0 0 1 17.70164,-35.29576 z m 102.96445,151.05271 c 30.74207,-16.99361 47.67683,-38.94245 47.67683,-61.87161 0,-19.62782 -12.44947,-38.56706 -35.40327,-54.28648 l -81.34588,139.37041 c 25.81023,-4.53049 49.41125,-12.4138 69.01298,-23.24664 z"
       fill="#000000"
       fill-opacity="1"
       id="path12847-8-3"
       style="fill:#000000;fill-opacity:1;stroke-width:1.02381" />
    <path
       d="M 454.26,312.874 C 454.26,402.782 365.33,476 256,476 146.67,476 57.74,402.83 57.74,312.874 A 136.787,136.787 0 0 1 68.9,258.918 c 7.295,20.99 25.277,40.055 52.422,55.05 34.442,19.043 80.042,29.533 128.384,29.533 48.343,0 93.943,-10.49 128.385,-29.53 34.442,-19.043 54.29,-44.805 55.963,-72.71 a 139.07,139.07 0 0 1 20.206,71.614 z M 416.842,64.578 c -12.99,-11.33 -27.49,-20.506 -39.813,-25.174 -11.215,-4.265 -19.826,-4.53 -23.606,-0.75 l -0.554,0.508 -5.21,4.426 a 8.253,8.253 0 0 0 -1.026,11.527 26.57,26.57 0 0 1 -0.495,34.487 L 177.18,283.135 a 58.106,58.106 0 0 0 -13.693,28.92 c 26.027,8.53 55.674,13.015 86.254,13.015 9.637,0 19.33,-0.46 28.887,-1.36 L 389.203,134.153 a 26.66,26.66 0 0 1 37.312,-9.083 l 0.68,0.427 a 8.242,8.242 0 0 0 11.043,-2.087 l 7.988,-10.916 c 4.876,-6.478 -4.957,-26.638 -29.382,-47.916 z m -148.164,85.76 a 309.78,309.78 0 0 0 -18.893,-0.59 c -45.277,0 -87.706,9.672 -119.462,27.227 -30.027,16.598 -46.568,38.038 -46.568,60.434 0,22.395 16.54,43.8 46.568,60.434 4.968,2.743 10.224,5.28 15.687,7.63 a 76.4,76.4 0 0 1 17.29,-34.476 z m 100.57,147.54 c 30.027,-16.598 46.568,-38.038 46.568,-60.434 0,-19.17 -12.16,-37.67 -34.58,-53.023 l -79.454,136.13 c 25.21,-4.425 48.262,-12.125 67.408,-22.706 z"
       fill="#000000"
       fill-opacity="1"
       id="path12847-1"
       style="fill:#ffffff;fill-opacity:1" />
  </g>
  <g
     aria-label="2"
     id="text299"
     style="font-size:27.7778px;line-height:1.25;font-family:'DS Cloister Black';-inkscape-font-specification:'DS Cloister Black, ';letter-spacing:0px;word-spacing:0px;fill:#ffffff;fill-opacity:0.87451;stroke-width:0.694444">
    <path
       d="m 55.416674,10.388892 v 0.277778 q 0,0.194445 0.02778,0.25 v 0.361112 q 0,0.08333 0.02778,0.138889 v 0.111111 q 0,3.166669 -3.277781,5.694449 l -3.888892,2.361113 q -1.666668,1.000001 -2.638891,2.555557 0.444445,-0.194444 0.944446,-0.361111 0.527778,-0.194445 1.138889,-0.361111 1.083335,-0.305556 2.194447,-0.416667 0.194444,0 0.277778,-0.02778 h 0.277778 q 0.194444,0 0.277778,-0.02778 h 0.638889 0.08333 q 0.05556,0 0.111112,0.02778 0.05555,0 0.166666,0 0.166667,0.02778 0.305556,0.02778 0.138889,0 0.222223,0 0.111111,0 0.194444,0.02778 0.166667,0 0.416667,0.05556 0.277778,0.05556 0.416667,0.08333 0.08333,0.02778 0.194445,0.05556 0.111111,0.02778 0.222222,0.08333 0.138889,0.02778 0.361111,0.08333 0.777779,0.222222 1.583335,0.583334 l -2.166668,2.527779 -2.694447,-0.916667 -3.222225,-0.111111 q -0.08333,0.02778 -0.333333,0.08333 -0.222223,0.05556 -0.611112,0.166667 -0.333333,0.08333 -0.472222,0.08333 -0.02778,0 -0.111112,0.02778 -0.08333,0.02778 -0.361111,0.08333 -0.166667,0.02778 -0.944445,0.25 -0.25,0.111111 -0.63889,0.138889 -0.05555,0.02778 -0.166666,0.05556 -0.08333,0.02778 -0.138889,0.02778 0.333333,-2.000001 1.611112,-3.444447 0.638889,-0.722223 1.305557,-1.38889 0.666667,-0.694445 1.361112,-1.333334 l 0.08333,-0.08333 0.08333,-0.08333 q 0.361111,-0.305556 0.861111,-0.805556 0.500001,-0.500001 1.13889,-1.13889 0.472223,-0.527778 0.88889,-1.055556 0.416667,-0.555556 0.75,-1.166668 0.02778,-0.05556 0.05556,-0.111111 0.02778,-0.05556 0.05556,-0.166667 0,0.05556 0.111111,-0.25 0.111111,-0.333334 0.138889,-0.63889 0,-0.08333 0,-0.194444 0.02778,-0.111111 0.05555,-0.25 0,-0.166667 0.02778,-0.222223 v -0.361111 q -0.02778,-0.02778 -0.02778,-0.138889 V 11.222226 Q 52.222227,10.527781 51.861116,9.8055584 51.500004,9.0833356 50.888893,8.7222242 l -4.833337,3.7777808 h -0.166667 l -1.611113,-1.583335 -0.05556,-0.416667 5.000004,-4.0000028 z"
       id="path3361" />
  </g>
  <g
     aria-label="A"
     id="text911"
     style="font-size:20.2429px;line-height:1.25;font-family:'DS Cloister Black';-inkscape-font-specification:'DS Cloister Black, ';letter-spacing:0px;word-spacing:0px;fill:#ffffff;fill-opacity:0.498039;stroke-width:0.506073">
    <path
       d="m 16.963554,120.08098 q -0.344129,0.34413 -0.91093,1.03239 -0.404858,0.52631 -0.546558,1.17408 v 9.12955 q 0.161943,0.60729 0.587044,1.03239 l 0.668015,-0.52631 0.384616,0.40485 -2.327934,2.00405 q -0.02024,-0.0202 -0.04049,-0.0202 h -0.06073 q -0.202429,-0.0405 -0.303643,-0.10122 -0.08097,-0.0607 -0.242915,-0.12145 -0.850202,-0.97166 -1.052631,-2.08502 L 9.9797537,134.33198 6.437246,132.4089 H 6.2550599 l -0.040486,0.0405 q -0.020243,0.0202 -0.060729,0.0202 h -0.080972 q -0.1619432,0.0405 -0.2631577,0.081 -0.080972,0.0405 -0.1214574,0.20242 v 0.0203 q -0.020243,0.0202 -0.020243,0.0405 v 0.0607 q -0.040486,0.0405 -0.040486,0.081 v 0.16195 q 0,0.0202 0.020243,0.0405 v 0.0607 q 0.020243,0.0202 0.020243,0.0405 0,0.0405 0.020243,0.081 0,0.0202 0.020243,0.0405 0.020243,0.12146 0.060729,0.30365 0.040486,0.16194 0.040486,0.24291 v 0.0405 q -0.020243,0.0202 -0.040486,0.0607 0,0.0202 -0.040486,0.0607 v 0.0405 q -0.020243,0 -0.020243,0.0202 v 0.0405 q -0.060729,0 -0.1417003,0.081 -0.1214574,0.0405 -0.1214574,0.0405 h -0.060729 q -0.020243,0 -0.040486,0.0202 h -0.040486 q -0.2226719,0 -0.3846151,-0.22267 -0.1619432,-0.16194 -0.1619432,-0.48583 0.040486,-0.1417 0.1012145,-0.30364 0.080972,-0.18219 0.1821861,-0.40486 0.1012145,-0.20243 0.3036435,-0.7085 l 2.0040472,-2.97571 q -1.0121451,-0.76923 -1.6194321,-1.86235 -0.6680157,-1.15384 -0.6680157,-2.34817 0,-0.20243 0.060729,-0.50608 0.060729,-0.44534 0.080972,-0.48583 0,0.0203 0.040486,-0.18218 0,0.10121 0.1012145,-0.34413 0,-0.0405 0.040486,-0.16194 0.5668012,-1.47774 1.8825898,-2.20648 1.2753027,-0.72875 2.753034,-0.82996 0.04049,0 0.101215,-0.0202 h 0.526315 q 0.04049,0.0202 0.202429,0.0202 h 0.222672 q 0.161944,0.0405 0.34413,0.0607 0.202429,0.0202 0.445343,0.0607 0.303644,0.0405 0.546559,0.12145 l 2.004047,0.99191 q 0.02024,0.0202 0.06073,-0.0203 l 0.08097,-0.081 q 0.526316,-0.52631 0.931174,-0.80971 0.526315,-0.38462 1.153845,-0.50608 v -0.0405 z m -9.8582922,10.78946 4.1700372,1.96357 h 0.182186 l 1.659918,-1.37652 -0.04049,-1.59919 H 7.7327917 Z m 2.4291481,-8.90687 q -1.4979747,0.1417 -2.65182,1.17409 -1.1133596,0.9919 -1.1133596,2.51012 v 0.1417 q 0.020243,0.0202 0.020243,0.0405 0,0.0405 0.020243,0.081 0,0.0405 0.020243,0.0607 v 0.081 q 0,0.0405 0.020243,0.0607 v 0.0607 q 0.202429,1.51822 1.8016182,2.65182 l 2.8340059,-4.10931 q -0.08097,0 -0.1417,-0.0607 0.02024,0 -0.1417,-0.0405 -0.141701,-0.0607 -0.182187,-0.0607 -0.040485,-0.0405 -0.1619427,-0.0607 -0.1417003,-0.0405 -0.202429,-0.0405 -0.040486,0 -0.1417003,-0.0202 H 9.3927096 q -1.0121451,0 -1.4979747,0.91093 -0.020243,-0.0607 -0.040486,-0.12146 -0.020243,-0.0607 -0.020243,-0.16194 -0.020243,-0.0202 -0.020243,-0.0607 v -0.081 q 0,-1.07287 1.5789463,-1.65992 0.1417003,-0.0607 0.404858,-0.10121 0.2834004,-0.0607 0.4048584,-0.0607 0.04048,0 0.222672,0.0405 0.202429,0.0202 0.546558,0.0607 h 0.06073 q 0,0.0203 0.04049,0.0203 h 0.06073 q 0,0.0202 0.04049,0.0202 0.161943,0.0405 0.161943,0.0405 H 11.417 q 0.02024,0.0202 0.08097,0.0202 l 0.546559,-0.7085 q -0.48583,-0.26316 -1.133603,-0.4251 -0.62753,-0.16195 -1.1740881,-0.16195 z m -0.62753,6.23481 h 4.1700381 l -0.161944,-4.47368 -0.303643,-0.72874 h -0.121458 z"
       id="path3364" />
  </g>
  <text
     xml:space="preserve"
     style="font-size:40px;line-height:1.25;font-family:'DS Cloister Black';-inkscape-font-specification:'DS Cloister Black, ';letter-spacing:0px;word-spacing:0px"
     x="132.58252"
     y="44.194176"
     id="text992"><tspan
       sodipodi:role="line"
       id="tspan990"></tspan></text>
  <g
     aria-label="A"
     id="text911-3"
     style="font-size:20.2429px;line-height:1.25;font-family:'DS Cloister Black';-inkscape-font-specification:'DS Cloister Black, ';letter-spacing:0px;word-spacing:0px;fill:#ffffff;fill-opacity:0.498039;stroke-width:0.506073">
    <path
       d="m 91.963554,5.0809724 q -0.34413,0.3441294 -0.910931,1.032388 -0.404858,0.5263154 -0.546558,1.1740882 v 9.1295484 q 0.161943,0.607287 0.587044,1.032388 l 0.668016,-0.526316 0.384615,0.404858 -2.327934,2.004048 q -0.02024,-0.02024 -0.04049,-0.02024 h -0.06073 q -0.202429,-0.04049 -0.303644,-0.101215 -0.08097,-0.06073 -0.242915,-0.121457 -0.850202,-0.971659 -1.052631,-2.085019 l -3.137649,2.327934 -3.542508,-1.923076 h -0.182186 l -0.04049,0.04049 q -0.02024,0.02024 -0.06073,0.02024 h -0.08097 q -0.161943,0.04049 -0.263158,0.08097 -0.08097,0.04049 -0.121457,0.202429 v 0.02024 q -0.02024,0.02024 -0.02024,0.04049 v 0.06073 q -0.04049,0.04049 -0.04049,0.08097 v 0.161944 q 0,0.02024 0.02024,0.04049 v 0.06073 q 0.02024,0.02024 0.02024,0.04049 0,0.04049 0.02024,0.08097 0,0.02024 0.02024,0.04049 0.02024,0.121458 0.06073,0.303644 0.04049,0.161943 0.04049,0.242915 v 0.04049 q -0.02024,0.02024 -0.04049,0.06073 0,0.02024 -0.04048,0.06073 v 0.04049 q -0.02024,0 -0.02024,0.02024 v 0.04049 q -0.06073,0 -0.141701,0.08097 -0.121457,0.04049 -0.121457,0.04049 h -0.06073 q -0.02024,0 -0.04049,0.02024 h -0.04049 q -0.222672,0 -0.384615,-0.222672 -0.161944,-0.161943 -0.161944,-0.48583 0.04049,-0.1417 0.101215,-0.303643 0.08097,-0.182187 0.182186,-0.404858 0.101214,-0.202429 0.303643,-0.708502 l 2.004048,-2.975706 q -1.012145,-0.769231 -1.619432,-1.862347 -0.668016,-1.153846 -0.668016,-2.348177 0,-0.2024288 0.06073,-0.5060723 0.06073,-0.4453438 0.08097,-0.4858296 0,0.020243 0.04049,-0.1821861 0,0.1012145 0.101214,-0.3441293 0,-0.040486 0.04049,-0.1619432 0.566801,-1.4777318 1.88259,-2.2064762 1.275303,-0.7287444 2.753035,-0.8299589 0.04048,0 0.101214,-0.020243 h 0.526315 q 0.04049,0.020243 0.202429,0.020243 h 0.222672 q 0.161944,0.040486 0.34413,0.060729 0.202429,0.020243 0.445344,0.060729 0.303643,0.040486 0.546558,0.1214574 l 2.004047,0.9919021 q 0.02024,0.020243 0.06073,-0.020243 l 0.08097,-0.080972 q 0.526316,-0.5263154 0.931174,-0.809716 0.526315,-0.3846152 1.153845,-0.5060726 V 5.0809724 Z M 82.105261,15.870439 86.275298,17.834 h 0.182186 l 1.659918,-1.376517 -0.04049,-1.599189 h -5.344126 z m 2.429148,-8.9068768 q -1.497975,0.1417003 -2.65182,1.1740883 -1.11336,0.9919021 -1.11336,2.5101195 v 0.1417 q 0.02024,0.02024 0.02024,0.04049 0,0.04049 0.02024,0.08097 0,0.04049 0.02024,0.06073 v 0.08097 q 0,0.04049 0.02024,0.06073 v 0.06073 q 0.202429,1.518217 1.801618,2.65182 l 2.834006,-4.1093093 q -0.08097,0 -0.1417,-0.060729 0.02024,0 -0.1417,-0.040486 -0.141701,-0.060729 -0.182186,-0.060729 -0.04049,-0.040486 -0.161944,-0.060729 -0.1417,-0.040486 -0.202429,-0.040486 -0.04049,0 -0.1417,-0.020243 h -0.121457 q -1.012145,0 -1.497975,0.9109309 -0.02024,-0.06073 -0.04049,-0.121458 -0.02024,-0.06073 -0.02024,-0.161943 -0.02024,-0.02024 -0.02024,-0.060729 v -0.080972 q 0,-1.0728737 1.578947,-1.6599178 0.1417,-0.060729 0.404858,-0.1012145 0.2834,-0.060729 0.404858,-0.060729 0.04048,0 0.222672,0.040486 0.202429,0.020243 0.546558,0.060729 h 0.06073 q 0,0.020243 0.04049,0.020243 h 0.06073 q 0,0.020243 0.04049,0.020243 0.161943,0.040486 0.161943,0.040486 h 0.08097 q 0.02024,0.020243 0.08097,0.020243 L 87.044529,7.5910921 Q 86.558699,7.3279344 85.910926,7.1659912 85.283396,7.004048 84.736838,7.004048 Z m -0.62753,6.2348138 h 4.170038 L 87.914973,8.7246946 87.61133,7.9959502 h -0.121458 z"
       id="path3367" />
  </g>
</svg>
