<?xml version="1.0" encoding="UTF-8" standalone="no"?>
<svg
   width="100px"
   height="140px"
   viewbox="0 0 100 140"
   version="1.1"
   id="svg47"
   sodipodi:docname="card-mortar-g.svg"
   inkscape:export-filename="card-back.png"
   inkscape:export-xdpi="96"
   inkscape:export-ydpi="96"
   inkscape:version="1.2.2 (732a01da63, 2022-12-09)"
   xmlns:inkscape="http://www.inkscape.org/namespaces/inkscape"
   xmlns:sodipodi="http://sodipodi.sourceforge.net/DTD/sodipodi-0.dtd"
   xmlns="http://www.w3.org/2000/svg"
   xmlns:svg="http://www.w3.org/2000/svg">
  <defs
     id="defs51" />
  <sodipodi:namedview
     id="namedview49"
     pagecolor="#ffffff"
     bordercolor="#666666"
     borderopacity="1.0"
     inkscape:showpageshadow="2"
     inkscape:pageopacity="0.0"
     inkscape:pagecheckerboard="0"
     inkscape:deskcolor="#d1d1d1"
     showgrid="false"
     inkscape:zoom="5.6568542"
     inkscape:cx="45.873552"
     inkscape:cy="69.296465"
     inkscape:window-width="1920"
     inkscape:window-height="1017"
     inkscape:window-x="-8"
     inkscape:window-y="-8"
     inkscape:window-maximized="1"
     inkscape:current-layer="svg47" />
  <path
     id="rect2"
     style="opacity:1;fill:#204080;stroke:#000000"
     d="m 4.5,0.5 h 91 c 2.216,0 4,1.784 4,4 v 131 c 0,2.216 -1.784,4 -4,4 h -91 c -2.216,0 -4,-1.784 -4,-4 V 4.5 c 0,-2.216 1.784,-4 4,-4 z" />
  <g
     class=""
     id="g12849"
     transform="matrix(0.05296076,0,0,0.04772729,1.9420457,3.2818118)"
     style="fill:#ffffff;fill-opacity:1">
    <path
       d="m 458.98047,314.22782 c 0,92.04912 -91.04738,167.01023 -202.98048,167.01023 -111.93309,0 -202.980466,-74.91178 -202.980466,-167.01023 a 140.04383,140.04339 0 0 1 11.425867,-55.23891 c 7.468715,21.48978 25.878851,41.0082 53.670159,56.35866 35.26197,19.49697 81.94767,30.23757 131.44068,30.23757 49.49399,0 96.17969,-10.7406 131.44185,-30.23328 35.26196,-19.49697 55.58262,-45.87119 57.29539,-74.442 a 142.38119,142.38074 0 0 1 20.687,73.3201 z M 420.67167,60.020715 C 407.37239,48.422066 392.52717,39.026454 379.91068,34.247133 368.42875,29.881819 359.61263,29.609389 355.74267,33.47489 l -0.56642,0.514829 -5.33413,4.530487 a 8.4495,8.449473 0 0 0 -1.0497,11.802434 27.202619,27.202532 0 0 1 -0.50648,35.308628 L 175.30521,283.77144 a 59.489476,59.489286 0 0 0 -14.019,29.60691 c 26.6467,8.73492 56.99943,13.32547 88.30753,13.32547 9.86659,0 19.79021,-0.47193 29.57483,-1.39433 L 392.37639,131.24075 a 27.294763,27.294676 0 0 1 38.20034,-9.29909 l 0.69593,0.42903 a 8.438238,8.4382111 0 0 0 11.30602,-2.14512 l 8.17818,-11.17606 c 4.99196,-6.63056 -5.07509,-27.270873 -30.08152,-49.056682 z M 268.97992,147.8225 a 317.15571,317.15471 0 0 0 -19.34288,-0.60063 c -46.35494,0 -89.79411,9.90186 -122.30617,27.87365 -30.742071,16.99362 -47.676829,38.9446 -47.676829,61.87376 0,22.92701 16.933791,44.84153 47.676829,61.87161 5.08611,2.81011 10.46741,5.4057 16.06039,7.81252 a 78.219048,78.218799 0 0 1 17.70164,-35.29576 z m 102.96445,151.05271 c 30.74207,-16.99361 47.67683,-38.94245 47.67683,-61.87161 0,-19.62782 -12.44947,-38.56706 -35.40327,-54.28648 l -81.34588,139.37041 c 25.81023,-4.53049 49.41125,-12.4138 69.01298,-23.24664 z"
       fill="#000000"
       fill-opacity="1"
       id="path12847-8"
       style="fill:#000000;fill-opacity:1;stroke-width:1.02381" />
    <path
       d="M 454.26,312.874 C 454.26,402.782 365.33,476 256,476 146.67,476 57.74,402.83 57.74,312.874 A 136.787,136.787 0 0 1 68.9,258.918 c 7.295,20.99 25.277,40.055 52.422,55.05 34.442,19.043 80.042,29.533 128.384,29.533 48.343,0 93.943,-10.49 128.385,-29.53 34.442,-19.043 54.29,-44.805 55.963,-72.71 a 139.07,139.07 0 0 1 20.206,71.614 z M 416.842,64.578 c -12.99,-11.33 -27.49,-20.506 -39.813,-25.174 -11.215,-4.265 -19.826,-4.53 -23.606,-0.75 l -0.554,0.508 -5.21,4.426 a 8.253,8.253 0 0 0 -1.026,11.527 26.57,26.57 0 0 1 -0.495,34.487 L 177.18,283.135 a 58.106,58.106 0 0 0 -13.693,28.92 c 26.027,8.53 55.674,13.015 86.254,13.015 9.637,0 19.33,-0.46 28.887,-1.36 L 389.203,134.153 a 26.66,26.66 0 0 1 37.312,-9.083 l 0.68,0.427 a 8.242,8.242 0 0 0 11.043,-2.087 l 7.988,-10.916 c 4.876,-6.478 -4.957,-26.638 -29.382,-47.916 z m -148.164,85.76 a 309.78,309.78 0 0 0 -18.893,-0.59 c -45.277,0 -87.706,9.672 -119.462,27.227 -30.027,16.598 -46.568,38.038 -46.568,60.434 0,22.395 16.54,43.8 46.568,60.434 4.968,2.743 10.224,5.28 15.687,7.63 a 76.4,76.4 0 0 1 17.29,-34.476 z m 100.57,147.54 c 30.027,-16.598 46.568,-38.038 46.568,-60.434 0,-19.17 -12.16,-37.67 -34.58,-53.023 l -79.454,136.13 c 25.21,-4.425 48.262,-12.125 67.408,-22.706 z"
       fill="#000000"
       fill-opacity="1"
       id="path12847"
       style="fill:#ffffff;fill-opacity:1" />
  </g>
  <g
     class=""
     id="g12849-7"
     transform="matrix(0.05296076,0,0,0.04772729,1.9420457,29.281812)"
     style="fill:#ffffff;fill-opacity:1">
    <path
       d="m 458.98047,314.22782 c 0,92.04912 -91.04738,167.01023 -202.98048,167.01023 -111.93309,0 -202.980466,-74.91178 -202.980466,-167.01023 a 140.04383,140.04339 0 0 1 11.425867,-55.23891 c 7.468715,21.48978 25.878851,41.0082 53.670159,56.35866 35.26197,19.49697 81.94767,30.23757 131.44068,30.23757 49.49399,0 96.17969,-10.7406 131.44185,-30.23328 35.26196,-19.49697 55.58262,-45.87119 57.29539,-74.442 a 142.38119,142.38074 0 0 1 20.687,73.3201 z M 420.67167,60.020715 C 407.37239,48.422066 392.52717,39.026454 379.91068,34.247133 368.42875,29.881819 359.61263,29.609389 355.74267,33.47489 l -0.56642,0.514829 -5.33413,4.530487 a 8.4495,8.449473 0 0 0 -1.0497,11.802434 27.202619,27.202532 0 0 1 -0.50648,35.308628 L 175.30521,283.77144 a 59.489476,59.489286 0 0 0 -14.019,29.60691 c 26.6467,8.73492 56.99943,13.32547 88.30753,13.32547 9.86659,0 19.79021,-0.47193 29.57483,-1.39433 L 392.37639,131.24075 a 27.294763,27.294676 0 0 1 38.20034,-9.29909 l 0.69593,0.42903 a 8.438238,8.4382111 0 0 0 11.30602,-2.14512 l 8.17818,-11.17606 c 4.99196,-6.63056 -5.07509,-27.270873 -30.08152,-49.056682 z M 268.97992,147.8225 a 317.15571,317.15471 0 0 0 -19.34288,-0.60063 c -46.35494,0 -89.79411,9.90186 -122.30617,27.87365 -30.742071,16.99362 -47.676829,38.9446 -47.676829,61.87376 0,22.92701 16.933791,44.84153 47.676829,61.87161 5.08611,2.81011 10.46741,5.4057 16.06039,7.81252 a 78.219048,78.218799 0 0 1 17.70164,-35.29576 z m 102.96445,151.05271 c 30.74207,-16.99361 47.67683,-38.94245 47.67683,-61.87161 0,-19.62782 -12.44947,-38.56706 -35.40327,-54.28648 l -81.34588,139.37041 c 25.81023,-4.53049 49.41125,-12.4138 69.01298,-23.24664 z"
       fill="#000000"
       fill-opacity="1"
       id="path12847-8-3"
       style="fill:#000000;fill-opacity:1;stroke-width:1.02381" />
    <path
       d="M 454.26,312.874 C 454.26,402.782 365.33,476 256,476 146.67,476 57.74,402.83 57.74,312.874 A 136.787,136.787 0 0 1 68.9,258.918 c 7.295,20.99 25.277,40.055 52.422,55.05 34.442,19.043 80.042,29.533 128.384,29.533 48.343,0 93.943,-10.49 128.385,-29.53 34.442,-19.043 54.29,-44.805 55.963,-72.71 a 139.07,139.07 0 0 1 20.206,71.614 z M 416.842,64.578 c -12.99,-11.33 -27.49,-20.506 -39.813,-25.174 -11.215,-4.265 -19.826,-4.53 -23.606,-0.75 l -0.554,0.508 -5.21,4.426 a 8.253,8.253 0 0 0 -1.026,11.527 26.57,26.57 0 0 1 -0.495,34.487 L 177.18,283.135 a 58.106,58.106 0 0 0 -13.693,28.92 c 26.027,8.53 55.674,13.015 86.254,13.015 9.637,0 19.33,-0.46 28.887,-1.36 L 389.203,134.153 a 26.66,26.66 0 0 1 37.312,-9.083 l 0.68,0.427 a 8.242,8.242 0 0 0 11.043,-2.087 l 7.988,-10.916 c 4.876,-6.478 -4.957,-26.638 -29.382,-47.916 z m -148.164,85.76 a 309.78,309.78 0 0 0 -18.893,-0.59 c -45.277,0 -87.706,9.672 -119.462,27.227 -30.027,16.598 -46.568,38.038 -46.568,60.434 0,22.395 16.54,43.8 46.568,60.434 4.968,2.743 10.224,5.28 15.687,7.63 a 76.4,76.4 0 0 1 17.29,-34.476 z m 100.57,147.54 c 30.027,-16.598 46.568,-38.038 46.568,-60.434 0,-19.17 -12.16,-37.67 -34.58,-53.023 l -79.454,136.13 c 25.21,-4.425 48.262,-12.125 67.408,-22.706 z"
       fill="#000000"
       fill-opacity="1"
       id="path12847-1"
       style="fill:#ffffff;fill-opacity:1" />
  </g>
  <g
     class=""
     id="g12849-6"
     transform="matrix(0.05296076,0,0,0.04772729,1.9420457,55.281812)"
     style="fill:#ffffff;fill-opacity:1">
    <path
       d="m 458.98047,314.22782 c 0,92.04912 -91.04738,167.01023 -202.98048,167.01023 -111.93309,0 -202.980466,-74.91178 -202.980466,-167.01023 a 140.04383,140.04339 0 0 1 11.425867,-55.23891 c 7.468715,21.48978 25.878851,41.0082 53.670159,56.35866 35.26197,19.49697 81.94767,30.23757 131.44068,30.23757 49.49399,0 96.17969,-10.7406 131.44185,-30.23328 35.26196,-19.49697 55.58262,-45.87119 57.29539,-74.442 a 142.38119,142.38074 0 0 1 20.687,73.3201 z M 420.67167,60.020715 C 407.37239,48.422066 392.52717,39.026454 379.91068,34.247133 368.42875,29.881819 359.61263,29.609389 355.74267,33.47489 l -0.56642,0.514829 -5.33413,4.530487 a 8.4495,8.449473 0 0 0 -1.0497,11.802434 27.202619,27.202532 0 0 1 -0.50648,35.308628 L 175.30521,283.77144 a 59.489476,59.489286 0 0 0 -14.019,29.60691 c 26.6467,8.73492 56.99943,13.32547 88.30753,13.32547 9.86659,0 19.79021,-0.47193 29.57483,-1.39433 L 392.37639,131.24075 a 27.294763,27.294676 0 0 1 38.20034,-9.29909 l 0.69593,0.42903 a 8.438238,8.4382111 0 0 0 11.30602,-2.14512 l 8.17818,-11.17606 c 4.99196,-6.63056 -5.07509,-27.270873 -30.08152,-49.056682 z M 268.97992,147.8225 a 317.15571,317.15471 0 0 0 -19.34288,-0.60063 c -46.35494,0 -89.79411,9.90186 -122.30617,27.87365 -30.742071,16.99362 -47.676829,38.9446 -47.676829,61.87376 0,22.92701 16.933791,44.84153 47.676829,61.87161 5.08611,2.81011 10.46741,5.4057 16.06039,7.81252 a 78.219048,78.218799 0 0 1 17.70164,-35.29576 z m 102.96445,151.05271 c 30.74207,-16.99361 47.67683,-38.94245 47.67683,-61.87161 0,-19.62782 -12.44947,-38.56706 -35.40327,-54.28648 l -81.34588,139.37041 c 25.81023,-4.53049 49.41125,-12.4138 69.01298,-23.24664 z"
       fill="#000000"
       fill-opacity="1"
       id="path12847-8-8"
       style="fill:#000000;fill-opacity:1;stroke-width:1.02381" />
    <path
       d="M 454.26,312.874 C 454.26,402.782 365.33,476 256,476 146.67,476 57.74,402.83 57.74,312.874 A 136.787,136.787 0 0 1 68.9,258.918 c 7.295,20.99 25.277,40.055 52.422,55.05 34.442,19.043 80.042,29.533 128.384,29.533 48.343,0 93.943,-10.49 128.385,-29.53 34.442,-19.043 54.29,-44.805 55.963,-72.71 a 139.07,139.07 0 0 1 20.206,71.614 z M 416.842,64.578 c -12.99,-11.33 -27.49,-20.506 -39.813,-25.174 -11.215,-4.265 -19.826,-4.53 -23.606,-0.75 l -0.554,0.508 -5.21,4.426 a 8.253,8.253 0 0 0 -1.026,11.527 26.57,26.57 0 0 1 -0.495,34.487 L 177.18,283.135 a 58.106,58.106 0 0 0 -13.693,28.92 c 26.027,8.53 55.674,13.015 86.254,13.015 9.637,0 19.33,-0.46 28.887,-1.36 L 389.203,134.153 a 26.66,26.66 0 0 1 37.312,-9.083 l 0.68,0.427 a 8.242,8.242 0 0 0 11.043,-2.087 l 7.988,-10.916 c 4.876,-6.478 -4.957,-26.638 -29.382,-47.916 z m -148.164,85.76 a 309.78,309.78 0 0 0 -18.893,-0.59 c -45.277,0 -87.706,9.672 -119.462,27.227 -30.027,16.598 -46.568,38.038 -46.568,60.434 0,22.395 16.54,43.8 46.568,60.434 4.968,2.743 10.224,5.28 15.687,7.63 a 76.4,76.4 0 0 1 17.29,-34.476 z m 100.57,147.54 c 30.027,-16.598 46.568,-38.038 46.568,-60.434 0,-19.17 -12.16,-37.67 -34.58,-53.023 l -79.454,136.13 c 25.21,-4.425 48.262,-12.125 67.408,-22.706 z"
       fill="#000000"
       fill-opacity="1"
       id="path12847-6"
       style="fill:#ffffff;fill-opacity:1" />
  </g>
  <g
     aria-label="3"
     id="text299"
     style="font-size:27.7778px;line-height:1.25;font-family:'DS Cloister Black';-inkscape-font-specification:'DS Cloister Black, ';letter-spacing:0px;word-spacing:0px;fill:#ffffff;fill-opacity:0.87451;stroke-width:0.694444">
    <path
       d="m 54.666673,9.4166692 q 0,0.1111112 0.02778,0.3888892 0.05556,0.2777776 0.111111,0.3333336 v 0.194445 q 0,0.08333 0.02778,0.166666 v 0.166667 q 0,1.472224 -1.083334,2.638891 -1.083334,1.13889 -2.416668,1.666668 1.694445,0.194445 2.916668,1.555557 1.222224,1.305556 1.222224,2.861113 v 0.194445 q -0.02778,0.05555 -0.02778,0.222222 -0.02778,0.138889 -0.05556,0.25 0,0.111112 0,0.166667 l -0.08333,0.25 q -0.02778,0.05556 -0.05556,0.166667 -0.02778,0.08333 -0.02778,0.111111 -0.02778,0.05556 -0.08333,0.194445 -0.02778,0.111111 -0.138889,0.277778 -1.666668,2.805558 -5.722227,3.111114 -0.138889,0 -0.277778,0.02778 h -0.277778 q -0.194444,0 -0.25,0.02778 h -0.277778 l -4.555559,-3.833336 1.916668,-1.888891 5.55556,4.583337 q 0.833334,-0.833334 1.250001,-2.611113 0,-0.111111 0,-0.222222 0.02778,-0.111111 0.05556,-0.25 0,-0.166667 0.02778,-0.250001 v -0.222222 q 0,-1.361112 -0.805557,-2.638891 -0.777778,-1.277779 -2.361113,-1.611112 -0.25,0 -0.305555,-0.02778 -0.416667,0 -0.63889,-0.05556 -0.08333,0 -0.166667,-0.02778 h -0.166666 -0.444445 l -0.63889,-0.05556 0.111112,-0.750001 q 1.722223,0.138889 3.27778,-1.083334 1.555557,-1.222223 1.555557,-3.055558 v -0.08333 q -0.02778,-0.02778 -0.02778,-0.08333 V 9.9166696 Q 51.80556,9.8888918 51.80556,9.8333362 V 9.6388916 Q 51.777782,9.1944468 51.416671,8.888891 51.083337,8.5555574 50.638893,8.5555574 L 50.41667,8.5000018 46.361111,11.30556 44.749999,9.583336 48.694447,6.6111114 Z"
       id="path3330" />
  </g>
  <g
     aria-label="G"
     id="text911"
     style="font-size:20.2429px;line-height:1.25;font-family:'DS Cloister Black';-inkscape-font-specification:'DS Cloister Black, ';letter-spacing:0px;word-spacing:0px;fill:#ffffff;fill-opacity:0.498039;stroke-width:0.506073">
    <path
       d="m 12.085015,120.36438 q 0.06073,0.0607 0.161944,0.0607 0.101214,0 0.161943,0.0607 0.182186,0.0607 0.121457,0.0607 0.02024,0 0.06073,0.0405 0.04049,0.0202 0.04049,0.0405 0.08097,0.0405 0.263157,0.20243 0.04049,0.0405 0.06073,0.0405 1.234817,0.44535 2.429148,0.58705 0.202429,0.0405 0.607287,0.0607 0.101215,0.0203 0.242915,0.0203 0.161943,0 0.364372,0 h 0.202429 q 0.101215,0 0.121458,-0.0203 h 0.344129 q 0.08097,0 0.101214,-0.0202 h 0.101215 l -3.097164,2.46964 q 1.659918,0.2834 2.65182,1.57894 1.032388,1.31579 1.032388,2.81376 v 0.16195 q -0.04049,0.16194 -0.04049,0.32388 -0.02024,0.0607 -0.02024,0.18219 -0.101214,0.5668 -0.101214,0.54656 -0.728745,1.96356 -2.611334,3.25911 -1.862347,1.29554 -4.068823,1.53846 -0.242915,0 -0.668016,0.0607 h -0.445344 q -0.06073,-0.0202 -0.2226718,-0.0202 -0.4453438,0 -1.4777318,-0.24291 -0.6477728,-0.16195 -0.9716592,-0.32389 -1.5384605,-0.74899 -2.246962,-2.71255 -0.1619432,-0.44534 -0.3036435,-1.33603 -0.020243,-0.1417 -0.040486,-0.20243 0,-0.081 0,-0.10121 v -0.5668 q 0,-0.10122 0.020243,-0.1417 v -0.12146 q 0.2429148,-2.44939 2.1255046,-4.23077 0.7085015,-0.66801 1.2955456,-1.19433 0.607287,-0.54656 1.1336025,-0.95142 0.6477725,-0.52631 1.3157885,-0.9919 0.668016,-0.46558 1.315789,-0.89069 v -0.0405 z m -1.558703,6.82186 v 0.24291 q 0,0.0607 0.02024,0.12146 v 0.24291 q 0,0.0607 0.02024,0.10122 v 0.46558 q -0.02024,0.0405 -0.02024,0.16195 v 0.16194 q -0.02024,0.0202 -0.02024,0.16194 -0.04049,0.74899 -0.384615,1.23482 -0.1619433,0.22267 -0.8502019,0.91093 -0.080972,0.0607 -0.222672,0.18219 -0.1214574,0.10121 -0.2631577,0.22267 -0.1417003,0.12146 -0.2834006,0.24291 -0.1214574,0.12146 -0.202429,0.18219 1.0931167,1.61943 3.0971642,1.88259 v -6.90283 z m 2.935221,3.84615 q -0.526316,0.16194 -1.518218,0.66801 v 1.96356 q 0.789473,0.081 1.558703,-0.22267 0.789474,-0.30364 1.376518,-0.74898 0.02024,-0.0203 0.06073,-0.0405 0.04049,-0.0405 0.121458,-0.10121 0.1417,-0.0405 0.526315,-0.42511 0.101215,-0.1417 0.101215,-0.24291 0,-0.10122 0.02024,-0.16194 v -0.1417 q -0.789474,-0.40486 -1.315789,-0.46559 -0.121457,0 -0.1417,-0.0202 h -0.141701 q -0.06073,0 -0.121457,-0.0203 h -0.121457 z m -6.0728706,-5.5668 q -0.040486,0.16194 -0.080972,0.30364 -0.040486,0.1417 -0.080972,0.24292 -0.040486,0.16194 -0.080972,0.2834 -0.040486,0.12146 -0.060729,0.20243 -0.020243,0.081 -0.040486,0.26316 0,0.16194 -0.040486,0.4251 -0.060729,0.40485 -0.060729,0.66801 v 0.2834 q 0,0.0607 0.020243,0.12146 v 0.1417 q 0.1012145,0.82996 0.3036435,1.45749 0.2226719,0.62753 0.7085015,1.37652 l 0.2631577,-0.48583 v -6.57895 z m 8.9878476,3.60324 q -1.275302,0.78947 -2.408905,0.78947 -0.06073,0 -0.161943,0 -0.101215,-0.0202 -0.242915,-0.0405 -0.06073,-0.0202 -0.202429,-0.0405 -0.121457,-0.0405 -0.202429,-0.0405 -0.04049,-0.0202 -0.242915,-0.081 -0.202429,-0.0607 -0.566801,-0.18219 0,-0.0202 -0.404858,-0.20242 v 1.8421 q -0.02024,0 0.222672,-0.0607 -0.02024,0 0.222672,-0.0607 0.242915,-0.081 0.48583,-0.12146 l 0.445343,-0.0607 q 0.182186,0 0.242915,-0.0203 h 0.425101 q 0.04049,0.0203 0.202429,0.0203 0.1417,0.0202 0.242915,0.0405 0.101214,0 0.1417,0 0.101215,0 0.708502,0.16194 0.344129,0.081 0.647773,0.22268 0.04049,-0.081 0.101214,-0.20243 0.08097,-0.12146 0.161943,-0.30365 0.04049,-0.20242 0.08097,-0.44534 0.06073,-0.24291 0.08097,-0.2834 v -0.12146 q 0,-0.10121 0.02024,-0.1417 z m -3.704451,-2.79352 q -0.101214,0.0607 -0.202429,0.0607 l -0.182186,0.0607 q -0.04049,0.0203 -0.1417,0.0607 -0.08097,0.0202 -0.202429,0.10122 v 1.92307 q 0.242915,0.26316 0.76923,0.52632 0.445344,0.16194 0.850202,0.24291 0.263158,0.0607 0.283401,0.0607 h 0.465586 q 0.04049,0 0.101215,-0.0202 h 0.101214 q 1.133603,-0.20243 1.74089,-0.80972 -0.06073,-0.44534 -0.323886,-0.80971 -0.242915,-0.36438 -0.607287,-0.62753 -0.34413,-0.26316 -0.789474,-0.4251 -0.425101,-0.18219 -0.850201,-0.24292 -0.04049,0 -0.141701,0 -0.08097,-0.0202 -0.222672,-0.0405 -0.1417,0 -0.182186,-0.0202 H 12.95546 Z m -2.186233,0.16194 3.603237,-2.75304 -3.603237,-1.43724 z"
       id="path3333" />
  </g>
  <text
     xml:space="preserve"
     style="font-size:40px;line-height:1.25;font-family:'DS Cloister Black';-inkscape-font-specification:'DS Cloister Black, ';letter-spacing:0px;word-spacing:0px"
     x="132.58252"
     y="44.194176"
     id="text992"><tspan
       sodipodi:role="line"
       id="tspan990"></tspan></text>
  <g
     aria-label="G"
     id="text911-3"
     style="font-size:20.2429px;line-height:1.25;font-family:'DS Cloister Black';-inkscape-font-specification:'DS Cloister Black, ';letter-spacing:0px;word-spacing:0px;fill:#ffffff;fill-opacity:0.498039;stroke-width:0.506073">
    <path
       d="m 87.085014,5.3643731 q 0.06073,0.060729 0.161944,0.060729 0.101214,0 0.161943,0.060729 0.182186,0.060729 0.121457,0.060729 0.02024,0 0.06073,0.040486 0.04049,0.020243 0.04049,0.040486 0.08097,0.040486 0.263157,0.202429 0.04049,0.040486 0.06073,0.040486 1.234817,0.4453438 2.429148,0.5870441 0.202429,0.040486 0.607287,0.060729 0.101215,0.020243 0.242915,0.020243 0.161943,0 0.364372,0 h 0.202429 q 0.101215,0 0.121458,-0.020243 h 0.344129 q 0.08097,0 0.101215,-0.020243 h 0.101214 l -3.097164,2.4696339 q 1.659918,0.2834006 2.65182,1.5789466 1.032388,1.315788 1.032388,2.813763 v 0.161943 q -0.04049,0.161943 -0.04049,0.323887 -0.02024,0.06073 -0.02024,0.182186 -0.101214,0.566801 -0.101214,0.546558 -0.728744,1.963561 -2.611334,3.259107 -1.862347,1.295546 -4.068823,1.53846 -0.242915,0 -0.668016,0.06073 H 85.10121 q -0.06073,-0.02024 -0.222672,-0.02024 -0.445344,0 -1.477732,-0.242915 -0.647772,-0.161943 -0.971659,-0.323886 -1.53846,-0.748987 -2.246962,-2.712549 -0.161943,-0.445344 -0.303643,-1.336031 -0.02024,-0.1417 -0.04049,-0.202429 0,-0.08097 0,-0.101215 V 13.92712 q 0,-0.101214 0.02024,-0.1417 V 13.663962 Q 80.101214,11.214571 81.983803,9.4331961 82.692305,8.7651804 83.279349,8.238865 83.886636,7.6923067 84.412952,7.2874486 85.060724,6.7611332 85.72874,6.2955465 86.396756,5.8299598 87.044529,5.4048589 v -0.040486 z m -1.558703,6.8218579 v 0.242914 q 0,0.06073 0.02024,0.121458 v 0.242915 q 0,0.06073 0.02024,0.101214 v 0.465587 q -0.02024,0.04049 -0.02024,0.161943 v 0.161943 q -0.02024,0.02024 -0.02024,0.161944 -0.04049,0.748987 -0.384615,1.234816 -0.161943,0.222672 -0.850202,0.910931 -0.08097,0.06073 -0.222672,0.182186 -0.121457,0.101215 -0.263158,0.222672 -0.1417,0.121457 -0.2834,0.242915 -0.121458,0.121457 -0.202429,0.182186 1.093117,1.619432 3.097164,1.88259 v -6.902829 z m 2.935221,3.846151 q -0.526316,0.161943 -1.518218,0.668016 v 1.963561 q 0.789473,0.08097 1.558703,-0.222672 0.789474,-0.303644 1.376518,-0.748987 0.02024,-0.02024 0.06073,-0.04049 0.04049,-0.04049 0.121458,-0.101215 0.1417,-0.04048 0.526315,-0.425101 0.101215,-0.1417 0.101215,-0.242914 0,-0.101215 0.02024,-0.161944 v -0.1417 q -0.789473,-0.404858 -1.315789,-0.465587 -0.121457,0 -0.1417,-0.02024 h -0.1417 q -0.06073,0 -0.121458,-0.02024 H 88.86639 Z m -6.072871,-5.566798 q -0.04049,0.161943 -0.08097,0.303644 -0.04049,0.1417 -0.08097,0.242914 -0.04049,0.161944 -0.08097,0.283401 -0.04049,0.121457 -0.06073,0.202429 -0.02024,0.08097 -0.04049,0.263158 0,0.161943 -0.04049,0.425101 -0.06073,0.404858 -0.06073,0.668015 v 0.283401 q 0,0.06073 0.02024,0.121457 v 0.141701 q 0.101214,0.829959 0.303643,1.457489 0.222672,0.627529 0.708502,1.376517 l 0.263157,-0.48583 V 9.1700384 Z m 8.987848,3.603236 q -1.275302,0.789474 -2.408905,0.789474 -0.06073,0 -0.161943,0 -0.101215,-0.02024 -0.242915,-0.04049 -0.06073,-0.02024 -0.202429,-0.04049 -0.121457,-0.04049 -0.202429,-0.04049 -0.04049,-0.02024 -0.242915,-0.08097 -0.202429,-0.06073 -0.566801,-0.182187 0,-0.02024 -0.404858,-0.202429 v 1.842104 q -0.02024,0 0.222672,-0.06073 -0.02024,0 0.222672,-0.06073 0.242915,-0.08097 0.48583,-0.121457 l 0.445343,-0.06073 q 0.182186,0 0.242915,-0.02024 h 0.425101 q 0.04049,0.02024 0.202429,0.02024 0.1417,0.02024 0.242915,0.04049 0.101214,0 0.1417,0 0.101215,0 0.708502,0.161943 0.344129,0.08097 0.647773,0.222672 0.04048,-0.08097 0.101214,-0.202429 0.08097,-0.121458 0.161943,-0.303644 0.04049,-0.202429 0.08097,-0.445344 0.06073,-0.242914 0.08097,-0.2834 v -0.121458 q 0,-0.101214 0.02024,-0.1417 z m -3.70445,-2.79352 q -0.101215,0.06073 -0.202429,0.06073 l -0.182187,0.06073 q -0.04048,0.02024 -0.1417,0.06073 -0.08097,0.02024 -0.202429,0.101215 v 1.923075 q 0.242915,0.263158 0.76923,0.526316 0.445344,0.161943 0.850202,0.242915 0.263158,0.06073 0.283401,0.06073 h 0.465587 q 0.04049,0 0.101214,-0.02024 h 0.101215 q 1.133602,-0.202429 1.740889,-0.809716 -0.06073,-0.445344 -0.323886,-0.809716 -0.242915,-0.364372 -0.607287,-0.62753 -0.34413,-0.263157 -0.789474,-0.425101 -0.4251,-0.182186 -0.850201,-0.242914 -0.04049,0 -0.141701,0 -0.08097,-0.02024 -0.222672,-0.04049 -0.1417,0 -0.182186,-0.02024 h -0.182186 z m -2.186234,0.161943 3.603237,-2.7530342 -3.603237,-1.437246 z"
       id="path3336" />
  </g>
</svg>
