<?xml version="1.0" encoding="UTF-8" standalone="no"?>
<svg
   width="100px"
   height="140px"
   viewbox="0 0 100 140"
   version="1.1"
   id="svg47"
   sodipodi:docname="card-skull-d.svg"
   inkscape:export-filename="card-back.png"
   inkscape:export-xdpi="96"
   inkscape:export-ydpi="96"
   inkscape:version="1.2.2 (732a01da63, 2022-12-09)"
   xmlns:inkscape="http://www.inkscape.org/namespaces/inkscape"
   xmlns:sodipodi="http://sodipodi.sourceforge.net/DTD/sodipodi-0.dtd"
   xmlns="http://www.w3.org/2000/svg"
   xmlns:svg="http://www.w3.org/2000/svg">
  <defs
     id="defs51" />
  <sodipodi:namedview
     id="namedview49"
     pagecolor="#ffffff"
     bordercolor="#666666"
     borderopacity="1.0"
     inkscape:showpageshadow="2"
     inkscape:pageopacity="0.0"
     inkscape:pagecheckerboard="0"
     inkscape:deskcolor="#d1d1d1"
     showgrid="false"
     inkscape:zoom="5.8142857"
     inkscape:cx="62.346437"
     inkscape:cy="70"
     inkscape:window-width="1920"
     inkscape:window-height="1017"
     inkscape:window-x="-8"
     inkscape:window-y="-8"
     inkscape:window-maximized="1"
     inkscape:current-layer="svg47" />
  <path
     id="rect2"
     style="opacity:1;fill:#802010;stroke:#000000"
     d="m 4.5,0.5 h 91 c 2.216,0 4,1.784 4,4 v 131 c 0,2.216 -1.784,4 -4,4 h -91 c -2.216,0 -4,-1.784 -4,-4 V 4.5 c 0,-2.216 1.784,-4 4,-4 z" />
  <g
     class=""
     id="g299"
     transform="matrix(0.04417379,0,0,0.04529669,4.211277,4.0916202)"
     style="fill:#ffffff;fill-opacity:1">
    <path
       d="m 254.5427,14.534832 c -61.04367,0 -101.50768,27.054957 -128.19142,67.334522 -25.68111,38.762946 -37.60746,90.237436 -38.477751,140.000926 35.903031,17.66144 57.327251,36.13656 66.637631,55.71242 8.22129,17.28398 5.09265,35.22795 -5.16195,49.10124 22.54436,20.44604 60.93311,33.12142 100.47167,33.75654 39.78515,0.63287 79.80579,-10.64794 105.3928,-33.96448 -5.15383,-6.11392 -8.98288,-12.65277 -10.83379,-19.83126 -2.60044,-10.06933 -0.85522,-20.97268 4.79854,-30.84988 10.76426,-18.80738 34.07855,-35.63254 72.02903,-53.96526 C 420.3082,174.70379 408.64027,123.29712 383.09614,83.908081 356.49258,42.884901 316.01629,14.534832 254.5427,14.534832 Z M 176.99109,143.51714 c 47.28982,11.12937 97.2415,10.95759 149.22232,0.22602 -26.48303,38.48494 -126.86848,38.51432 -149.22232,-0.22602 z m -20.79567,13.85295 c 7.88129,31.11207 31.35921,48.89556 75.08212,47.07833 l -1.13799,34.38941 c -40.32796,20.60426 -74.36433,2.03421 -106.17943,-19.50127 h -0.002 c -4.96356,-31.29515 -0.20859,-56.00851 32.23761,-61.96647 z m 191.13512,0 c 32.44435,5.95796 37.19793,30.67132 32.23553,61.96421 h -0.002 c -31.81579,21.54226 -65.85124,40.10779 -106.1792,19.50127 l -1.13566,-34.38941 c 43.72383,1.80819 67.19967,-15.96626 75.08096,-47.07833 z m -96.46949,94.82796 c 12.39012,22.33786 22.22058,44.67119 27.10024,67.00679 -13.326,9.92919 -37.18495,11.37348 -54.19862,0 6.5966,-22.3356 14.52795,-44.66893 27.10024,-67.00679 z M 96.711095,355.5177 c -51.346004,13.9524 -84.51556,34.61769 -84.51556,57.5432 0,41.99508 109.059385,76.1223 243.356515,76.1223 134.29713,0 243.35744,-34.12722 243.35744,-76.12004 0,-22.84414 -32.88471,-43.59532 -83.91644,-57.5432 17.64014,9.09065 28.17309,19.70695 28.17309,31.16858 0,32.89539 -84.26965,59.93904 -187.60992,59.93904 -103.34027,0 -187.011261,-27.04591 -187.011261,-59.93904 0,-11.5204 10.352869,-22.04629 28.173321,-31.16632 h -0.0042 z m 64.029075,2.70097 -15.25779,23.96749 c 6.78155,5.43811 14.6691,10.21398 23.39912,14.28691 l 11.15734,-29.48244 c -6.73658,-2.53824 -13.19481,-5.46298 -19.29658,-8.77422 z m 181.83355,0.54246 c -5.9094,3.21405 -12.08487,6.03481 -18.46732,8.47586 l 10.95779,29.15471 c 8.19557,-3.68417 15.98369,-8.00121 23.20559,-12.97598 l -15.6949,-24.65459 z m -144.2597,13.99761 -11.61531,30.6894 c 9.75097,3.16659 20.16711,5.59181 30.97332,7.23274 l 3.96231,-33.28641 c -7.93876,-1.10751 -15.74311,-2.66255 -23.32032,-4.63573 z m 107.54084,0.29383 c -7.64581,1.989 -15.47287,3.51691 -23.39402,4.586 l 3.91411,32.89314 c 10.51858,-1.64997 20.86937,-4.06164 30.82892,-7.28021 l -11.34993,-30.19893 z m -65.16961,6.18851 -3.98572,33.49209 c 10.10511,0.65547 20.39447,0.63286 30.6602,0 l -3.96533,-33.30901 c -4.62749,0.22602 -9.26031,0.29383 -13.88085,0.22602 -2.94647,0 -5.88877,-0.22602 -8.82505,-0.33904 z"
       fill="#000000"
       fill-opacity="1"
       id="path297-4"
       style="fill:#000000;fill-opacity:1;stroke-width:1.02381" />
    <path
       d="m 254.566,20.055 c -59.624,0 -99.147,26.426 -125.21,65.767 -25.084,37.862 -36.733,88.14 -37.583,136.746 35.068,17.25 55.994,35.297 65.088,54.416 8.03,16.882 4.974,34.41 -5.042,47.96 22.02,19.97 59.516,32.352 98.135,32.972 38.86,0.624 77.95,-10.4 102.942,-33.174 -5.034,-5.972 -8.774,-12.36 -10.582,-19.37 -2.54,-9.836 -0.836,-20.485 4.687,-30.134 10.514,-18.37 33.286,-34.804 70.354,-52.71 C 416.477,176.498 405.08,126.288 380.13,87.814 354.145,47.746 314.61,20.054 254.566,20.054 Z m -75.748,125.982 c 46.19,10.87 94.98,10.703 145.752,0.205 -25.867,37.59 -123.918,37.62 -145.752,-0.205 z m -20.312,13.53 c 7.698,30.39 30.63,47.76 73.336,45.984 l -1.112,33.59 c -39.39,20.126 -72.635,1.99 -103.71,-19.048 h -0.002 c -4.848,-30.567 -0.204,-54.706 31.488,-60.526 z m 186.69,0 c 31.69,5.82 36.333,29.958 31.486,60.525 h -0.002 c -31.076,21.04 -64.32,39.174 -103.71,19.047 l -1.11,-33.59 c 42.707,1.776 65.637,-15.594 73.335,-45.984 z M 250.97,252.19 c 12.102,21.818 21.704,43.634 26.47,65.45 -13.016,9.698 -36.32,11.107 -52.938,0 6.443,-21.816 14.19,-43.632 26.47,-65.45 z M 100.405,353.108 c -50.152,13.628 -82.55,33.813 -82.55,56.204 0,41.018 106.523,74.352 237.697,74.352 131.174,0 237.698,-33.334 237.698,-74.35 0,-22.312 -32.12,-42.58 -81.965,-56.205 17.23,8.88 27.518,19.25 27.518,30.444 0,32.13 -82.31,58.546 -183.247,58.546 -100.937,0 -182.662,-26.418 -182.662,-58.545 0,-11.253 10.112,-21.534 27.518,-30.443 h -0.004 z m 62.54,2.637 -14.903,23.41 c 6.624,5.312 14.328,9.978 22.855,13.955 l 10.898,-28.796 c -6.58,-2.48 -12.888,-5.336 -18.848,-8.57 z m 177.605,0.53 c -5.772,3.14 -11.804,5.894 -18.038,8.28 l 10.703,28.477 c 8.005,-3.6 15.612,-7.817 22.666,-12.676 l -15.33,-24.08 z M 199.645,369.948 188.3,399.924 c 9.524,3.093 19.698,5.462 30.253,7.064 l 3.87,-32.513 c -7.754,-1.09 -15.377,-2.6 -22.778,-4.528 z m 105.04,0.287 c -7.468,1.95 -15.113,3.434 -22.85,4.48 l 3.823,32.126 c 10.274,-1.605 20.384,-3.967 30.112,-7.11 l -11.086,-29.496 z m -63.654,6.045 -3.893,32.712 c 9.87,0.637 19.92,0.623 29.947,-0.07 l -3.873,-32.535 c -4.52,0.206 -9.045,0.287 -13.558,0.215 -2.878,-0.047 -5.752,-0.167 -8.62,-0.323 z"
       fill="#000000"
       fill-opacity="1"
       id="path297"
       style="fill:#ffffff;fill-opacity:1" />
  </g>
  <g
     class=""
     id="g299-7"
     transform="matrix(0.04417379,0,0,0.04529669,4.211277,30.09162)"
     style="fill:#ffffff;fill-opacity:1">
    <path
       d="m 254.5427,14.534832 c -61.04367,0 -101.50768,27.054957 -128.19142,67.334522 -25.68111,38.762946 -37.60746,90.237436 -38.477751,140.000926 35.903031,17.66144 57.327251,36.13656 66.637631,55.71242 8.22129,17.28398 5.09265,35.22795 -5.16195,49.10124 22.54436,20.44604 60.93311,33.12142 100.47167,33.75654 39.78515,0.63287 79.80579,-10.64794 105.3928,-33.96448 -5.15383,-6.11392 -8.98288,-12.65277 -10.83379,-19.83126 -2.60044,-10.06933 -0.85522,-20.97268 4.79854,-30.84988 10.76426,-18.80738 34.07855,-35.63254 72.02903,-53.96526 C 420.3082,174.70379 408.64027,123.29712 383.09614,83.908081 356.49258,42.884901 316.01629,14.534832 254.5427,14.534832 Z M 176.99109,143.51714 c 47.28982,11.12937 97.2415,10.95759 149.22232,0.22602 -26.48303,38.48494 -126.86848,38.51432 -149.22232,-0.22602 z m -20.79567,13.85295 c 7.88129,31.11207 31.35921,48.89556 75.08212,47.07833 l -1.13799,34.38941 c -40.32796,20.60426 -74.36433,2.03421 -106.17943,-19.50127 h -0.002 c -4.96356,-31.29515 -0.20859,-56.00851 32.23761,-61.96647 z m 191.13512,0 c 32.44435,5.95796 37.19793,30.67132 32.23553,61.96421 h -0.002 c -31.81579,21.54226 -65.85124,40.10779 -106.1792,19.50127 l -1.13566,-34.38941 c 43.72383,1.80819 67.19967,-15.96626 75.08096,-47.07833 z m -96.46949,94.82796 c 12.39012,22.33786 22.22058,44.67119 27.10024,67.00679 -13.326,9.92919 -37.18495,11.37348 -54.19862,0 6.5966,-22.3356 14.52795,-44.66893 27.10024,-67.00679 z M 96.711095,355.5177 c -51.346004,13.9524 -84.51556,34.61769 -84.51556,57.5432 0,41.99508 109.059385,76.1223 243.356515,76.1223 134.29713,0 243.35744,-34.12722 243.35744,-76.12004 0,-22.84414 -32.88471,-43.59532 -83.91644,-57.5432 17.64014,9.09065 28.17309,19.70695 28.17309,31.16858 0,32.89539 -84.26965,59.93904 -187.60992,59.93904 -103.34027,0 -187.011261,-27.04591 -187.011261,-59.93904 0,-11.5204 10.352869,-22.04629 28.173321,-31.16632 h -0.0042 z m 64.029075,2.70097 -15.25779,23.96749 c 6.78155,5.43811 14.6691,10.21398 23.39912,14.28691 l 11.15734,-29.48244 c -6.73658,-2.53824 -13.19481,-5.46298 -19.29658,-8.77422 z m 181.83355,0.54246 c -5.9094,3.21405 -12.08487,6.03481 -18.46732,8.47586 l 10.95779,29.15471 c 8.19557,-3.68417 15.98369,-8.00121 23.20559,-12.97598 l -15.6949,-24.65459 z m -144.2597,13.99761 -11.61531,30.6894 c 9.75097,3.16659 20.16711,5.59181 30.97332,7.23274 l 3.96231,-33.28641 c -7.93876,-1.10751 -15.74311,-2.66255 -23.32032,-4.63573 z m 107.54084,0.29383 c -7.64581,1.989 -15.47287,3.51691 -23.39402,4.586 l 3.91411,32.89314 c 10.51858,-1.64997 20.86937,-4.06164 30.82892,-7.28021 l -11.34993,-30.19893 z m -65.16961,6.18851 -3.98572,33.49209 c 10.10511,0.65547 20.39447,0.63286 30.6602,0 l -3.96533,-33.30901 c -4.62749,0.22602 -9.26031,0.29383 -13.88085,0.22602 -2.94647,0 -5.88877,-0.22602 -8.82505,-0.33904 z"
       fill="#000000"
       fill-opacity="1"
       id="path297-4-6"
       style="fill:#000000;fill-opacity:1;stroke-width:1.02381" />
    <path
       d="m 254.566,20.055 c -59.624,0 -99.147,26.426 -125.21,65.767 -25.084,37.862 -36.733,88.14 -37.583,136.746 35.068,17.25 55.994,35.297 65.088,54.416 8.03,16.882 4.974,34.41 -5.042,47.96 22.02,19.97 59.516,32.352 98.135,32.972 38.86,0.624 77.95,-10.4 102.942,-33.174 -5.034,-5.972 -8.774,-12.36 -10.582,-19.37 -2.54,-9.836 -0.836,-20.485 4.687,-30.134 10.514,-18.37 33.286,-34.804 70.354,-52.71 C 416.477,176.498 405.08,126.288 380.13,87.814 354.145,47.746 314.61,20.054 254.566,20.054 Z m -75.748,125.982 c 46.19,10.87 94.98,10.703 145.752,0.205 -25.867,37.59 -123.918,37.62 -145.752,-0.205 z m -20.312,13.53 c 7.698,30.39 30.63,47.76 73.336,45.984 l -1.112,33.59 c -39.39,20.126 -72.635,1.99 -103.71,-19.048 h -0.002 c -4.848,-30.567 -0.204,-54.706 31.488,-60.526 z m 186.69,0 c 31.69,5.82 36.333,29.958 31.486,60.525 h -0.002 c -31.076,21.04 -64.32,39.174 -103.71,19.047 l -1.11,-33.59 c 42.707,1.776 65.637,-15.594 73.335,-45.984 z M 250.97,252.19 c 12.102,21.818 21.704,43.634 26.47,65.45 -13.016,9.698 -36.32,11.107 -52.938,0 6.443,-21.816 14.19,-43.632 26.47,-65.45 z M 100.405,353.108 c -50.152,13.628 -82.55,33.813 -82.55,56.204 0,41.018 106.523,74.352 237.697,74.352 131.174,0 237.698,-33.334 237.698,-74.35 0,-22.312 -32.12,-42.58 -81.965,-56.205 17.23,8.88 27.518,19.25 27.518,30.444 0,32.13 -82.31,58.546 -183.247,58.546 -100.937,0 -182.662,-26.418 -182.662,-58.545 0,-11.253 10.112,-21.534 27.518,-30.443 h -0.004 z m 62.54,2.637 -14.903,23.41 c 6.624,5.312 14.328,9.978 22.855,13.955 l 10.898,-28.796 c -6.58,-2.48 -12.888,-5.336 -18.848,-8.57 z m 177.605,0.53 c -5.772,3.14 -11.804,5.894 -18.038,8.28 l 10.703,28.477 c 8.005,-3.6 15.612,-7.817 22.666,-12.676 l -15.33,-24.08 z M 199.645,369.948 188.3,399.924 c 9.524,3.093 19.698,5.462 30.253,7.064 l 3.87,-32.513 c -7.754,-1.09 -15.377,-2.6 -22.778,-4.528 z m 105.04,0.287 c -7.468,1.95 -15.113,3.434 -22.85,4.48 l 3.823,32.126 c 10.274,-1.605 20.384,-3.967 30.112,-7.11 l -11.086,-29.496 z m -63.654,6.045 -3.893,32.712 c 9.87,0.637 19.92,0.623 29.947,-0.07 l -3.873,-32.535 c -4.52,0.206 -9.045,0.287 -13.558,0.215 -2.878,-0.047 -5.752,-0.167 -8.62,-0.323 z"
       fill="#000000"
       fill-opacity="1"
       id="path297-7"
       style="fill:#ffffff;fill-opacity:1" />
  </g>
  <g
     aria-label="2"
     id="text299"
     style="font-size:27.7778px;line-height:1.25;font-family:'DS Cloister Black';-inkscape-font-specification:'DS Cloister Black, ';letter-spacing:0px;word-spacing:0px;fill:#ffffff;fill-opacity:0.74902;stroke-width:0.694444">
    <path
       d="m 55.416674,10.388892 v 0.277778 q 0,0.194445 0.02778,0.25 v 0.361112 q 0,0.08333 0.02778,0.138889 v 0.111111 q 0,3.166669 -3.277781,5.694449 l -3.888892,2.361113 q -1.666668,1.000001 -2.638891,2.555557 0.444445,-0.194444 0.944446,-0.361111 0.527778,-0.194445 1.138889,-0.361111 1.083335,-0.305556 2.194447,-0.416667 0.194444,0 0.277778,-0.02778 h 0.277778 q 0.194444,0 0.277778,-0.02778 h 0.638889 0.08333 q 0.05556,0 0.111112,0.02778 0.05555,0 0.166666,0 0.166667,0.02778 0.305556,0.02778 0.138889,0 0.222223,0 0.111111,0 0.194444,0.02778 0.166667,0 0.416667,0.05556 0.277778,0.05556 0.416667,0.08333 0.08333,0.02778 0.194445,0.05556 0.111111,0.02778 0.222222,0.08333 0.138889,0.02778 0.361111,0.08333 0.777779,0.222222 1.583335,0.583334 l -2.166668,2.527779 -2.694447,-0.916667 -3.222225,-0.111111 q -0.08333,0.02778 -0.333333,0.08333 -0.222223,0.05556 -0.611112,0.166667 -0.333333,0.08333 -0.472222,0.08333 -0.02778,0 -0.111112,0.02778 -0.08333,0.02778 -0.361111,0.08333 -0.166667,0.02778 -0.944445,0.25 -0.25,0.111111 -0.63889,0.138889 -0.05555,0.02778 -0.166666,0.05556 -0.08333,0.02778 -0.138889,0.02778 0.333333,-2.000001 1.611112,-3.444447 0.638889,-0.722223 1.305557,-1.38889 0.666667,-0.694445 1.361112,-1.333334 l 0.08333,-0.08333 0.08333,-0.08333 q 0.361111,-0.305556 0.861111,-0.805556 0.500001,-0.500001 1.13889,-1.13889 0.472223,-0.527778 0.88889,-1.055556 0.416667,-0.555556 0.75,-1.166668 0.02778,-0.05556 0.05556,-0.111111 0.02778,-0.05556 0.05556,-0.166667 0,0.05556 0.111111,-0.25 0.111111,-0.333334 0.138889,-0.63889 0,-0.08333 0,-0.194444 0.02778,-0.111111 0.05555,-0.25 0,-0.166667 0.02778,-0.222223 v -0.361111 q -0.02778,-0.02778 -0.02778,-0.138889 V 11.222226 Q 52.222227,10.527781 51.861116,9.8055584 51.500004,9.0833356 50.888893,8.7222242 l -4.833337,3.7777808 h -0.166667 l -1.611113,-1.583335 -0.05556,-0.416667 5.000004,-4.0000028 z"
       id="path2060" />
  </g>
  <g
     aria-label="D"
     id="text961"
     style="font-size:20.2429px;line-height:1.25;font-family:'DS Cloister Black';-inkscape-font-specification:'DS Cloister Black, ';letter-spacing:0px;word-spacing:0px;fill:#ffffff;fill-opacity:0.498039;stroke-width:0.506073">
    <path
       d="m 5.5060726,120.00001 q 0.4453438,0.93117 1.3765173,1.11336 l 6.8218571,-0.2834 q 0.384616,0.0405 0.910931,0.081 0.546558,0.0405 1.25506,0.12145 1.032388,0.16195 1.821861,0.89069 0.789473,0.72875 1.194331,1.68016 0.202429,0.44535 0.344129,0.91093 0.161944,0.46559 0.283401,0.97166 0.02024,0.0405 0.04049,0.1417 0.02024,0.081 0.04049,0.18219 0,0.081 0.06073,0.30364 0.06073,0.22267 0.121458,0.64778 0.02024,0.081 0.04049,0.34412 0.02024,0.24292 0.04049,0.66802 0.06073,1.03239 0.06073,1.05263 v 0.68826 q 0,0.2834 0.02024,0.34413 v 1.35627 q 0,0.16195 -0.02024,0.50608 -0.02024,0.32388 -0.02024,0.48583 -1.619432,0.60728 -3.340079,2.1255 -0.303643,-0.10121 -1.659917,-0.4251 -0.283401,-0.0607 -0.850202,-0.18219 -0.850202,-0.18218 -1.295546,-0.18218 -0.323886,-0.0405 -0.647773,-0.0607 -0.323886,-0.0202 -0.647773,-0.0202 h -0.506072 q -0.02024,0.0202 -0.161943,0.0202 -0.161943,0.0202 -0.425101,0.0405 -0.242915,0.0203 -0.5870443,0.0607 -0.1619432,0.0203 -0.404858,0.081 -0.2429149,0.0405 -0.5668013,0.12146 -1.4777317,0.38462 -2.8340061,1.17409 h -0.060729 q -0.020243,0 -0.040486,0.0202 H 5.7489874 L 5.7287445,135 H 5.5870442 q 0,0 0.040486,-0.16195 0.020243,-0.0405 0.060729,-0.10121 0.040486,-0.0607 0.060729,-0.081 h 0.020243 v -0.0203 l 4.1700376,-2.71254 q 0.6275301,-0.42511 1.1538451,-1.21458 0.425101,-0.66801 0.526316,-1.59919 v -0.16194 q -0.04049,-0.12146 -0.04049,-0.52632 -0.06073,-0.66801 -0.06073,-0.68826 v -0.18218 q -0.02024,-0.081 -0.02024,-0.18219 v -0.34413 q 0,-0.16194 0,-0.32388 0,-0.16195 0.02024,-0.32389 0.02024,-0.44534 0.121458,-1.33603 0.02024,-0.10122 0.06073,-0.26316 0.04049,-0.16194 0.08097,-0.38461 0.1417,-0.68826 0.344129,-1.25506 l -0.121457,-0.0405 q -0.04049,0.0405 -0.06073,0.0405 h -0.02024 l -0.02024,0.0202 h -0.06073 q -0.06073,0.0607 -0.141701,0.0607 -0.971659,0.64777 -1.174088,1.57894 V 125 q -0.02024,0.0405 -0.02024,0.20243 -0.02024,0.10122 -0.02024,0.22267 0,0.10122 0,0.20243 -0.02024,0.0203 -0.02024,0.12146 v 0.12146 q 0,-0.0203 0,0.081 0,0.081 -0.02024,0.26316 l -0.02024,0.36437 q -0.02024,0.20243 -0.02024,0.36437 0,0.16194 0,0.32389 v 0.30364 q 0,0.22267 0.02024,0.2834 0,0.32389 0,0.60729 0.02024,0.2834 0.06073,0.5668 -0.161943,1.39676 -1.0931164,2.38866 -0.9109306,0.9919 -2.0850188,1.78138 l -0.7489874,0.50607 q -0.4655867,0.32389 -0.7085015,0.4251 H 5.5870442 l 0.3238864,-0.32389 q 0.060729,-0.0607 0.1417003,-0.1417 0.1012145,-0.10121 0.202429,-0.22267 0.7692303,-0.87044 0.9109306,-1.11336 0.4453438,-0.64777 0.4453438,-1.33603 v -0.081 q -0.020243,-0.0202 -0.040486,-0.12146 -0.020243,-0.10121 -0.020243,-0.18218 v -0.081 q -0.040486,-0.0405 -0.040486,-0.081 v -0.081 q -0.020243,-0.0202 -0.060729,-0.1417 -0.020243,0 -0.020243,-0.0405 -0.1821861,-0.42511 -0.5060725,-0.70851 -0.3036436,-0.2834 -0.7085016,-0.2834 l -0.2429148,-0.0405 q -0.080972,0.0405 -0.202429,0.12146 -0.1012145,0.0607 -0.2631577,0.16194 -0.1619432,0.12146 -0.404858,0.2834 l -0.060729,0.0607 -0.040486,0.0405 q 0,-0.91093 0.7287444,-1.45749 0.6882586,-0.46558 1.6194321,-0.46558 H 7.469634 l 0.5465583,-0.0405 q 0.060729,-3.03643 3.0566777,-4.63562 l -3.7246934,-0.0405 q -0.6882587,0 -1.3562744,-0.74899 -0.5060725,-0.68825 -0.607287,-1.43724 v -0.36437 q 0,-0.0202 0.040486,-0.22268 l 0.020243,-0.0202 v -0.0405 q 0,-0.0607 0.020243,-0.12146 0.020243,-0.081 0.040486,-0.12146 z m 9.9595074,9.5344 q -0.02024,0.0203 -0.303644,0.081 -0.384615,0.0607 -0.971659,0.32389 -0.101214,0.0405 -0.263158,0.1417 -0.1417,0.081 -0.303643,0.24292 v 1.17408 q 0.890687,0.1417 1.619432,0.2834 0.748987,0.12146 1.376517,0.28341 0.161943,0.0405 0.404858,0.10121 0.242915,0.0607 0.566801,0.16194 0,-0.0405 0.02024,-0.10121 v -0.081 q 0,-0.0607 0.02024,-0.10122 v -0.64777 q -0.02024,-0.0405 -0.02024,-0.16194 v -0.32389 q -0.02024,-0.10121 -0.04049,-0.18219 0,-0.081 0,-0.1417 l -0.06073,-0.30364 q -0.222672,-0.1417 -0.728745,-0.4251 -0.364372,-0.20243 -0.789473,-0.24292 -0.06073,0 -0.101214,-0.0202 h -0.101215 q -0.06073,0 -0.101214,-0.0202 h -0.101215 z m -2.854249,-6.39675 q -0.02024,0.0405 -0.06073,0.12145 -0.04049,0.081 -0.08097,0.18219 0,0.0405 -0.04049,0.1417 -0.04049,0.10121 -0.06073,0.16194 -0.02024,0.10122 -0.06073,0.24292 -0.04049,0.1417 -0.101214,0.36437 v 0.081 q -0.02024,0.0607 -0.04049,0.12146 0,0.0607 0,0.18219 v 0.18218 q -0.02024,0.0607 -0.02024,0.20243 -0.06073,0.4251 -0.06073,0.58704 v 0.20243 q 0,0.1417 -0.04049,0.4251 -0.02024,0.26316 -0.02024,0.38462 -0.02024,0.26316 -0.02024,0.46559 0,0.18218 0,0.2834 v 0.30364 q 0,0.24292 0,0.38462 0.02024,0.1417 0.02024,0.24291 0.02024,0.081 0.02024,0.16194 0.02024,0.0607 0.02024,0.16195 0.02024,0.10121 0.02024,0.18218 0,0.0607 0.02024,0.1417 0,0.081 0.02024,0.1417 v 0.16195 q -0.1417,0.93117 -0.809716,2.02429 l 0.465587,-0.0405 q 0.08097,0.0607 0.303643,0.0607 h 0.34413 q 0.1417,0.0202 0.222672,0.0405 0.101214,0 0.1417,0 h 0.182186 q 0.04049,0.0202 0.182186,0.0202 v -8.36032 z m 4.81781,3.9676 q -0.04049,0.0405 -0.121457,0.10122 -0.08097,0.0607 -0.101215,0.081 -0.121457,0.0202 -0.263157,0.10122 -0.121458,0.0607 -0.202429,0.1417 -0.04049,0 -0.121458,0.0405 -0.08097,0.0202 -0.121457,0.0405 -0.526316,0.16194 -0.951417,0.16194 -0.890687,0 -1.882589,-0.58704 v 2.46963 q 0.323886,-0.1417 0.566801,-0.22267 0.242915,-0.081 0.404858,-0.12146 0.222672,-0.081 0.48583,-0.10121 0.04049,0 0.08097,0 0.06073,0 0.1417,-0.0203 h 0.242915 q 0.08097,0 0.202429,0.0203 0.121458,0 0.283401,0.0202 0.202429,0 0.506072,0.081 0.08097,0.0202 0.202429,0.0607 0.121458,0.0202 0.283401,0.10121 0.04049,0.0203 0.101214,0.0405 0.06073,0.0202 0.141701,0.0607 0.04049,0.0202 0.121457,0.0607 0.08097,0.0202 0.121458,0.0607 z m -3.805665,-0.78947 q 0.08097,0.46559 0.445344,0.66802 0.263157,0.18218 0.809716,0.30364 0.263157,0.0607 0.303643,0.0607 h 0.364372 q 0.06073,0 0.08097,-0.0202 h 0.121457 q 0.04049,0 0.06073,-0.0203 h 0.04049 q 0.242915,-0.0607 0.404858,-0.10121 0.182186,-0.0607 0.323886,-0.12146 0.161944,-0.081 0.303644,-0.18218 0.161943,-0.10122 0.384615,-0.26316 0,0 0.04049,-0.16195 0,-0.0405 0.02024,-0.10121 v -0.10121 q 0,-0.0203 0.02024,-0.0405 v -0.24291 q -0.02024,-0.0203 -0.02024,-0.081 v -0.10121 q -0.02024,-0.0202 -0.02024,-0.081 -0.06073,-0.34413 -0.263158,-0.66802 -0.182186,-0.34413 -0.425101,-0.64777 -0.242915,-0.30364 -0.546558,-0.54656 -0.283401,-0.24291 -0.566801,-0.38461 -0.04049,-0.0203 -0.101215,-0.0405 -0.04049,-0.0202 -0.161943,-0.0607 -0.06073,-0.0607 -0.242915,-0.081 -0.06073,0 -0.121457,-0.0202 h -0.141701 q -0.04048,0 -0.242914,-0.0405 H 14.21052 q -0.06073,0 -0.121457,-0.0202 h -0.121458 l -0.344129,-0.0405 z"
       id="path2063" />
  </g>
  <g
     aria-label="D"
     id="text961-2"
     style="font-size:20.2429px;line-height:1.25;font-family:'DS Cloister Black';-inkscape-font-specification:'DS Cloister Black, ';letter-spacing:0px;word-spacing:0px;fill:#ffffff;fill-opacity:0.498039;stroke-width:0.506073">
    <path
       d="m 80.506072,5.0000008 q 0.445343,0.9311735 1.376517,1.1133596 l 6.821857,-0.2834006 q 0.384616,0.040486 0.910931,0.080972 0.546558,0.040486 1.25506,0.1214574 1.032388,0.1619432 1.821861,0.8906876 0.789473,0.7287445 1.194331,1.6801608 0.202429,0.4453438 0.344129,0.9109305 0.161944,0.4655867 0.283401,0.9716593 0.02024,0.04049 0.04049,0.1417 0.02024,0.08097 0.04049,0.182186 0,0.08097 0.06073,0.303644 0.06073,0.222672 0.121458,0.647773 0.02024,0.08097 0.04049,0.344129 0.02024,0.242915 0.04049,0.668016 0.06073,1.032388 0.06073,1.052631 v 0.688258 q 0,0.283401 0.02024,0.34413 v 1.356274 q 0,0.161943 -0.02024,0.506072 -0.02024,0.323887 -0.02024,0.48583 -1.619432,0.607287 -3.340078,2.125505 -0.303644,-0.101215 -1.659918,-0.425101 -0.283401,-0.06073 -0.850202,-0.182186 -0.850202,-0.182186 -1.295546,-0.182186 -0.323886,-0.04049 -0.647773,-0.06073 -0.323886,-0.02024 -0.647773,-0.02024 h -0.506072 q -0.02024,0.02024 -0.161943,0.02024 -0.161943,0.02024 -0.425101,0.04049 -0.242915,0.02024 -0.587044,0.06073 -0.161943,0.02024 -0.404858,0.08097 -0.242915,0.04049 -0.566802,0.121457 -1.477731,0.384615 -2.834006,1.174089 h -0.06073 q -0.02024,0 -0.04049,0.02024 h -0.121458 l -0.02024,0.02024 h -0.141701 q 0,0 0.04049,-0.161943 0.02024,-0.04049 0.06073,-0.101214 0.04049,-0.06073 0.06073,-0.08097 h 0.02024 v -0.02024 l 4.170038,-2.712549 q 0.62753,-0.4251 1.153845,-1.214574 0.425101,-0.668015 0.526316,-1.599189 v -0.161943 q -0.04049,-0.121457 -0.04049,-0.526315 -0.06073,-0.668016 -0.06073,-0.688259 v -0.182186 q -0.02024,-0.08097 -0.02024,-0.182186 v -0.34413 q 0,-0.161943 0,-0.323886 0,-0.161943 0.02024,-0.323886 0.02024,-0.445344 0.121458,-1.336032 0.02024,-0.1012144 0.06073,-0.2631576 0.04049,-0.1619432 0.08097,-0.3846151 0.1417,-0.6882586 0.344129,-1.2550598 l -0.121457,-0.040486 q -0.04049,0.040486 -0.06073,0.040486 h -0.02024 l -0.02024,0.020243 H 86.8421 q -0.06073,0.060729 -0.141701,0.060729 -0.971659,0.6477728 -1.174088,1.5789462 v 0.202429 q -0.02024,0.040486 -0.02024,0.2024287 -0.02024,0.101215 -0.02024,0.222672 0,0.101215 0,0.202429 -0.02024,0.02024 -0.02024,0.121458 v 0.121457 q 0,-0.02024 0,0.08097 0,0.08097 -0.02024,0.263157 l -0.02024,0.364373 q -0.02024,0.202429 -0.02024,0.364372 0,0.161943 0,0.323886 v 0.303644 q 0,0.222672 0.02024,0.2834 0,0.323887 0,0.607287 0.02024,0.283401 0.06073,0.566802 -0.161943,1.39676 -1.093116,2.388662 -0.910931,0.991902 -2.085019,1.781375 l -0.748988,0.506073 q -0.465586,0.323886 -0.708501,0.425101 h -0.263158 l 0.323887,-0.323887 q 0.06073,-0.06073 0.1417,-0.1417 0.101214,-0.101215 0.202429,-0.222672 0.76923,-0.870445 0.910931,-1.11336 0.445343,-0.647772 0.445343,-1.336031 v -0.08097 q -0.02024,-0.02024 -0.04049,-0.121457 -0.02024,-0.101215 -0.02024,-0.182186 v -0.08097 q -0.04049,-0.04049 -0.04049,-0.08097 v -0.08097 q -0.02024,-0.02024 -0.06073,-0.1417 -0.02024,0 -0.02024,-0.04049 -0.182186,-0.425101 -0.506072,-0.708502 -0.303644,-0.2834 -0.708502,-0.2834 l -0.242915,-0.04049 q -0.08097,0.04049 -0.202429,0.121457 -0.101214,0.06073 -0.263157,0.161944 -0.161944,0.121457 -0.404858,0.2834 l -0.06073,0.06073 -0.04049,0.04049 q 0,-0.910931 0.728745,-1.457489 0.688258,-0.465587 1.619432,-0.465587 h 0.121457 l 0.546558,-0.04049 q 0.06073,-3.0364348 3.056678,-4.6356239 l -3.724693,-0.040486 q -0.688259,0 -1.356275,-0.7489874 Q 80.485829,6.7408903 80.384614,5.991903 V 5.6275308 q 0,-0.020243 0.04049,-0.2226719 l 0.02024,-0.020243 v -0.040486 q 0,-0.060729 0.02024,-0.1214575 0.02024,-0.080972 0.04049,-0.1214574 z m 9.959507,9.5344062 q -0.02024,0.02024 -0.303644,0.08097 -0.384615,0.06073 -0.971659,0.323886 -0.101214,0.04049 -0.263158,0.1417 -0.1417,0.08097 -0.303643,0.242915 v 1.174089 q 0.890688,0.1417 1.619432,0.2834 0.748987,0.121458 1.376517,0.283401 0.161943,0.04049 0.404858,0.101214 0.242915,0.06073 0.566801,0.161943 0,-0.04049 0.02024,-0.101214 v -0.08097 q 0,-0.06073 0.02024,-0.101214 v -0.647773 q -0.02024,-0.04049 -0.02024,-0.161943 v -0.323887 q -0.02024,-0.101214 -0.04049,-0.182186 0,-0.08097 0,-0.1417 l -0.06073,-0.303644 q -0.222672,-0.1417 -0.728745,-0.4251 -0.364372,-0.202429 -0.789473,-0.242915 -0.06073,0 -0.101214,-0.02024 h -0.101215 q -0.06073,0 -0.101214,-0.02024 H 90.587036 Z M 87.61133,8.1376505 q -0.02024,0.040486 -0.06073,0.1214574 -0.04049,0.080972 -0.08097,0.1821861 0,0.040486 -0.04049,0.1417003 -0.04049,0.1012145 -0.06073,0.1619432 -0.02024,0.1012145 -0.06073,0.2429148 -0.04049,0.1417003 -0.101214,0.3643722 v 0.080972 q -0.02024,0.060729 -0.04049,0.1214574 0,0.060729 0,0.1821861 v 0.1821861 q -0.02024,0.060729 -0.02024,0.2024293 -0.06073,0.425101 -0.06073,0.587044 v 0.202429 q 0,0.1417 -0.04049,0.425101 -0.02024,0.263158 -0.02024,0.384615 -0.02024,0.263158 -0.02024,0.465587 0,0.182186 0,0.2834 v 0.303644 q 0,0.242915 0,0.384615 0.02024,0.1417 0.02024,0.242915 0.02024,0.08097 0.02024,0.161943 0.02024,0.06073 0.02024,0.161943 0.02024,0.101215 0.02024,0.182186 0,0.06073 0.02024,0.141701 0,0.08097 0.02024,0.1417 v 0.161943 q -0.1417,0.931173 -0.809716,2.02429 l 0.465587,-0.04049 q 0.08097,0.06073 0.303643,0.06073 h 0.34413 q 0.1417,0.02024 0.222672,0.04049 0.101214,0 0.1417,0 h 0.182186 q 0.04049,0.02024 0.182186,0.02024 V 8.0971647 Z m 4.81781,3.9676085 q -0.04049,0.04049 -0.121457,0.101215 -0.08097,0.06073 -0.101215,0.08097 -0.121457,0.02024 -0.263157,0.101215 -0.121458,0.06073 -0.202429,0.1417 -0.04049,0 -0.121458,0.04049 -0.08097,0.02024 -0.121457,0.04049 -0.526316,0.161943 -0.951417,0.161943 -0.890687,0 -1.882589,-0.587044 v 2.469634 q 0.323886,-0.141701 0.566801,-0.222672 0.242915,-0.08097 0.404858,-0.121458 0.222672,-0.08097 0.48583,-0.101214 0.04049,0 0.08097,0 0.06073,0 0.1417,-0.02024 h 0.242915 q 0.08097,0 0.202429,0.02024 0.121458,0 0.283401,0.02024 0.202429,0 0.506072,0.08097 0.08097,0.02024 0.202429,0.06073 0.121458,0.02024 0.283401,0.101214 0.04049,0.02024 0.101215,0.04049 0.06073,0.02024 0.1417,0.06073 0.04049,0.02024 0.121457,0.06073 0.08097,0.02024 0.121458,0.06073 z m -3.805665,-0.789473 q 0.08097,0.465587 0.445344,0.668016 0.263157,0.182186 0.809716,0.303643 0.263157,0.06073 0.303643,0.06073 h 0.364372 q 0.06073,0 0.08097,-0.02024 h 0.121457 q 0.04049,0 0.06073,-0.02024 h 0.04049 q 0.242915,-0.06073 0.404858,-0.101214 0.182186,-0.06073 0.323886,-0.121458 0.161944,-0.08097 0.303644,-0.182186 0.161943,-0.101214 0.384615,-0.263158 0,0 0.04049,-0.161943 0,-0.04049 0.02024,-0.101214 V 11.2753 q 0,-0.02024 0.02024,-0.04049 v -0.242915 q -0.02024,-0.02024 -0.02024,-0.08097 v -0.101215 q -0.02024,-0.02024 -0.02024,-0.08097 -0.06073,-0.34413 -0.263158,-0.668016 Q 91.862339,9.7165967 91.619424,9.4129532 91.376509,9.1093097 91.072866,8.8663949 90.789465,8.6234801 90.506065,8.4817798 90.465579,8.4615369 90.40485,8.441294 q -0.04049,-0.020243 -0.161943,-0.060729 -0.06073,-0.060729 -0.242915,-0.080972 -0.06073,0 -0.121457,-0.020243 h -0.141701 q -0.04049,0 -0.242914,-0.040486 h -0.283401 q -0.06073,0 -0.121457,-0.020243 h -0.121458 l -0.344129,-0.040486 z"
       id="path2066" />
  </g>
</svg>
