<?xml version="1.0" encoding="UTF-8" standalone="no"?>
<svg
   width="100px"
   height="140px"
   viewbox="0 0 100 140"
   version="1.1"
   id="svg47"
   sodipodi:docname="card-scroll-i.svg"
   inkscape:export-filename="card-back.png"
   inkscape:export-xdpi="96"
   inkscape:export-ydpi="96"
   inkscape:version="1.2.2 (732a01da63, 2022-12-09)"
   xmlns:inkscape="http://www.inkscape.org/namespaces/inkscape"
   xmlns:sodipodi="http://sodipodi.sourceforge.net/DTD/sodipodi-0.dtd"
   xmlns="http://www.w3.org/2000/svg"
   xmlns:svg="http://www.w3.org/2000/svg">
  <defs
     id="defs51" />
  <sodipodi:namedview
     id="namedview49"
     pagecolor="#ffffff"
     bordercolor="#666666"
     borderopacity="1.0"
     inkscape:showpageshadow="2"
     inkscape:pageopacity="0.0"
     inkscape:pagecheckerboard="0"
     inkscape:deskcolor="#d1d1d1"
     showgrid="false"
     inkscape:zoom="5.8142857"
     inkscape:cx="1.6339066"
     inkscape:cy="70"
     inkscape:window-width="1920"
     inkscape:window-height="1017"
     inkscape:window-x="-8"
     inkscape:window-y="-8"
     inkscape:window-maximized="1"
     inkscape:current-layer="svg47" />
  <path
     id="rect2"
     style="opacity:1;fill:#806010;stroke:#000000"
     d="m 4.5,0.5 h 91 c 2.216,0 4,1.784 4,4 v 131 c 0,2.216 -1.784,4 -4,4 h -91 c -2.216,0 -4,-1.784 -4,-4 V 4.5 c 0,-2.216 1.784,-4 4,-4 z" />
  <g
     class=""
     id="g14532"
     transform="matrix(0.04448107,0,0,0.04435309,4.0902284,4.1838241)"
     style="fill:#ffffff;fill-opacity:1">
    <path
       d="m 376.34998,12.772889 c -15.98767,-0.23083 -28.57438,4.732018 -33.33839,15.100908 -23.32011,50.784941 -49.90354,89.213543 -80.97707,120.070913 3.11946,1.03874 6.18989,2.34524 9.15077,3.87333 13.29632,6.8672 25.86968,18.20327 36.15287,31.57757 10.28296,13.37199 18.27484,28.78221 21.27461,44.53406 0.76416,4.00259 1.18767,8.07444 1.18537,12.12551 39.89793,-24.93889 87.08319,-42.20499 144.22918,-52.53233 15.26517,-2.76304 24.21523,-29.31543 21.91471,-60.05277 l -35.99314,-1.01565 31.28782,-25.40286 C 486.98989,86.199959 479.9615,71.613802 469.57795,59.361337 453.68028,40.613313 432.28045,27.239014 411.50738,19.755501 l -26.58113,15.964213 2.87893,-22.011963 C 383.83802,13.153759 380.01401,12.807513 376.3509,12.78443 Z M 246.7102,164.45369 c -1.0887,0 -2.10834,0.23083 -3.07159,0.48474 -12.26102,10.49816 -25.19598,20.06376 -38.84123,28.95303 0.86313,0.34624 1.71015,0.69249 2.55946,1.06181 14.45936,6.3386 28.09126,17.55233 39.38604,31.35366 13.67402,16.7098 24.18232,37.81921 26.23403,59.12484 10.58011,-10.61357 21.74577,-20.41924 33.6261,-29.40546 4.19342,-6.71023 5.04734,-14.81237 3.19932,-24.50723 -2.23492,-11.7331 -8.84764,-25.01045 -17.66075,-36.47347 -8.81496,-11.45841 -19.84136,-21.11173 -29.75491,-26.23385 -6.1961,-3.20161 -11.41953,-4.55659 -15.67763,-4.35115 z m -63.381,44.31246 c -1.41784,0 -2.75419,0.277 -4.06246,0.57708 -37.88097,21.25484 -80.971092,38.88795 -130.343405,57.33128 0.586927,0 1.166949,0 1.760781,0.23083 10.880019,1.17723 21.577745,5.12904 31.896845,11.13525 l 38.584359,-16.82752 -16.18952,33.49807 c 6.13765,5.5607 12.08402,11.74925 17.75696,18.42717 21.25413,25.01737 38.86793,57.19509 48.21527,90.18995 0.002,0.009 -0.003,0.0231 0,0 3.05087,10.759 5.2317,21.41412 6.46218,31.73915 21.48982,-49.59155 45.43668,-91.38566 74.06652,-125.92939 7.47377,-21.99119 -2.23722,-49.55923 -19.51682,-70.67326 -9.66473,-11.81158 -21.47555,-21.21099 -32.28076,-25.94762 -6.07735,-2.66609 -11.5383,-3.89872 -16.35018,-3.71175 z m 144.99794,56.14943 c -7.4839,5.1706 -14.80622,10.7613 -21.9474,16.70056 40.09242,9.4802 62.4044,36.57273 82.57536,63.63526 10.71315,14.37379 21.08841,28.7799 33.9138,41.65792 24.76603,9.36477 44.19792,6.53018 65.42765,-15.29481 C 393.93708,343.17393 389.8981,276.80103 328.32622,264.91327 Z M 43.643522,285.61643 c -11.131822,0.23083 -18.694666,5.89079 -23.899674,16.9891 -5.948449,12.68181 -7.283421,33.24185 0.448827,58.4208 5.886994,19.17506 16.913399,38.61558 29.434512,52.85318 12.521113,14.2376 26.516679,22.60058 36.216168,22.9399 h 0.02302 c 3.80536,0.23083 6.708923,-0.69249 9.021646,-2.81613 l -0.184134,-0.23083 2.14286,-2.14672 c 0.812491,-1.20031 1.555932,-2.60838 2.23953,-4.28651 2.876863,-7.06341 3.357913,-18.99271 -1.887374,-33.78661 -7.04888,-19.87909 -19.575287,-32.69017 -34.169519,-35.60786 l -23.514834,-4.672 20.284663,-12.79723 39.386036,-24.76115 C 82.138812,298.49214 63.812414,287.44922 48.633557,285.79879 c -1.740066,-0.23083 -3.402106,-0.25392 -4.992103,-0.23083 z m 241.875218,5.533 -25.11404,25.97993 c 102.83332,18.30252 56.77013,144.36118 163.10292,180.38222 l -25.36999,-58.64471 c 33.54623,16.53437 68.99456,23.1615 100.04669,12.3171 C 359.18178,408.23802 399.57112,321.17812 285.51874,291.14943 Z m -173.50511,39.13033 -26.586417,16.73287 c 13.494031,8.7023 23.762727,23.10148 29.818657,40.18292 2.63105,7.41657 4.2314,14.5446 4.86298,21.27561 L 144.10704,384.541 c -8.27245,-19.64826 -19.48828,-38.46092 -32.09134,-54.26124 z m 39.2896,74.09647 -43.06434,42.99904 -0.16112,-0.23083 c -4.35638,4.03722 -9.681078,6.92722 -15.547588,8.12753 23.821878,15.22787 45.706898,19.80754 58.164708,9.78951 4.36145,-3.50631 7.21069,-8.55918 8.67157,-14.74774 -0.41891,-12.9865 -2.66396,-27.2495 -6.81549,-41.87951 -0.39129,-1.38498 -0.82631,-2.7515 -1.24981,-4.12955 z"
       fill="#000000"
       fill-opacity="1"
       id="path14530-0"
       style="fill:#000000;fill-opacity:1;stroke-width:1.02381" />
    <path
       d="m 373.563,18.406 c -15.616,-0.167 -27.91,4.622 -32.563,14.75 -22.778,49.605 -48.743,87.14 -79.094,117.28 3.047,1.015 6.046,2.29 8.938,3.783 12.987,6.708 25.268,17.78 35.312,30.843 10.044,13.062 17.85,28.114 20.78,43.5 0.746,3.908 1.16,7.885 1.158,11.843 38.97,-24.36 85.058,-41.223 140.875,-51.312 14.91,-2.697 23.652,-28.632 21.405,-58.656 l -35.156,-1 30.56,-24.813 C 481.63,90.117 474.765,75.87 464.623,63.904 449.095,45.59 428.193,32.528 407.903,25.218 l -25.963,15.594 2.812,-21.5 c -3.875,-0.55 -7.61,-0.87 -11.188,-0.907 z M 246.938,166.562 c -1.063,0.052 -2.06,0.226 -3,0.47 -11.976,10.254 -24.61,19.597 -37.938,28.28 0.842,0.33 1.67,0.667 2.5,1.032 14.123,6.192 27.438,17.145 38.47,30.625 13.356,16.322 23.62,36.94 25.624,57.75 10.334,-10.367 21.24,-19.943 32.844,-28.72 4.096,-6.555 4.93,-14.468 3.125,-23.938 -2.184,-11.46 -8.642,-24.43 -17.25,-35.625 -8.61,-11.194 -19.38,-20.622 -29.063,-25.625 -6.052,-3.126 -11.154,-4.45 -15.313,-4.25 z m -61.907,43.282 c -1.385,0.053 -2.69,0.27 -3.968,0.562 -37,20.762 -79.088,37.985 -127.312,56 0.574,0.042 1.14,0.093 1.72,0.156 10.627,1.156 21.076,5.008 31.155,10.875 L 124.313,261 108.5,293.72 c 5.995,5.432 11.803,11.477 17.344,18 20.76,24.434 37.964,55.865 47.094,88.092 0.002,0.01 -0.003,0.022 0,0.032 2.98,10.508 5.11,20.916 6.312,31 20.99,-48.438 44.38,-89.26 72.344,-123 7.3,-21.48 -2.186,-48.408 -19.063,-69.03 -9.44,-11.538 -20.976,-20.718 -31.53,-25.345 -5.936,-2.604 -11.27,-3.808 -15.97,-3.626 z m 141.626,54.844 c -7.31,5.05 -14.462,10.51 -21.437,16.312 39.16,9.26 60.953,35.722 80.655,62.156 10.464,14.04 20.598,28.11 33.125,40.688 24.19,9.147 43.17,6.38 63.906,-14.938 -92.165,-27.78 -96.11,-92.61 -156.25,-104.22 z M 48.594,284.906 c -10.873,0.225 -18.26,5.755 -23.344,16.594 -5.81,12.387 -7.114,32.47 0.438,57.063 5.75,18.73 16.52,37.718 28.75,51.625 12.23,13.906 25.9,22.076 35.374,22.406 h 0.032 c 3.717,0.13 6.553,-0.682 8.812,-2.75 l -0.187,-0.188 2.093,-2.094 c 0.793,-1.168 1.52,-2.548 2.187,-4.187 2.81,-6.9 3.28,-18.552 -1.844,-33 -6.885,-19.417 -19.12,-31.932 -33.375,-34.78 l -22.968,-4.564 19.813,-12.5 38.47,-24.186 c -16.65,-16.822 -34.55,-27.607 -49.376,-29.22 -1.7,-0.184 -3.323,-0.25 -4.876,-0.218 z m 236.25,5.406 -24.53,25.375 c 100.442,17.878 55.45,141.005 159.31,176.188 l -24.78,-57.28 c 32.766,16.15 67.39,22.623 97.72,12.03 -135.77,-41.948 -96.32,-126.983 -207.72,-156.313 z m -169.47,38.22 -25.968,16.343 c 13.18,8.5 23.21,22.565 29.125,39.25 2.57,7.244 4.133,14.205 4.75,20.78 l 23.44,-23.374 c -8.08,-19.19 -19.035,-37.566 -31.345,-53 z m 38.376,72.374 -42.063,42 -0.156,-0.156 c -4.255,3.942 -9.456,6.765 -15.186,7.938 23.268,14.873 44.644,19.346 56.812,9.562 4.26,-3.426 7.043,-8.36 8.47,-14.406 -0.41,-12.684 -2.602,-26.615 -6.657,-40.906 -0.382,-1.346 -0.806,-2.686 -1.22,-4.032 z"
       fill="#000000"
       fill-opacity="1"
       id="path14530"
       style="fill:#ffffff;fill-opacity:1" />
  </g>
  <g
     class=""
     id="g14532-2"
     transform="matrix(0.04448107,0,0,0.04435309,4.0902284,30.183824)"
     style="fill:#ffffff;fill-opacity:1">
    <path
       d="m 376.34998,12.772889 c -15.98767,-0.23083 -28.57438,4.732018 -33.33839,15.100908 -23.32011,50.784941 -49.90354,89.213543 -80.97707,120.070913 3.11946,1.03874 6.18989,2.34524 9.15077,3.87333 13.29632,6.8672 25.86968,18.20327 36.15287,31.57757 10.28296,13.37199 18.27484,28.78221 21.27461,44.53406 0.76416,4.00259 1.18767,8.07444 1.18537,12.12551 39.89793,-24.93889 87.08319,-42.20499 144.22918,-52.53233 15.26517,-2.76304 24.21523,-29.31543 21.91471,-60.05277 l -35.99314,-1.01565 31.28782,-25.40286 C 486.98989,86.199959 479.9615,71.613802 469.57795,59.361337 453.68028,40.613313 432.28045,27.239014 411.50738,19.755501 l -26.58113,15.964213 2.87893,-22.011963 C 383.83802,13.153759 380.01401,12.807513 376.3509,12.78443 Z M 246.7102,164.45369 c -1.0887,0 -2.10834,0.23083 -3.07159,0.48474 -12.26102,10.49816 -25.19598,20.06376 -38.84123,28.95303 0.86313,0.34624 1.71015,0.69249 2.55946,1.06181 14.45936,6.3386 28.09126,17.55233 39.38604,31.35366 13.67402,16.7098 24.18232,37.81921 26.23403,59.12484 10.58011,-10.61357 21.74577,-20.41924 33.6261,-29.40546 4.19342,-6.71023 5.04734,-14.81237 3.19932,-24.50723 -2.23492,-11.7331 -8.84764,-25.01045 -17.66075,-36.47347 -8.81496,-11.45841 -19.84136,-21.11173 -29.75491,-26.23385 -6.1961,-3.20161 -11.41953,-4.55659 -15.67763,-4.35115 z m -63.381,44.31246 c -1.41784,0 -2.75419,0.277 -4.06246,0.57708 -37.88097,21.25484 -80.971092,38.88795 -130.343405,57.33128 0.586927,0 1.166949,0 1.760781,0.23083 10.880019,1.17723 21.577745,5.12904 31.896845,11.13525 l 38.584359,-16.82752 -16.18952,33.49807 c 6.13765,5.5607 12.08402,11.74925 17.75696,18.42717 21.25413,25.01737 38.86793,57.19509 48.21527,90.18995 0.002,0.009 -0.003,0.0231 0,0 3.05087,10.759 5.2317,21.41412 6.46218,31.73915 21.48982,-49.59155 45.43668,-91.38566 74.06652,-125.92939 7.47377,-21.99119 -2.23722,-49.55923 -19.51682,-70.67326 -9.66473,-11.81158 -21.47555,-21.21099 -32.28076,-25.94762 -6.07735,-2.66609 -11.5383,-3.89872 -16.35018,-3.71175 z m 144.99794,56.14943 c -7.4839,5.1706 -14.80622,10.7613 -21.9474,16.70056 40.09242,9.4802 62.4044,36.57273 82.57536,63.63526 10.71315,14.37379 21.08841,28.7799 33.9138,41.65792 24.76603,9.36477 44.19792,6.53018 65.42765,-15.29481 C 393.93708,343.17393 389.8981,276.80103 328.32622,264.91327 Z M 43.643522,285.61643 c -11.131822,0.23083 -18.694666,5.89079 -23.899674,16.9891 -5.948449,12.68181 -7.283421,33.24185 0.448827,58.4208 5.886994,19.17506 16.913399,38.61558 29.434512,52.85318 12.521113,14.2376 26.516679,22.60058 36.216168,22.9399 h 0.02302 c 3.80536,0.23083 6.708923,-0.69249 9.021646,-2.81613 l -0.184134,-0.23083 2.14286,-2.14672 c 0.812491,-1.20031 1.555932,-2.60838 2.23953,-4.28651 2.876863,-7.06341 3.357913,-18.99271 -1.887374,-33.78661 -7.04888,-19.87909 -19.575287,-32.69017 -34.169519,-35.60786 l -23.514834,-4.672 20.284663,-12.79723 39.386036,-24.76115 C 82.138812,298.49214 63.812414,287.44922 48.633557,285.79879 c -1.740066,-0.23083 -3.402106,-0.25392 -4.992103,-0.23083 z m 241.875218,5.533 -25.11404,25.97993 c 102.83332,18.30252 56.77013,144.36118 163.10292,180.38222 l -25.36999,-58.64471 c 33.54623,16.53437 68.99456,23.1615 100.04669,12.3171 C 359.18178,408.23802 399.57112,321.17812 285.51874,291.14943 Z m -173.50511,39.13033 -26.586417,16.73287 c 13.494031,8.7023 23.762727,23.10148 29.818657,40.18292 2.63105,7.41657 4.2314,14.5446 4.86298,21.27561 L 144.10704,384.541 c -8.27245,-19.64826 -19.48828,-38.46092 -32.09134,-54.26124 z m 39.2896,74.09647 -43.06434,42.99904 -0.16112,-0.23083 c -4.35638,4.03722 -9.681078,6.92722 -15.547588,8.12753 23.821878,15.22787 45.706898,19.80754 58.164708,9.78951 4.36145,-3.50631 7.21069,-8.55918 8.67157,-14.74774 -0.41891,-12.9865 -2.66396,-27.2495 -6.81549,-41.87951 -0.39129,-1.38498 -0.82631,-2.7515 -1.24981,-4.12955 z"
       fill="#000000"
       fill-opacity="1"
       id="path14530-0-5"
       style="fill:#000000;fill-opacity:1;stroke-width:1.02381" />
    <path
       d="m 373.563,18.406 c -15.616,-0.167 -27.91,4.622 -32.563,14.75 -22.778,49.605 -48.743,87.14 -79.094,117.28 3.047,1.015 6.046,2.29 8.938,3.783 12.987,6.708 25.268,17.78 35.312,30.843 10.044,13.062 17.85,28.114 20.78,43.5 0.746,3.908 1.16,7.885 1.158,11.843 38.97,-24.36 85.058,-41.223 140.875,-51.312 14.91,-2.697 23.652,-28.632 21.405,-58.656 l -35.156,-1 30.56,-24.813 C 481.63,90.117 474.765,75.87 464.623,63.904 449.095,45.59 428.193,32.528 407.903,25.218 l -25.963,15.594 2.812,-21.5 c -3.875,-0.55 -7.61,-0.87 -11.188,-0.907 z M 246.938,166.562 c -1.063,0.052 -2.06,0.226 -3,0.47 -11.976,10.254 -24.61,19.597 -37.938,28.28 0.842,0.33 1.67,0.667 2.5,1.032 14.123,6.192 27.438,17.145 38.47,30.625 13.356,16.322 23.62,36.94 25.624,57.75 10.334,-10.367 21.24,-19.943 32.844,-28.72 4.096,-6.555 4.93,-14.468 3.125,-23.938 -2.184,-11.46 -8.642,-24.43 -17.25,-35.625 -8.61,-11.194 -19.38,-20.622 -29.063,-25.625 -6.052,-3.126 -11.154,-4.45 -15.313,-4.25 z m -61.907,43.282 c -1.385,0.053 -2.69,0.27 -3.968,0.562 -37,20.762 -79.088,37.985 -127.312,56 0.574,0.042 1.14,0.093 1.72,0.156 10.627,1.156 21.076,5.008 31.155,10.875 L 124.313,261 108.5,293.72 c 5.995,5.432 11.803,11.477 17.344,18 20.76,24.434 37.964,55.865 47.094,88.092 0.002,0.01 -0.003,0.022 0,0.032 2.98,10.508 5.11,20.916 6.312,31 20.99,-48.438 44.38,-89.26 72.344,-123 7.3,-21.48 -2.186,-48.408 -19.063,-69.03 -9.44,-11.538 -20.976,-20.718 -31.53,-25.345 -5.936,-2.604 -11.27,-3.808 -15.97,-3.626 z m 141.626,54.844 c -7.31,5.05 -14.462,10.51 -21.437,16.312 39.16,9.26 60.953,35.722 80.655,62.156 10.464,14.04 20.598,28.11 33.125,40.688 24.19,9.147 43.17,6.38 63.906,-14.938 -92.165,-27.78 -96.11,-92.61 -156.25,-104.22 z M 48.594,284.906 c -10.873,0.225 -18.26,5.755 -23.344,16.594 -5.81,12.387 -7.114,32.47 0.438,57.063 5.75,18.73 16.52,37.718 28.75,51.625 12.23,13.906 25.9,22.076 35.374,22.406 h 0.032 c 3.717,0.13 6.553,-0.682 8.812,-2.75 l -0.187,-0.188 2.093,-2.094 c 0.793,-1.168 1.52,-2.548 2.187,-4.187 2.81,-6.9 3.28,-18.552 -1.844,-33 -6.885,-19.417 -19.12,-31.932 -33.375,-34.78 l -22.968,-4.564 19.813,-12.5 38.47,-24.186 c -16.65,-16.822 -34.55,-27.607 -49.376,-29.22 -1.7,-0.184 -3.323,-0.25 -4.876,-0.218 z m 236.25,5.406 -24.53,25.375 c 100.442,17.878 55.45,141.005 159.31,176.188 l -24.78,-57.28 c 32.766,16.15 67.39,22.623 97.72,12.03 -135.77,-41.948 -96.32,-126.983 -207.72,-156.313 z m -169.47,38.22 -25.968,16.343 c 13.18,8.5 23.21,22.565 29.125,39.25 2.57,7.244 4.133,14.205 4.75,20.78 l 23.44,-23.374 c -8.08,-19.19 -19.035,-37.566 -31.345,-53 z m 38.376,72.374 -42.063,42 -0.156,-0.156 c -4.255,3.942 -9.456,6.765 -15.186,7.938 23.268,14.873 44.644,19.346 56.812,9.562 4.26,-3.426 7.043,-8.36 8.47,-14.406 -0.41,-12.684 -2.602,-26.615 -6.657,-40.906 -0.382,-1.346 -0.806,-2.686 -1.22,-4.032 z"
       fill="#000000"
       fill-opacity="1"
       id="path14530-36"
       style="fill:#ffffff;fill-opacity:1" />
  </g>
  <g
     class=""
     id="g14532-7"
     transform="matrix(0.04448107,0,0,0.04435309,4.0902284,56.183824)"
     style="fill:#ffffff;fill-opacity:1">
    <path
       d="m 376.34998,12.772889 c -15.98767,-0.23083 -28.57438,4.732018 -33.33839,15.100908 -23.32011,50.784941 -49.90354,89.213543 -80.97707,120.070913 3.11946,1.03874 6.18989,2.34524 9.15077,3.87333 13.29632,6.8672 25.86968,18.20327 36.15287,31.57757 10.28296,13.37199 18.27484,28.78221 21.27461,44.53406 0.76416,4.00259 1.18767,8.07444 1.18537,12.12551 39.89793,-24.93889 87.08319,-42.20499 144.22918,-52.53233 15.26517,-2.76304 24.21523,-29.31543 21.91471,-60.05277 l -35.99314,-1.01565 31.28782,-25.40286 C 486.98989,86.199959 479.9615,71.613802 469.57795,59.361337 453.68028,40.613313 432.28045,27.239014 411.50738,19.755501 l -26.58113,15.964213 2.87893,-22.011963 C 383.83802,13.153759 380.01401,12.807513 376.3509,12.78443 Z M 246.7102,164.45369 c -1.0887,0 -2.10834,0.23083 -3.07159,0.48474 -12.26102,10.49816 -25.19598,20.06376 -38.84123,28.95303 0.86313,0.34624 1.71015,0.69249 2.55946,1.06181 14.45936,6.3386 28.09126,17.55233 39.38604,31.35366 13.67402,16.7098 24.18232,37.81921 26.23403,59.12484 10.58011,-10.61357 21.74577,-20.41924 33.6261,-29.40546 4.19342,-6.71023 5.04734,-14.81237 3.19932,-24.50723 -2.23492,-11.7331 -8.84764,-25.01045 -17.66075,-36.47347 -8.81496,-11.45841 -19.84136,-21.11173 -29.75491,-26.23385 -6.1961,-3.20161 -11.41953,-4.55659 -15.67763,-4.35115 z m -63.381,44.31246 c -1.41784,0 -2.75419,0.277 -4.06246,0.57708 -37.88097,21.25484 -80.971092,38.88795 -130.343405,57.33128 0.586927,0 1.166949,0 1.760781,0.23083 10.880019,1.17723 21.577745,5.12904 31.896845,11.13525 l 38.584359,-16.82752 -16.18952,33.49807 c 6.13765,5.5607 12.08402,11.74925 17.75696,18.42717 21.25413,25.01737 38.86793,57.19509 48.21527,90.18995 0.002,0.009 -0.003,0.0231 0,0 3.05087,10.759 5.2317,21.41412 6.46218,31.73915 21.48982,-49.59155 45.43668,-91.38566 74.06652,-125.92939 7.47377,-21.99119 -2.23722,-49.55923 -19.51682,-70.67326 -9.66473,-11.81158 -21.47555,-21.21099 -32.28076,-25.94762 -6.07735,-2.66609 -11.5383,-3.89872 -16.35018,-3.71175 z m 144.99794,56.14943 c -7.4839,5.1706 -14.80622,10.7613 -21.9474,16.70056 40.09242,9.4802 62.4044,36.57273 82.57536,63.63526 10.71315,14.37379 21.08841,28.7799 33.9138,41.65792 24.76603,9.36477 44.19792,6.53018 65.42765,-15.29481 C 393.93708,343.17393 389.8981,276.80103 328.32622,264.91327 Z M 43.643522,285.61643 c -11.131822,0.23083 -18.694666,5.89079 -23.899674,16.9891 -5.948449,12.68181 -7.283421,33.24185 0.448827,58.4208 5.886994,19.17506 16.913399,38.61558 29.434512,52.85318 12.521113,14.2376 26.516679,22.60058 36.216168,22.9399 h 0.02302 c 3.80536,0.23083 6.708923,-0.69249 9.021646,-2.81613 l -0.184134,-0.23083 2.14286,-2.14672 c 0.812491,-1.20031 1.555932,-2.60838 2.23953,-4.28651 2.876863,-7.06341 3.357913,-18.99271 -1.887374,-33.78661 -7.04888,-19.87909 -19.575287,-32.69017 -34.169519,-35.60786 l -23.514834,-4.672 20.284663,-12.79723 39.386036,-24.76115 C 82.138812,298.49214 63.812414,287.44922 48.633557,285.79879 c -1.740066,-0.23083 -3.402106,-0.25392 -4.992103,-0.23083 z m 241.875218,5.533 -25.11404,25.97993 c 102.83332,18.30252 56.77013,144.36118 163.10292,180.38222 l -25.36999,-58.64471 c 33.54623,16.53437 68.99456,23.1615 100.04669,12.3171 C 359.18178,408.23802 399.57112,321.17812 285.51874,291.14943 Z m -173.50511,39.13033 -26.586417,16.73287 c 13.494031,8.7023 23.762727,23.10148 29.818657,40.18292 2.63105,7.41657 4.2314,14.5446 4.86298,21.27561 L 144.10704,384.541 c -8.27245,-19.64826 -19.48828,-38.46092 -32.09134,-54.26124 z m 39.2896,74.09647 -43.06434,42.99904 -0.16112,-0.23083 c -4.35638,4.03722 -9.681078,6.92722 -15.547588,8.12753 23.821878,15.22787 45.706898,19.80754 58.164708,9.78951 4.36145,-3.50631 7.21069,-8.55918 8.67157,-14.74774 -0.41891,-12.9865 -2.66396,-27.2495 -6.81549,-41.87951 -0.39129,-1.38498 -0.82631,-2.7515 -1.24981,-4.12955 z"
       fill="#000000"
       fill-opacity="1"
       id="path14530-0-8"
       style="fill:#000000;fill-opacity:1;stroke-width:1.02381" />
    <path
       d="m 373.563,18.406 c -15.616,-0.167 -27.91,4.622 -32.563,14.75 -22.778,49.605 -48.743,87.14 -79.094,117.28 3.047,1.015 6.046,2.29 8.938,3.783 12.987,6.708 25.268,17.78 35.312,30.843 10.044,13.062 17.85,28.114 20.78,43.5 0.746,3.908 1.16,7.885 1.158,11.843 38.97,-24.36 85.058,-41.223 140.875,-51.312 14.91,-2.697 23.652,-28.632 21.405,-58.656 l -35.156,-1 30.56,-24.813 C 481.63,90.117 474.765,75.87 464.623,63.904 449.095,45.59 428.193,32.528 407.903,25.218 l -25.963,15.594 2.812,-21.5 c -3.875,-0.55 -7.61,-0.87 -11.188,-0.907 z M 246.938,166.562 c -1.063,0.052 -2.06,0.226 -3,0.47 -11.976,10.254 -24.61,19.597 -37.938,28.28 0.842,0.33 1.67,0.667 2.5,1.032 14.123,6.192 27.438,17.145 38.47,30.625 13.356,16.322 23.62,36.94 25.624,57.75 10.334,-10.367 21.24,-19.943 32.844,-28.72 4.096,-6.555 4.93,-14.468 3.125,-23.938 -2.184,-11.46 -8.642,-24.43 -17.25,-35.625 -8.61,-11.194 -19.38,-20.622 -29.063,-25.625 -6.052,-3.126 -11.154,-4.45 -15.313,-4.25 z m -61.907,43.282 c -1.385,0.053 -2.69,0.27 -3.968,0.562 -37,20.762 -79.088,37.985 -127.312,56 0.574,0.042 1.14,0.093 1.72,0.156 10.627,1.156 21.076,5.008 31.155,10.875 L 124.313,261 108.5,293.72 c 5.995,5.432 11.803,11.477 17.344,18 20.76,24.434 37.964,55.865 47.094,88.092 0.002,0.01 -0.003,0.022 0,0.032 2.98,10.508 5.11,20.916 6.312,31 20.99,-48.438 44.38,-89.26 72.344,-123 7.3,-21.48 -2.186,-48.408 -19.063,-69.03 -9.44,-11.538 -20.976,-20.718 -31.53,-25.345 -5.936,-2.604 -11.27,-3.808 -15.97,-3.626 z m 141.626,54.844 c -7.31,5.05 -14.462,10.51 -21.437,16.312 39.16,9.26 60.953,35.722 80.655,62.156 10.464,14.04 20.598,28.11 33.125,40.688 24.19,9.147 43.17,6.38 63.906,-14.938 -92.165,-27.78 -96.11,-92.61 -156.25,-104.22 z M 48.594,284.906 c -10.873,0.225 -18.26,5.755 -23.344,16.594 -5.81,12.387 -7.114,32.47 0.438,57.063 5.75,18.73 16.52,37.718 28.75,51.625 12.23,13.906 25.9,22.076 35.374,22.406 h 0.032 c 3.717,0.13 6.553,-0.682 8.812,-2.75 l -0.187,-0.188 2.093,-2.094 c 0.793,-1.168 1.52,-2.548 2.187,-4.187 2.81,-6.9 3.28,-18.552 -1.844,-33 -6.885,-19.417 -19.12,-31.932 -33.375,-34.78 l -22.968,-4.564 19.813,-12.5 38.47,-24.186 c -16.65,-16.822 -34.55,-27.607 -49.376,-29.22 -1.7,-0.184 -3.323,-0.25 -4.876,-0.218 z m 236.25,5.406 -24.53,25.375 c 100.442,17.878 55.45,141.005 159.31,176.188 l -24.78,-57.28 c 32.766,16.15 67.39,22.623 97.72,12.03 -135.77,-41.948 -96.32,-126.983 -207.72,-156.313 z m -169.47,38.22 -25.968,16.343 c 13.18,8.5 23.21,22.565 29.125,39.25 2.57,7.244 4.133,14.205 4.75,20.78 l 23.44,-23.374 c -8.08,-19.19 -19.035,-37.566 -31.345,-53 z m 38.376,72.374 -42.063,42 -0.156,-0.156 c -4.255,3.942 -9.456,6.765 -15.186,7.938 23.268,14.873 44.644,19.346 56.812,9.562 4.26,-3.426 7.043,-8.36 8.47,-14.406 -0.41,-12.684 -2.602,-26.615 -6.657,-40.906 -0.382,-1.346 -0.806,-2.686 -1.22,-4.032 z"
       fill="#000000"
       fill-opacity="1"
       id="path14530-3"
       style="fill:#ffffff;fill-opacity:1" />
  </g>
  <g
     class=""
     id="g14532-4"
     transform="matrix(0.04448107,0,0,0.04435309,4.0902284,82.183824)"
     style="fill:#ffffff;fill-opacity:1">
    <path
       d="m 376.34998,12.772889 c -15.98767,-0.23083 -28.57438,4.732018 -33.33839,15.100908 -23.32011,50.784941 -49.90354,89.213543 -80.97707,120.070913 3.11946,1.03874 6.18989,2.34524 9.15077,3.87333 13.29632,6.8672 25.86968,18.20327 36.15287,31.57757 10.28296,13.37199 18.27484,28.78221 21.27461,44.53406 0.76416,4.00259 1.18767,8.07444 1.18537,12.12551 39.89793,-24.93889 87.08319,-42.20499 144.22918,-52.53233 15.26517,-2.76304 24.21523,-29.31543 21.91471,-60.05277 l -35.99314,-1.01565 31.28782,-25.40286 C 486.98989,86.199959 479.9615,71.613802 469.57795,59.361337 453.68028,40.613313 432.28045,27.239014 411.50738,19.755501 l -26.58113,15.964213 2.87893,-22.011963 C 383.83802,13.153759 380.01401,12.807513 376.3509,12.78443 Z M 246.7102,164.45369 c -1.0887,0 -2.10834,0.23083 -3.07159,0.48474 -12.26102,10.49816 -25.19598,20.06376 -38.84123,28.95303 0.86313,0.34624 1.71015,0.69249 2.55946,1.06181 14.45936,6.3386 28.09126,17.55233 39.38604,31.35366 13.67402,16.7098 24.18232,37.81921 26.23403,59.12484 10.58011,-10.61357 21.74577,-20.41924 33.6261,-29.40546 4.19342,-6.71023 5.04734,-14.81237 3.19932,-24.50723 -2.23492,-11.7331 -8.84764,-25.01045 -17.66075,-36.47347 -8.81496,-11.45841 -19.84136,-21.11173 -29.75491,-26.23385 -6.1961,-3.20161 -11.41953,-4.55659 -15.67763,-4.35115 z m -63.381,44.31246 c -1.41784,0 -2.75419,0.277 -4.06246,0.57708 -37.88097,21.25484 -80.971092,38.88795 -130.343405,57.33128 0.586927,0 1.166949,0 1.760781,0.23083 10.880019,1.17723 21.577745,5.12904 31.896845,11.13525 l 38.584359,-16.82752 -16.18952,33.49807 c 6.13765,5.5607 12.08402,11.74925 17.75696,18.42717 21.25413,25.01737 38.86793,57.19509 48.21527,90.18995 0.002,0.009 -0.003,0.0231 0,0 3.05087,10.759 5.2317,21.41412 6.46218,31.73915 21.48982,-49.59155 45.43668,-91.38566 74.06652,-125.92939 7.47377,-21.99119 -2.23722,-49.55923 -19.51682,-70.67326 -9.66473,-11.81158 -21.47555,-21.21099 -32.28076,-25.94762 -6.07735,-2.66609 -11.5383,-3.89872 -16.35018,-3.71175 z m 144.99794,56.14943 c -7.4839,5.1706 -14.80622,10.7613 -21.9474,16.70056 40.09242,9.4802 62.4044,36.57273 82.57536,63.63526 10.71315,14.37379 21.08841,28.7799 33.9138,41.65792 24.76603,9.36477 44.19792,6.53018 65.42765,-15.29481 C 393.93708,343.17393 389.8981,276.80103 328.32622,264.91327 Z M 43.643522,285.61643 c -11.131822,0.23083 -18.694666,5.89079 -23.899674,16.9891 -5.948449,12.68181 -7.283421,33.24185 0.448827,58.4208 5.886994,19.17506 16.913399,38.61558 29.434512,52.85318 12.521113,14.2376 26.516679,22.60058 36.216168,22.9399 h 0.02302 c 3.80536,0.23083 6.708923,-0.69249 9.021646,-2.81613 l -0.184134,-0.23083 2.14286,-2.14672 c 0.812491,-1.20031 1.555932,-2.60838 2.23953,-4.28651 2.876863,-7.06341 3.357913,-18.99271 -1.887374,-33.78661 -7.04888,-19.87909 -19.575287,-32.69017 -34.169519,-35.60786 l -23.514834,-4.672 20.284663,-12.79723 39.386036,-24.76115 C 82.138812,298.49214 63.812414,287.44922 48.633557,285.79879 c -1.740066,-0.23083 -3.402106,-0.25392 -4.992103,-0.23083 z m 241.875218,5.533 -25.11404,25.97993 c 102.83332,18.30252 56.77013,144.36118 163.10292,180.38222 l -25.36999,-58.64471 c 33.54623,16.53437 68.99456,23.1615 100.04669,12.3171 C 359.18178,408.23802 399.57112,321.17812 285.51874,291.14943 Z m -173.50511,39.13033 -26.586417,16.73287 c 13.494031,8.7023 23.762727,23.10148 29.818657,40.18292 2.63105,7.41657 4.2314,14.5446 4.86298,21.27561 L 144.10704,384.541 c -8.27245,-19.64826 -19.48828,-38.46092 -32.09134,-54.26124 z m 39.2896,74.09647 -43.06434,42.99904 -0.16112,-0.23083 c -4.35638,4.03722 -9.681078,6.92722 -15.547588,8.12753 23.821878,15.22787 45.706898,19.80754 58.164708,9.78951 4.36145,-3.50631 7.21069,-8.55918 8.67157,-14.74774 -0.41891,-12.9865 -2.66396,-27.2495 -6.81549,-41.87951 -0.39129,-1.38498 -0.82631,-2.7515 -1.24981,-4.12955 z"
       fill="#000000"
       fill-opacity="1"
       id="path14530-0-3"
       style="fill:#000000;fill-opacity:1;stroke-width:1.02381" />
    <path
       d="m 373.563,18.406 c -15.616,-0.167 -27.91,4.622 -32.563,14.75 -22.778,49.605 -48.743,87.14 -79.094,117.28 3.047,1.015 6.046,2.29 8.938,3.783 12.987,6.708 25.268,17.78 35.312,30.843 10.044,13.062 17.85,28.114 20.78,43.5 0.746,3.908 1.16,7.885 1.158,11.843 38.97,-24.36 85.058,-41.223 140.875,-51.312 14.91,-2.697 23.652,-28.632 21.405,-58.656 l -35.156,-1 30.56,-24.813 C 481.63,90.117 474.765,75.87 464.623,63.904 449.095,45.59 428.193,32.528 407.903,25.218 l -25.963,15.594 2.812,-21.5 c -3.875,-0.55 -7.61,-0.87 -11.188,-0.907 z M 246.938,166.562 c -1.063,0.052 -2.06,0.226 -3,0.47 -11.976,10.254 -24.61,19.597 -37.938,28.28 0.842,0.33 1.67,0.667 2.5,1.032 14.123,6.192 27.438,17.145 38.47,30.625 13.356,16.322 23.62,36.94 25.624,57.75 10.334,-10.367 21.24,-19.943 32.844,-28.72 4.096,-6.555 4.93,-14.468 3.125,-23.938 -2.184,-11.46 -8.642,-24.43 -17.25,-35.625 -8.61,-11.194 -19.38,-20.622 -29.063,-25.625 -6.052,-3.126 -11.154,-4.45 -15.313,-4.25 z m -61.907,43.282 c -1.385,0.053 -2.69,0.27 -3.968,0.562 -37,20.762 -79.088,37.985 -127.312,56 0.574,0.042 1.14,0.093 1.72,0.156 10.627,1.156 21.076,5.008 31.155,10.875 L 124.313,261 108.5,293.72 c 5.995,5.432 11.803,11.477 17.344,18 20.76,24.434 37.964,55.865 47.094,88.092 0.002,0.01 -0.003,0.022 0,0.032 2.98,10.508 5.11,20.916 6.312,31 20.99,-48.438 44.38,-89.26 72.344,-123 7.3,-21.48 -2.186,-48.408 -19.063,-69.03 -9.44,-11.538 -20.976,-20.718 -31.53,-25.345 -5.936,-2.604 -11.27,-3.808 -15.97,-3.626 z m 141.626,54.844 c -7.31,5.05 -14.462,10.51 -21.437,16.312 39.16,9.26 60.953,35.722 80.655,62.156 10.464,14.04 20.598,28.11 33.125,40.688 24.19,9.147 43.17,6.38 63.906,-14.938 -92.165,-27.78 -96.11,-92.61 -156.25,-104.22 z M 48.594,284.906 c -10.873,0.225 -18.26,5.755 -23.344,16.594 -5.81,12.387 -7.114,32.47 0.438,57.063 5.75,18.73 16.52,37.718 28.75,51.625 12.23,13.906 25.9,22.076 35.374,22.406 h 0.032 c 3.717,0.13 6.553,-0.682 8.812,-2.75 l -0.187,-0.188 2.093,-2.094 c 0.793,-1.168 1.52,-2.548 2.187,-4.187 2.81,-6.9 3.28,-18.552 -1.844,-33 -6.885,-19.417 -19.12,-31.932 -33.375,-34.78 l -22.968,-4.564 19.813,-12.5 38.47,-24.186 c -16.65,-16.822 -34.55,-27.607 -49.376,-29.22 -1.7,-0.184 -3.323,-0.25 -4.876,-0.218 z m 236.25,5.406 -24.53,25.375 c 100.442,17.878 55.45,141.005 159.31,176.188 l -24.78,-57.28 c 32.766,16.15 67.39,22.623 97.72,12.03 -135.77,-41.948 -96.32,-126.983 -207.72,-156.313 z m -169.47,38.22 -25.968,16.343 c 13.18,8.5 23.21,22.565 29.125,39.25 2.57,7.244 4.133,14.205 4.75,20.78 l 23.44,-23.374 c -8.08,-19.19 -19.035,-37.566 -31.345,-53 z m 38.376,72.374 -42.063,42 -0.156,-0.156 c -4.255,3.942 -9.456,6.765 -15.186,7.938 23.268,14.873 44.644,19.346 56.812,9.562 4.26,-3.426 7.043,-8.36 8.47,-14.406 -0.41,-12.684 -2.602,-26.615 -6.657,-40.906 -0.382,-1.346 -0.806,-2.686 -1.22,-4.032 z"
       fill="#000000"
       fill-opacity="1"
       id="path14530-2"
       style="fill:#ffffff;fill-opacity:1" />
  </g>
  <g
     aria-label="4"
     id="text245"
     style="font-size:27.7778px;line-height:1.25;font-family:'DS Cloister Black';-inkscape-font-specification:'DS Cloister Black, ';letter-spacing:0px;word-spacing:0px;fill:#ffffff;fill-opacity:0.74902;stroke-width:0.694444">
    <path
       d="m 51.166671,6.5000002 q 1.666668,1.111112 2.194446,2.6111132 v 7.4166726 h 2.500002 l 0.527778,2.055557 h -2.972225 v 3.000002 l 1.13889,0.63889 0.916668,-0.694445 q 0.05555,0.111111 0.138889,0.194444 0.08333,0.08333 0.08333,0.305556 l -2.861113,2.472224 -3.111114,-2.000001 q 0.555556,-0.388889 0.722223,-1.027779 0.194445,-0.666667 0.194445,-1.277779 V 18.666676 H 44.749999 L 43.999998,16.416675 Z M 44.916666,16.527786 h 5.666671 v -6.527783 l -0.5,-0.5833338 z"
       id="path1749" />
  </g>
  <g
     aria-label="I"
     id="text911"
     style="font-size:20.2429px;line-height:1.25;font-family:'DS Cloister Black';-inkscape-font-specification:'DS Cloister Black, ';letter-spacing:0px;word-spacing:0px;fill:#ffffff;fill-opacity:0.498039;stroke-width:0.506073">
    <path
       d="m 8.1781355,120.32389 q 0.060729,0.0202 0.2226719,0.0405 0.1619432,0.0202 0.4251009,0.0405 l 0.6477729,0.0607 q 0.1214574,0 0.3238864,0.0405 0.202429,0.0405 0.3036434,0.0607 0.101215,0.0202 0.263158,0.0202 0.161943,0 0.384615,0 l 0.202429,-0.0405 q 0.121457,0.0405 0.526315,0 0.101215,-0.0202 0.222672,-0.0405 0.141701,-0.0202 0.303644,-0.0405 h 0.02024 l 0.02024,-0.0202 q 0.04049,0 0.242914,-0.0405 0.04049,0 0.242915,-0.0405 -1.376517,1.51822 -1.578946,2.93522 v 0.32389 q -0.02024,0.0405 -0.02024,0.12145 v 0.081 q -0.02024,0.0203 -0.02024,0.081 v 0.16194 q -0.02024,0.1417 -0.04049,0.24291 0,0.10122 0,0.1417 v 0.80972 q 0,0.26316 0.02024,0.62753 0.04049,0.36437 0.08097,0.82996 0.04049,0.4251 0.121457,1.07287 0.08097,0.62753 0.222672,1.47774 L 11.417,129.61538 V 130 q -0.02024,0.0202 -0.02024,0.10121 v 0.081 q -0.02024,0.0405 -0.02024,0.10121 -0.02024,0.38462 -0.242915,0.74899 -0.1417,0.32388 -0.445344,0.58704 -0.2834,0.12146 -0.607287,0.24292 -0.1012143,0.0202 -0.3238862,0.10121 -0.202429,0.0607 -0.3036435,0.081 h -0.060729 q -0.040486,0.0203 -0.080972,0.0405 -0.040486,0 -0.1214574,0 H 8.9473657 l 0.1012145,0.10121 q 0.060729,0.0405 0.1214575,0.12146 l 0.2429148,0.24292 q 0.2631577,0.22267 0.4251009,0.36437 0.1619432,0.12145 0.2429146,0.16194 0.364372,0.26316 0.789473,0.38462 0.202429,0.0607 0.242915,0.0607 h 0.08097 q 0.02024,0.0203 0.06073,0.0203 h 0.283401 q -0.02024,0 0.182186,-0.0405 -0.02024,0 0.1417,-0.0405 0.08097,-0.081 0.161944,-0.10122 0.08097,-0.0202 0.161943,-0.10121 0.08097,-0.0607 0.101214,-0.12146 0.04049,-0.0405 0.04049,-0.0405 0,-0.0202 0.06073,-0.20243 l 0.06073,-0.18218 q 0,-0.0202 0.04048,-0.18219 0,-0.0607 0.02024,-0.10121 v -0.12146 q 0,-0.081 0.02024,-0.12146 v -0.36437 l -0.789473,-6.59919 0.121457,-2.22671 q 0.263158,-0.95142 1.052631,-1.80162 0.789473,-0.82996 1.88259,-0.82996 l 0.283401,-0.0405 0.04049,0.12146 q -0.101215,0.10121 -0.222672,0.16194 -0.121458,0.0405 -0.263158,0.081 -0.303644,0.16194 -0.506073,0.32388 -0.182186,0.1417 -0.303643,0.48583 0,0.0202 -0.02024,0.0607 -0.02024,0.0202 -0.02024,0.081 v 0.0607 q 0,0.10121 -0.08097,0.2834 v 0.081 q -0.04049,0.10122 -0.06073,0.30365 -0.02024,0.0607 -0.02024,0.26315 v 0.18219 q 0,0.0202 0.04049,0.18219 0,0.0202 0.02024,0.0405 v 0.0405 q 0,0.0202 0,0.0607 0.02024,0.0202 0.04049,0.12145 0,0.0405 0.02024,0.0607 v 0.0607 l 0.708502,5.36437 q 0,0.12146 0.02024,0.1417 v 0.30364 q 0,0.0405 0.02024,0.0607 v 0.58705 q -0.02024,0.0607 -0.02024,0.22267 v 0.22267 q -0.02024,0.0607 -0.02024,0.22267 -0.121458,1.07288 -0.647773,2.22672 -0.506073,1.07287 -1.821861,1.417 -0.02024,0 -0.222672,0.0405 l -0.242915,0.0607 q -0.08097,0 -0.222672,0.0202 -0.121457,0.0202 -0.182186,0.0405 h -0.161943 q -0.121457,0 -0.1417,0.0202 h -0.222672 q -0.02024,-0.0202 -0.08097,-0.0202 h -0.182186 q -0.04049,-0.0202 -0.1417,-0.0202 h -0.121458 l -2.9149774,-0.91093 -0.040486,0.0405 h -0.060729 q -0.040486,0 -0.060729,-0.0202 H 6.8218612 q -0.040486,0 -0.060729,-0.0203 h -0.040486 q -0.5870441,0 -1.0931166,0.4251 -0.3643722,0.28341 -0.5263154,0.62753 v -0.0405 q -0.060729,-0.0607 -0.060729,-0.1417 v -0.0202 q -0.020243,-0.081 -0.060729,-0.1417 -0.020243,-0.0405 -0.020243,-0.16195 0,-0.64777 0.5870441,-1.23481 0.5465583,-0.54656 1.234817,-0.80972 0.040486,-0.0202 0.080972,-0.0405 0.040486,-0.0202 0.1214574,-0.0405 0.080972,0 0.2834006,-0.0607 0.2226719,-0.081 0.2834006,-0.081 l 1.1740882,-0.0405 q 0,0.0405 0.040486,0.0405 0.020243,0 0.040486,-0.0203 0.020243,-0.0202 0.1417003,-0.0607 0.040486,-0.0405 0.080972,-0.0607 0.040486,-0.0203 0.1821862,-0.16195 0.1214574,-0.12145 0.1417003,-0.16194 0.040486,-0.0607 0.080972,-0.20243 v -0.20243 q 0,-0.0202 0.040486,-0.22267 v -0.2834 q 0,-0.0607 0.020243,-0.081 v -0.26316 q -0.020243,-0.0405 -0.020243,-0.20243 v -0.20243 q -0.020243,-0.0405 -0.020243,-0.20243 -0.3441294,-2.06477 -1.6801608,-2.06477 l -0.1619432,-0.0405 q -0.1214574,0.0405 -0.3036435,0.081 -0.1821861,0.0405 -0.4251009,0.081 -0.060729,0.0202 -0.1619433,0.0405 -0.080972,0.0202 -0.202429,0.0607 -0.060729,0.0202 -0.1821861,0.0607 -0.1214574,0.0202 -0.202429,0.0607 0.2226719,-0.93118 1.0121451,-1.39676 0.7085015,-0.44535 1.7206465,-0.44535 0,-2.42914 1.8825899,-4.31173 -0.101215,0.0607 -0.161943,0.10121 -0.04049,0.0202 -0.141701,0.0607 -0.101214,0.0202 -0.303643,0.081 -0.2024291,0.0607 -0.5870442,0.18219 -0.1821861,0.0202 -0.3238864,0.0405 -0.1417004,0 -0.2429149,0 -0.1012145,0 -0.2631577,0 -0.1619432,-0.0202 -0.3846151,-0.0405 -0.2226719,-0.0405 -0.5060725,-0.0607 -0.2631577,-0.0405 -0.4858296,-0.081 -0.080972,0 -0.2834006,-0.0405 -0.4655868,0.12146 -0.7692303,0.36437 -0.2834006,0.24292 -0.5263154,0.68826 0.040486,-0.82996 0.5870441,-1.53846 0.5870442,-0.7085 1.3765173,-0.8502 v -0.0405 z"
       id="path1752" />
  </g>
  <g
     aria-label="I"
     id="text911-2"
     style="font-size:20.2429px;line-height:1.25;font-family:'DS Cloister Black';-inkscape-font-specification:'DS Cloister Black, ';letter-spacing:0px;word-spacing:0px;fill:#ffffff;fill-opacity:0.498039;stroke-width:0.506073">
    <path
       d="m 83.178135,5.3238873 q 0.06073,0.020243 0.222671,0.040486 0.161944,0.020243 0.425101,0.040486 l 0.647773,0.060729 q 0.121458,0 0.323887,0.040486 0.202429,0.040486 0.303643,0.060729 0.101215,0.020243 0.263158,0.020243 0.161943,0 0.384615,0 l 0.202429,-0.040486 q 0.121457,0.040486 0.526315,0 0.101215,-0.020243 0.222672,-0.040486 0.141701,-0.020243 0.303644,-0.040486 h 0.02024 l 0.02024,-0.020243 q 0.04049,0 0.242914,-0.040486 0.04049,0 0.242915,-0.040486 -1.376517,1.5182175 -1.578946,2.9352206 v 0.3238864 q -0.02024,0.040486 -0.02024,0.1214574 v 0.080972 q -0.02024,0.020243 -0.02024,0.080972 v 0.1619432 q -0.02024,0.1417003 -0.04049,0.2429148 0,0.1012145 0,0.1417003 v 0.809716 q 0,0.263158 0.02024,0.62753 0.04049,0.364372 0.08097,0.829959 0.04049,0.425101 0.121457,1.072874 0.08097,0.62753 0.222672,1.477731 l 0.101215,0.34413 v 0.384615 q -0.02024,0.02024 -0.02024,0.101214 v 0.08097 q -0.02024,0.04049 -0.02024,0.101214 -0.02024,0.384616 -0.242915,0.748988 -0.1417,0.323886 -0.445344,0.587044 -0.2834,0.121457 -0.607287,0.242915 -0.101214,0.02024 -0.323886,0.101214 -0.202429,0.06073 -0.303644,0.08097 h -0.06073 q -0.04049,0.02024 -0.08097,0.04049 -0.04049,0 -0.121457,0 h -0.242915 l 0.101214,0.101214 q 0.06073,0.04049 0.121458,0.121458 l 0.242915,0.242914 q 0.263157,0.222672 0.4251,0.364373 0.161944,0.121457 0.242915,0.161943 0.364372,0.263157 0.789473,0.384615 0.202429,0.06073 0.242915,0.06073 h 0.08097 q 0.02024,0.02024 0.06073,0.02024 h 0.283401 q -0.02024,0 0.182186,-0.04049 -0.02024,0 0.141701,-0.04049 0.08097,-0.08097 0.161943,-0.101215 0.08097,-0.02024 0.161943,-0.101214 0.08097,-0.06073 0.101214,-0.121458 0.04049,-0.04049 0.04049,-0.04049 0,-0.02024 0.06073,-0.202429 l 0.06073,-0.182186 q 0,-0.02024 0.04049,-0.182187 0,-0.06073 0.02024,-0.101214 v -0.121457 q 0,-0.08097 0.02024,-0.121458 V 16.821855 L 86.740885,10.222669 86.862343,7.9959502 Q 87.1255,7.0445338 87.914973,6.194332 88.704446,5.3643731 89.797563,5.3643731 l 0.283401,-0.040486 0.04049,0.1214574 q -0.101215,0.1012145 -0.222672,0.1619432 -0.121458,0.040486 -0.263158,0.080972 -0.303644,0.1619432 -0.506073,0.3238864 -0.182186,0.1417003 -0.303643,0.4858296 0,0.020243 -0.02024,0.060729 -0.02024,0.020243 -0.02024,0.080972 v 0.060729 q 0,0.1012145 -0.08097,0.2834006 v 0.080972 q -0.04049,0.1012145 -0.06073,0.3036435 -0.02024,0.060729 -0.02024,0.2631577 v 0.1821862 q 0,0.020243 0.04049,0.1821861 0,0.020243 0.02024,0.040486 v 0.040486 q 0,0.020243 0,0.060729 0.02024,0.020243 0.04049,0.1214574 0,0.040486 0.02024,0.060729 v 0.060729 l 0.708502,5.3643687 q 0,0.121457 0.02024,0.1417 v 0.303644 q 0,0.04049 0.02024,0.06073 v 0.587044 q -0.02024,0.06073 -0.02024,0.222672 v 0.222671 q -0.02024,0.06073 -0.02024,0.222672 -0.121458,1.072874 -0.647773,2.226719 -0.506073,1.072874 -1.821861,1.417004 -0.02024,0 -0.222672,0.04049 l -0.242915,0.06073 q -0.08097,0 -0.222672,0.02024 -0.121457,0.02024 -0.182186,0.04049 h -0.161943 q -0.121457,0 -0.1417,0.02024 H 85.58704 q -0.02024,-0.02024 -0.08097,-0.02024 h -0.182186 q -0.04049,-0.02024 -0.1417,-0.02024 h -0.121458 l -2.914977,-0.910931 -0.04049,0.04049 h -0.06073 q -0.04049,0 -0.06073,-0.02024 H 81.82186 q -0.04049,0 -0.06073,-0.02024 h -0.04049 q -0.587044,0 -1.093117,0.425101 -0.364372,0.283401 -0.526315,0.62753 v -0.04049 q -0.06073,-0.06073 -0.06073,-0.1417 v -0.02024 q -0.02024,-0.08097 -0.06073,-0.1417 -0.02024,-0.04049 -0.02024,-0.161943 0,-0.647773 0.587044,-1.234817 0.546559,-0.546559 1.234817,-0.809716 0.04049,-0.02024 0.08097,-0.04049 0.04049,-0.02024 0.121457,-0.04049 0.08097,0 0.283401,-0.06073 0.222672,-0.08097 0.283401,-0.08097 l 1.174088,-0.04049 q 0,0.04049 0.04049,0.04049 0.02024,0 0.04048,-0.02024 0.02024,-0.02024 0.141701,-0.06073 0.04049,-0.04049 0.08097,-0.06073 0.04049,-0.02024 0.182186,-0.161943 0.121458,-0.121457 0.141701,-0.161943 0.04049,-0.06073 0.08097,-0.202429 v -0.202429 q 0,-0.02024 0.04049,-0.222672 v -0.283401 q 0,-0.06073 0.02024,-0.08097 v -0.263158 q -0.02024,-0.04049 -0.02024,-0.202429 v -0.202429 q -0.02024,-0.04049 -0.02024,-0.202429 -0.344129,-2.064776 -1.68016,-2.064776 l -0.161944,-0.04049 q -0.121457,0.04049 -0.303643,0.08097 -0.182186,0.04049 -0.425101,0.08097 -0.06073,0.02024 -0.161943,0.04049 -0.08097,0.02024 -0.202429,0.06073 -0.06073,0.02024 -0.182186,0.06073 -0.121458,0.02024 -0.202429,0.06073 0.222671,-0.931174 1.012145,-1.396761 0.708501,-0.445343 1.720646,-0.445343 0,-2.4291485 1.88259,-4.3117383 -0.101215,0.060729 -0.161943,0.1012145 -0.04049,0.020243 -0.141701,0.060729 -0.101214,0.020243 -0.303643,0.080972 -0.202429,0.060729 -0.587044,0.1821861 -0.182186,0.020243 -0.323887,0.040486 -0.1417,0 -0.242914,0 -0.101215,0 -0.263158,0 -0.161943,-0.020243 -0.384615,-0.040486 -0.222672,-0.040486 -0.506073,-0.060729 -0.263157,-0.040486 -0.485829,-0.080972 -0.08097,0 -0.283401,-0.040486 -0.465587,0.1214574 -0.76923,0.3643722 -0.283401,0.2429148 -0.526316,0.6882587 0.04049,-0.829959 0.587044,-1.5384605 0.587045,-0.7085015 1.376518,-0.8502018 v -0.040486 z"
       id="path1755" />
  </g>
</svg>
