<?xml version="1.0" encoding="UTF-8" standalone="no"?>
<svg
   width="100px"
   height="140px"
   viewbox="0 0 100 140"
   version="1.1"
   id="svg47"
   sodipodi:docname="card-holy-e.svg"
   inkscape:export-filename="card-back.png"
   inkscape:export-xdpi="96"
   inkscape:export-ydpi="96"
   inkscape:version="1.2.2 (732a01da63, 2022-12-09)"
   xmlns:inkscape="http://www.inkscape.org/namespaces/inkscape"
   xmlns:sodipodi="http://sodipodi.sourceforge.net/DTD/sodipodi-0.dtd"
   xmlns="http://www.w3.org/2000/svg"
   xmlns:svg="http://www.w3.org/2000/svg">
  <defs
     id="defs51" />
  <sodipodi:namedview
     id="namedview49"
     pagecolor="#ffffff"
     bordercolor="#666666"
     borderopacity="1.0"
     inkscape:showpageshadow="2"
     inkscape:pageopacity="0.0"
     inkscape:pagecheckerboard="0"
     inkscape:deskcolor="#d1d1d1"
     showgrid="false"
     inkscape:zoom="5.6568542"
     inkscape:cx="40.923805"
     inkscape:cy="69.296465"
     inkscape:window-width="1920"
     inkscape:window-height="1017"
     inkscape:window-x="-8"
     inkscape:window-y="-8"
     inkscape:window-maximized="1"
     inkscape:current-layer="svg47" />
  <path
     id="rect2"
     style="opacity:1;fill:#208020;stroke:#000000"
     d="m 4.5,0.5 h 91 c 2.216,0 4,1.784 4,4 v 131 c 0,2.216 -1.784,4 -4,4 h -91 c -2.216,0 -4,-1.784 -4,-4 V 4.5 c 0,-2.216 1.784,-4 4,-4 z" />
  <g
     aria-label="E"
     id="text355-4"
     style="font-size:20.2429px;line-height:1.25;font-family:'DS Cloister Black';-inkscape-font-specification:'DS Cloister Black, ';letter-spacing:0px;word-spacing:0px;fill:#ffffff;fill-opacity:0.498039;stroke-width:0.506072">
    <path
       d="m 12.206473,120.24292 q 1.781375,1.21458 3.765179,1.21458 h 0.182186 q 0.02024,0 0.222672,-0.0405 0.04049,0 0.101215,-0.0202 h 0.101214 q 0.04049,0 0.101215,-0.0203 h 0.08097 l -2.894734,3.09717 h 2.186233 l -1.012145,2.08502 h -3.380565 v 5.85019 q 0.06073,0.0607 0.101215,0.0607 h 0.121457 l 0.303644,0.0607 h 0.303643 q 1.153846,0 2.287448,-0.52631 1.133603,-0.54656 1.983804,-1.33603 -0.121457,1.03238 -0.971659,1.86234 -0.728744,0.72875 -1.821861,1.25506 -0.182186,0.10122 -0.404858,0.18219 -0.1417,0.0202 -0.344129,0.10121 -0.202429,0.0607 -0.62753,0.12146 l -0.303644,0.0607 q -0.101214,0 -0.2834,0.0202 -0.161943,0.0202 -0.222672,0.0405 H 11.5587 q -0.161943,0 -0.202429,0.0202 h -0.384615 q -1.9230758,0 -3.5222649,-1.05263 -1.5991892,-1.05263 -2.2672049,-2.79352 -0.4251009,-1.11336 -0.4251009,-2.32793 0,-0.87045 0.3846151,-2.42915 0.080972,-0.12146 0.1214574,-0.2834 0.020243,-0.0405 0.060729,-0.12146 0.040486,-0.081 0.080972,-0.18219 1.4574889,-2.91497 3.7044508,-3.64372 l 0.3846152,-0.0405 q -2.9352207,2.51012 -2.9352207,4.97975 v 0.0405 l 0.020243,0.0203 v 0.0607 l 0.020243,0.0202 v 0.0202 q 0,1.98381 1.1336025,3.48178 v 0.0405 h 0.020243 q 0,0 0.040486,0.0405 v 0.0203 h 0.020243 v 0.0202 l 0.202429,-0.50607 q 0.040486,-0.38462 0.080972,-0.95142 0.060729,-0.5668 0.1214574,-1.33603 0,-0.0607 0,-0.1417 0,-0.10122 0.020243,-0.24292 v -0.7085 -0.081 q 0,-0.0405 -0.020243,-0.081 0,-0.0607 0,-0.16194 -0.020243,-0.32389 -0.040486,-0.48583 0,-0.18219 0,-0.20243 -0.020243,-0.1417 -0.040486,-0.24292 0,-0.12146 0,-0.20243 -0.020243,-0.1417 -0.040486,-0.24291 0,-0.12146 0,-0.20243 v -0.12146 q -0.020243,-0.0202 -0.020243,-0.10121 v -0.12146 q -0.020243,-0.0202 -0.020243,-0.10121 z m -1.88259,2.71255 v 4.61538 l -0.161943,0.7085 q -0.9514165,1.37652 -1.680161,2.10526 l -0.1619432,0.16195 q -0.060729,0.0607 -0.060729,0.081 l -0.080972,0.081 q 1.2955457,1.35628 2.9352205,1.74089 v -10.20242 z m 1.336031,3.17814 2.51012,-2.63158 -2.51012,-0.95142 z"
       id="path2013" />
  </g>
  <g
     class=""
     id="g6197"
     transform="matrix(0.04598931,0,0,0.05002162,3.8532085,3.2377383)"
     style="fill:#ffffff;fill-opacity:1">
    <path
       d="m 193.27439,30.232162 c -8.22881,0.898905 -16.49405,1.982095 -24.80685,3.247524 21.00006,12.089142 40.30417,29.069023 52.40149,58.96938 -25.19238,-23.048 -44.75857,-40.440476 -76.69732,-54.786095 -8.91285,1.715905 -17.90059,3.64681 -26.97333,5.774286 22.96012,11.000833 49.60964,26.715285 76.00821,52.527571 C 135.06659,69.90478 110.44088,64.159161 71.545294,55.626733 59.298212,59.27559 46.851785,63.270494 34.172619,67.614518 89.638149,71.230613 138.52731,87.726234 223.74891,116.46763 l 2.03898,0.68903 1.5209,1.53981 c 5.86297,5.93093 15.5388,9.47433 25.50303,9.57569 C 250.05438,87.903353 233.80117,58.855828 193.2754,30.232162 Z m 119.95117,0 c -40.52678,28.623666 -56.77797,57.671191 -59.53642,98.039998 9.96423,-0.10238 19.64107,-3.64476 25.50303,-9.57569 l 1.51988,-1.53981 2.03798,-0.688 C 367.97365,87.729305 416.8618,71.232661 472.32733,67.616566 459.64817,63.272542 447.20174,59.277637 434.95365,55.627756 396.05805,64.160185 371.43234,69.905804 313.29235,95.965852 339.69092,70.153566 366.34044,54.440137 389.30157,43.437257 380.23085,41.310805 371.2421,39.3799 362.32925,37.662971 330.3905,52.010638 310.8233,69.401066 285.63194,92.45009 297.72824,62.549732 317.03336,45.569852 338.03342,33.48071 329.71961,32.215281 321.45538,31.132091 313.22658,30.233186 Z M 19.500002,85.576236 V 394.51893 c 45.2119,0.19453 107.272008,17.21331 192.261878,45.55748 V 131.8688 C 123.76058,102.21006 76.844639,87.033115 19.500002,85.57726 Z m 467.499948,0 C 429.65531,87.033115 382.73937,102.20904 294.73807,131.86982 v 308.21785 c 85.32076,-28.35747 145.12028,-43.5119 192.26188,-45.25238 z M 229.97617,142.08539 v 205.09464 c 15.65416,3.17381 31.07559,3.37038 46.54761,0.0993 V 142.08539 c -7.31303,3.13081 -15.32023,4.62558 -23.27381,4.62558 -7.95357,0 -15.96077,-1.49477 -23.2738,-4.62558 z m 0,223.8324 v 14.26474 c 15.47809,3.57105 30.87523,3.36219 46.54761,-0.10238 v -14.04871 c -15.55297,2.79295 -31.13023,2.60354 -46.54761,-0.11262 z m 46.54761,32.95131 c -15.40726,2.924 -30.99767,3.13081 -46.54761,0.12798 v 50.00081 c 3.26035,3.31714 5.84375,6.0159 8.46458,7.74 3.32208,2.18685 6.85059,3.57309 14.44393,3.26595 l 0.18214,-0.008 h 0.18214 c 11.74822,0 16.14393,-4.13619 23.27381,-11.094 v -50.03357 z"
       fill="#000000"
       fill-opacity="1"
       id="path6195-73"
       style="fill:#000000;fill-opacity:1;stroke-width:1.01783" />
    <path
       d="m 194.66916,35.23 c -8.03744,0.878 -16.11046,1.936 -24.22994,3.172 C 190.95091,50.21 209.80608,66.795 221.62207,96 197.01556,73.488 177.9044,56.5 146.70841,42.488 c -8.70558,1.676 -17.4843,3.562 -26.34604,5.64 22.42616,10.745 48.45592,26.094 74.24057,51.306 C 137.81504,73.98 113.76202,68.368 75.770982,60.034 63.808715,63.598 51.65174,67.5 39.267439,71.743 93.443073,75.275 141.19527,91.387 224.43497,119.46 l 1.99157,0.673 1.48553,1.504 c 5.72662,5.793 15.17744,9.254 24.90994,9.353 -2.69332,-39.43 -18.56855,-67.802 -58.15186,-95.76 z m 117.16162,0 c -39.5843,27.958 -55.45755,56.33 -58.15186,95.76 9.7325,-0.1 19.1843,-3.56 24.90994,-9.353 l 1.48454,-1.504 1.99058,-0.672 C 365.30566,91.39 413.05687,75.277 467.23251,71.745 454.84821,67.502 442.69123,63.6 430.72798,60.035 c -37.99105,8.334 -62.04407,13.946 -118.83197,39.4 25.78465,-25.212 51.81441,-40.56 74.24156,-51.307 -8.85976,-2.077 -17.63947,-3.963 -26.34505,-5.64 -31.19599,14.014 -50.30814,31 -74.91366,53.513 11.815,-29.205 30.67116,-45.79 51.18285,-57.598 -8.12047,-1.236 -16.1925,-2.294 -24.22994,-3.172 z M 24.936045,89.287 v 301.758 c 44.160461,0.19 104.777305,16.813 187.790675,44.498 V 134.503 C 126.77196,105.534 80.947086,90.71 24.936045,89.288 Z m 456.627855,0 c -56.01104,1.423 -101.83592,16.246 -187.79068,45.217 v 301.05 c 83.33656,-27.698 141.74539,-42.5 187.79068,-44.2 z m -251.04649,55.195 v 200.325 c 15.29012,3.1 30.35291,3.292 45.46512,0.097 V 144.482 c -7.14297,3.058 -14.96396,4.518 -22.73256,4.518 -7.7686,0 -15.58959,-1.46 -22.73256,-4.518 z m 0,218.627 v 13.933 c 15.11814,3.488 30.15721,3.284 45.46512,-0.1 V 363.22 c -15.19128,2.728 -30.40628,2.543 -45.46512,-0.11 z m 45.46512,32.185 c -15.04896,2.856 -30.2768,3.058 -45.46512,0.125 v 48.838 c 3.18454,3.24 5.70785,5.876 8.26774,7.56 3.24482,2.136 6.69127,3.49 14.10802,3.19 l 0.1779,-0.008 h 0.17791 c 11.475,0 15.76849,-4.04 22.73256,-10.836 v -48.87 z"
       fill="#000000"
       fill-opacity="1"
       id="path6195"
       style="fill:#ffffff;fill-opacity:1;stroke-width:0.994169" />
  </g>
  <g
     class=""
     id="g6197-87"
     transform="matrix(0.04598931,0,0,0.05002162,3.8532084,29.237738)"
     style="fill:#ffffff;fill-opacity:1">
    <path
       d="m 193.27439,30.232162 c -8.22881,0.898905 -16.49405,1.982095 -24.80685,3.247524 21.00006,12.089142 40.30417,29.069023 52.40149,58.96938 -25.19238,-23.048 -44.75857,-40.440476 -76.69732,-54.786095 -8.91285,1.715905 -17.90059,3.64681 -26.97333,5.774286 22.96012,11.000833 49.60964,26.715285 76.00821,52.527571 C 135.06659,69.90478 110.44088,64.159161 71.545294,55.626733 59.298212,59.27559 46.851785,63.270494 34.172619,67.614518 89.638149,71.230613 138.52731,87.726234 223.74891,116.46763 l 2.03898,0.68903 1.5209,1.53981 c 5.86297,5.93093 15.5388,9.47433 25.50303,9.57569 C 250.05438,87.903353 233.80117,58.855828 193.2754,30.232162 Z m 119.95117,0 c -40.52678,28.623666 -56.77797,57.671191 -59.53642,98.039998 9.96423,-0.10238 19.64107,-3.64476 25.50303,-9.57569 l 1.51988,-1.53981 2.03798,-0.688 C 367.97365,87.729305 416.8618,71.232661 472.32733,67.616566 459.64817,63.272542 447.20174,59.277637 434.95365,55.627756 396.05805,64.160185 371.43234,69.905804 313.29235,95.965852 339.69092,70.153566 366.34044,54.440137 389.30157,43.437257 380.23085,41.310805 371.2421,39.3799 362.32925,37.662971 330.3905,52.010638 310.8233,69.401066 285.63194,92.45009 297.72824,62.549732 317.03336,45.569852 338.03342,33.48071 329.71961,32.215281 321.45538,31.132091 313.22658,30.233186 Z M 19.500002,85.576236 V 394.51893 c 45.2119,0.19453 107.272008,17.21331 192.261878,45.55748 V 131.8688 C 123.76058,102.21006 76.844639,87.033115 19.500002,85.57726 Z m 467.499948,0 C 429.65531,87.033115 382.73937,102.20904 294.73807,131.86982 v 308.21785 c 85.32076,-28.35747 145.12028,-43.5119 192.26188,-45.25238 z M 229.97617,142.08539 v 205.09464 c 15.65416,3.17381 31.07559,3.37038 46.54761,0.0993 V 142.08539 c -7.31303,3.13081 -15.32023,4.62558 -23.27381,4.62558 -7.95357,0 -15.96077,-1.49477 -23.2738,-4.62558 z m 0,223.8324 v 14.26474 c 15.47809,3.57105 30.87523,3.36219 46.54761,-0.10238 v -14.04871 c -15.55297,2.79295 -31.13023,2.60354 -46.54761,-0.11262 z m 46.54761,32.95131 c -15.40726,2.924 -30.99767,3.13081 -46.54761,0.12798 v 50.00081 c 3.26035,3.31714 5.84375,6.0159 8.46458,7.74 3.32208,2.18685 6.85059,3.57309 14.44393,3.26595 l 0.18214,-0.008 h 0.18214 c 11.74822,0 16.14393,-4.13619 23.27381,-11.094 v -50.03357 z"
       fill="#000000"
       fill-opacity="1"
       id="path6195-73-1"
       style="fill:#000000;fill-opacity:1;stroke-width:1.01783" />
    <path
       d="m 194.66916,35.23 c -8.03744,0.878 -16.11046,1.936 -24.22994,3.172 C 190.95091,50.21 209.80608,66.795 221.62207,96 197.01556,73.488 177.9044,56.5 146.70841,42.488 c -8.70558,1.676 -17.4843,3.562 -26.34604,5.64 22.42616,10.745 48.45592,26.094 74.24057,51.306 C 137.81504,73.98 113.76202,68.368 75.770982,60.034 63.808715,63.598 51.65174,67.5 39.267439,71.743 93.443073,75.275 141.19527,91.387 224.43497,119.46 l 1.99157,0.673 1.48553,1.504 c 5.72662,5.793 15.17744,9.254 24.90994,9.353 -2.69332,-39.43 -18.56855,-67.802 -58.15186,-95.76 z m 117.16162,0 c -39.5843,27.958 -55.45755,56.33 -58.15186,95.76 9.7325,-0.1 19.1843,-3.56 24.90994,-9.353 l 1.48454,-1.504 1.99058,-0.672 C 365.30566,91.39 413.05687,75.277 467.23251,71.745 454.84821,67.502 442.69123,63.6 430.72798,60.035 c -37.99105,8.334 -62.04407,13.946 -118.83197,39.4 25.78465,-25.212 51.81441,-40.56 74.24156,-51.307 -8.85976,-2.077 -17.63947,-3.963 -26.34505,-5.64 -31.19599,14.014 -50.30814,31 -74.91366,53.513 11.815,-29.205 30.67116,-45.79 51.18285,-57.598 -8.12047,-1.236 -16.1925,-2.294 -24.22994,-3.172 z M 24.936045,89.287 v 301.758 c 44.160461,0.19 104.777305,16.813 187.790675,44.498 V 134.503 C 126.77196,105.534 80.947086,90.71 24.936045,89.288 Z m 456.627855,0 c -56.01104,1.423 -101.83592,16.246 -187.79068,45.217 v 301.05 c 83.33656,-27.698 141.74539,-42.5 187.79068,-44.2 z m -251.04649,55.195 v 200.325 c 15.29012,3.1 30.35291,3.292 45.46512,0.097 V 144.482 c -7.14297,3.058 -14.96396,4.518 -22.73256,4.518 -7.7686,0 -15.58959,-1.46 -22.73256,-4.518 z m 0,218.627 v 13.933 c 15.11814,3.488 30.15721,3.284 45.46512,-0.1 V 363.22 c -15.19128,2.728 -30.40628,2.543 -45.46512,-0.11 z m 45.46512,32.185 c -15.04896,2.856 -30.2768,3.058 -45.46512,0.125 v 48.838 c 3.18454,3.24 5.70785,5.876 8.26774,7.56 3.24482,2.136 6.69127,3.49 14.10802,3.19 l 0.1779,-0.008 h 0.17791 c 11.475,0 15.76849,-4.04 22.73256,-10.836 v -48.87 z"
       fill="#000000"
       fill-opacity="1"
       id="path6195-6"
       style="fill:#ffffff;fill-opacity:1;stroke-width:0.994169" />
  </g>
  <g
     aria-label="2"
     id="text355"
     style="font-size:27.7778px;line-height:1.25;font-family:'DS Cloister Black';-inkscape-font-specification:'DS Cloister Black, ';text-align:center;letter-spacing:0px;word-spacing:0px;text-anchor:middle;stroke-width:0.694444">
    <path
       d="m 55.708341,10.388892 v 0.277778 q 0,0.194445 0.02778,0.25 v 0.361112 q 0,0.08333 0.02778,0.138889 v 0.111111 q 0,3.166669 -3.27778,5.694449 l -3.888892,2.361113 q -1.666668,1.000001 -2.638891,2.555557 0.444445,-0.194444 0.944445,-0.361111 0.527778,-0.194445 1.13889,-0.361111 1.083334,-0.305556 2.194446,-0.416667 0.194445,0 0.277778,-0.02778 h 0.277778 q 0.194445,0 0.277778,-0.02778 h 0.638889 0.08333 q 0.05555,0 0.111111,0.02778 0.05556,0 0.166667,0 0.166667,0.02778 0.305556,0.02778 0.138889,0 0.222222,0 0.111111,0 0.194445,0.02778 0.166666,0 0.416667,0.05556 0.277778,0.05556 0.416667,0.08333 0.08333,0.02778 0.194444,0.05556 0.111111,0.02778 0.222223,0.08333 0.138889,0.02778 0.361111,0.08333 0.777778,0.222222 1.583335,0.583334 l -2.166669,2.527779 -2.694446,-0.916667 -3.222225,-0.111111 q -0.08333,0.02778 -0.333334,0.08333 -0.222222,0.05556 -0.611111,0.166667 -0.333334,0.08333 -0.472223,0.08333 -0.02778,0 -0.111111,0.02778 -0.08333,0.02778 -0.361111,0.08333 -0.166667,0.02778 -0.944446,0.25 -0.25,0.111111 -0.638889,0.138889 -0.05556,0.02778 -0.166667,0.05556 -0.08333,0.02778 -0.138889,0.02778 0.333334,-2.000001 1.611113,-3.444447 0.638889,-0.722223 1.305556,-1.38889 0.666667,-0.694445 1.361112,-1.333334 l 0.08333,-0.08333 0.08333,-0.08333 q 0.361111,-0.305556 0.861112,-0.805556 0.5,-0.500001 1.13889,-1.13889 0.472222,-0.527778 0.888889,-1.055556 0.416667,-0.555556 0.750001,-1.166668 0.02778,-0.05556 0.05556,-0.111111 0.02778,-0.05556 0.05556,-0.166667 0,0.05556 0.111111,-0.25 0.111111,-0.333334 0.138889,-0.63889 0,-0.08333 0,-0.194444 0.02778,-0.111111 0.05556,-0.25 0,-0.166667 0.02778,-0.222223 v -0.361111 q -0.02778,-0.02778 -0.02778,-0.138889 V 11.222226 Q 52.513894,10.527781 52.152782,9.8055584 51.791671,9.0833356 51.180559,8.7222242 l -4.833337,3.7777808 h -0.166667 l -1.611112,-1.583335 -0.05556,-0.416667 5.000004,-4.0000028 z"
       style="fill:#ffffff;fill-opacity:0.74902"
       id="path2016" />
  </g>
  <g
     aria-label="E"
     id="text355-4-4"
     style="font-size:20.2429px;line-height:1.25;font-family:'DS Cloister Black';-inkscape-font-specification:'DS Cloister Black, ';letter-spacing:0px;word-spacing:0px;fill:#ffffff;fill-opacity:0.498039;stroke-width:0.506072">
    <path
       d="m 87.206472,5.2429156 q 1.781375,1.2145741 3.765179,1.2145741 h 0.182186 q 0.02024,0 0.222672,-0.040486 0.04049,0 0.101215,-0.020243 h 0.101214 q 0.04049,0 0.101215,-0.020243 h 0.08097 L 88.86639,9.4736819 h 2.186233 l -1.012145,2.0850191 h -3.380564 v 5.850198 q 0.06073,0.06073 0.101214,0.06073 h 0.121457 l 0.303644,0.06073 h 0.303643 q 1.153846,0 2.287448,-0.526315 1.133603,-0.546558 1.983805,-1.336031 -0.121458,1.032388 -0.97166,1.862346 -0.728744,0.728745 -1.821861,1.25506 -0.182186,0.101215 -0.404858,0.182186 -0.1417,0.02024 -0.344129,0.101215 -0.202429,0.06073 -0.62753,0.121457 l -0.303644,0.06073 q -0.101214,0 -0.2834,0.02024 -0.161943,0.02024 -0.222672,0.04049 h -0.222672 q -0.161943,0 -0.202429,0.02024 h -0.384615 q -1.923076,0 -3.522265,-1.052631 -1.599189,-1.052631 -2.267205,-2.793521 -0.425101,-1.113359 -0.425101,-2.327933 0,-0.870445 0.384615,-2.429148 0.08097,-0.121458 0.121458,-0.283401 0.02024,-0.04049 0.06073,-0.121457 0.04049,-0.08097 0.08097,-0.182186 1.457489,-2.9149781 3.704451,-3.6437225 l 0.384615,-0.040486 q -2.935221,2.5101197 -2.935221,4.9797533 v 0.04049 l 0.02024,0.02024 v 0.06073 l 0.02024,0.02024 v 0.02024 q 0,1.983804 1.133603,3.481778 v 0.04049 h 0.02024 q 0,0 0.04049,0.04049 v 0.02024 h 0.02024 v 0.02024 l 0.202429,-0.506073 q 0.04049,-0.384615 0.08097,-0.951416 0.06073,-0.566801 0.121457,-1.336031 0,-0.06073 0,-0.141701 0,-0.101214 0.02024,-0.242915 v -0.708501 -0.08097 q 0,-0.04049 -0.02024,-0.08097 0,-0.06073 0,-0.161944 -0.02024,-0.323886 -0.04049,-0.485829 0,-0.182186 0,-0.202429 -0.02024,-0.1417 -0.04049,-0.242915 0,-0.1214574 0,-0.202429 -0.02024,-0.1417003 -0.04049,-0.2429148 0,-0.1214574 0,-0.202429 V 9.2914958 Q 83.07692,9.2712529 83.07692,9.1902813 V 9.0688239 q -0.02024,-0.020243 -0.02024,-0.1012145 z m -1.88259,2.7125488 v 4.6153816 l -0.161943,0.708501 q -0.951417,1.376518 -1.680161,2.105262 l -0.161943,0.161943 q -0.06073,0.06073 -0.06073,0.08097 l -0.08097,0.08097 q 1.295545,1.356275 2.93522,1.74089 V 7.2469628 Z M 86.659914,11.1336 89.170033,8.5020227 86.659914,7.5506063 Z"
       id="path2019" />
  </g>
</svg>
