<?xml version="1.0" encoding="UTF-8" standalone="no"?>
<svg
   width="100px"
   height="140px"
   viewbox="0 0 100 140"
   version="1.1"
   id="svg47"
   sodipodi:docname="card-mortar-e.svg"
   inkscape:export-filename="card-back.png"
   inkscape:export-xdpi="96"
   inkscape:export-ydpi="96"
   inkscape:version="1.2.2 (732a01da63, 2022-12-09)"
   xmlns:inkscape="http://www.inkscape.org/namespaces/inkscape"
   xmlns:sodipodi="http://sodipodi.sourceforge.net/DTD/sodipodi-0.dtd"
   xmlns="http://www.w3.org/2000/svg"
   xmlns:svg="http://www.w3.org/2000/svg">
  <defs
     id="defs51" />
  <sodipodi:namedview
     id="namedview49"
     pagecolor="#ffffff"
     bordercolor="#666666"
     borderopacity="1.0"
     inkscape:showpageshadow="2"
     inkscape:pageopacity="0.0"
     inkscape:pagecheckerboard="0"
     inkscape:deskcolor="#d1d1d1"
     showgrid="false"
     inkscape:zoom="5.6568542"
     inkscape:cx="45.873552"
     inkscape:cy="69.296465"
     inkscape:window-width="1920"
     inkscape:window-height="1017"
     inkscape:window-x="-8"
     inkscape:window-y="-8"
     inkscape:window-maximized="1"
     inkscape:current-layer="svg47" />
  <path
     id="rect2"
     style="opacity:1;fill:#204080;stroke:#000000"
     d="m 4.5,0.5 h 91 c 2.216,0 4,1.784 4,4 v 131 c 0,2.216 -1.784,4 -4,4 h -91 c -2.216,0 -4,-1.784 -4,-4 V 4.5 c 0,-2.216 1.784,-4 4,-4 z" />
  <g
     class=""
     id="g12849"
     transform="matrix(0.05296076,0,0,0.04772729,1.9420457,3.2818118)"
     style="fill:#ffffff;fill-opacity:1">
    <path
       d="m 458.98047,314.22782 c 0,92.04912 -91.04738,167.01023 -202.98048,167.01023 -111.93309,0 -202.980466,-74.91178 -202.980466,-167.01023 a 140.04383,140.04339 0 0 1 11.425867,-55.23891 c 7.468715,21.48978 25.878851,41.0082 53.670159,56.35866 35.26197,19.49697 81.94767,30.23757 131.44068,30.23757 49.49399,0 96.17969,-10.7406 131.44185,-30.23328 35.26196,-19.49697 55.58262,-45.87119 57.29539,-74.442 a 142.38119,142.38074 0 0 1 20.687,73.3201 z M 420.67167,60.020715 C 407.37239,48.422066 392.52717,39.026454 379.91068,34.247133 368.42875,29.881819 359.61263,29.609389 355.74267,33.47489 l -0.56642,0.514829 -5.33413,4.530487 a 8.4495,8.449473 0 0 0 -1.0497,11.802434 27.202619,27.202532 0 0 1 -0.50648,35.308628 L 175.30521,283.77144 a 59.489476,59.489286 0 0 0 -14.019,29.60691 c 26.6467,8.73492 56.99943,13.32547 88.30753,13.32547 9.86659,0 19.79021,-0.47193 29.57483,-1.39433 L 392.37639,131.24075 a 27.294763,27.294676 0 0 1 38.20034,-9.29909 l 0.69593,0.42903 a 8.438238,8.4382111 0 0 0 11.30602,-2.14512 l 8.17818,-11.17606 c 4.99196,-6.63056 -5.07509,-27.270873 -30.08152,-49.056682 z M 268.97992,147.8225 a 317.15571,317.15471 0 0 0 -19.34288,-0.60063 c -46.35494,0 -89.79411,9.90186 -122.30617,27.87365 -30.742071,16.99362 -47.676829,38.9446 -47.676829,61.87376 0,22.92701 16.933791,44.84153 47.676829,61.87161 5.08611,2.81011 10.46741,5.4057 16.06039,7.81252 a 78.219048,78.218799 0 0 1 17.70164,-35.29576 z m 102.96445,151.05271 c 30.74207,-16.99361 47.67683,-38.94245 47.67683,-61.87161 0,-19.62782 -12.44947,-38.56706 -35.40327,-54.28648 l -81.34588,139.37041 c 25.81023,-4.53049 49.41125,-12.4138 69.01298,-23.24664 z"
       fill="#000000"
       fill-opacity="1"
       id="path12847-8"
       style="fill:#000000;fill-opacity:1;stroke-width:1.02381" />
    <path
       d="M 454.26,312.874 C 454.26,402.782 365.33,476 256,476 146.67,476 57.74,402.83 57.74,312.874 A 136.787,136.787 0 0 1 68.9,258.918 c 7.295,20.99 25.277,40.055 52.422,55.05 34.442,19.043 80.042,29.533 128.384,29.533 48.343,0 93.943,-10.49 128.385,-29.53 34.442,-19.043 54.29,-44.805 55.963,-72.71 a 139.07,139.07 0 0 1 20.206,71.614 z M 416.842,64.578 c -12.99,-11.33 -27.49,-20.506 -39.813,-25.174 -11.215,-4.265 -19.826,-4.53 -23.606,-0.75 l -0.554,0.508 -5.21,4.426 a 8.253,8.253 0 0 0 -1.026,11.527 26.57,26.57 0 0 1 -0.495,34.487 L 177.18,283.135 a 58.106,58.106 0 0 0 -13.693,28.92 c 26.027,8.53 55.674,13.015 86.254,13.015 9.637,0 19.33,-0.46 28.887,-1.36 L 389.203,134.153 a 26.66,26.66 0 0 1 37.312,-9.083 l 0.68,0.427 a 8.242,8.242 0 0 0 11.043,-2.087 l 7.988,-10.916 c 4.876,-6.478 -4.957,-26.638 -29.382,-47.916 z m -148.164,85.76 a 309.78,309.78 0 0 0 -18.893,-0.59 c -45.277,0 -87.706,9.672 -119.462,27.227 -30.027,16.598 -46.568,38.038 -46.568,60.434 0,22.395 16.54,43.8 46.568,60.434 4.968,2.743 10.224,5.28 15.687,7.63 a 76.4,76.4 0 0 1 17.29,-34.476 z m 100.57,147.54 c 30.027,-16.598 46.568,-38.038 46.568,-60.434 0,-19.17 -12.16,-37.67 -34.58,-53.023 l -79.454,136.13 c 25.21,-4.425 48.262,-12.125 67.408,-22.706 z"
       fill="#000000"
       fill-opacity="1"
       id="path12847"
       style="fill:#ffffff;fill-opacity:1" />
  </g>
  <g
     class=""
     id="g12849-7"
     transform="matrix(0.05296076,0,0,0.04772729,1.9420457,29.281812)"
     style="fill:#ffffff;fill-opacity:1">
    <path
       d="m 458.98047,314.22782 c 0,92.04912 -91.04738,167.01023 -202.98048,167.01023 -111.93309,0 -202.980466,-74.91178 -202.980466,-167.01023 a 140.04383,140.04339 0 0 1 11.425867,-55.23891 c 7.468715,21.48978 25.878851,41.0082 53.670159,56.35866 35.26197,19.49697 81.94767,30.23757 131.44068,30.23757 49.49399,0 96.17969,-10.7406 131.44185,-30.23328 35.26196,-19.49697 55.58262,-45.87119 57.29539,-74.442 a 142.38119,142.38074 0 0 1 20.687,73.3201 z M 420.67167,60.020715 C 407.37239,48.422066 392.52717,39.026454 379.91068,34.247133 368.42875,29.881819 359.61263,29.609389 355.74267,33.47489 l -0.56642,0.514829 -5.33413,4.530487 a 8.4495,8.449473 0 0 0 -1.0497,11.802434 27.202619,27.202532 0 0 1 -0.50648,35.308628 L 175.30521,283.77144 a 59.489476,59.489286 0 0 0 -14.019,29.60691 c 26.6467,8.73492 56.99943,13.32547 88.30753,13.32547 9.86659,0 19.79021,-0.47193 29.57483,-1.39433 L 392.37639,131.24075 a 27.294763,27.294676 0 0 1 38.20034,-9.29909 l 0.69593,0.42903 a 8.438238,8.4382111 0 0 0 11.30602,-2.14512 l 8.17818,-11.17606 c 4.99196,-6.63056 -5.07509,-27.270873 -30.08152,-49.056682 z M 268.97992,147.8225 a 317.15571,317.15471 0 0 0 -19.34288,-0.60063 c -46.35494,0 -89.79411,9.90186 -122.30617,27.87365 -30.742071,16.99362 -47.676829,38.9446 -47.676829,61.87376 0,22.92701 16.933791,44.84153 47.676829,61.87161 5.08611,2.81011 10.46741,5.4057 16.06039,7.81252 a 78.219048,78.218799 0 0 1 17.70164,-35.29576 z m 102.96445,151.05271 c 30.74207,-16.99361 47.67683,-38.94245 47.67683,-61.87161 0,-19.62782 -12.44947,-38.56706 -35.40327,-54.28648 l -81.34588,139.37041 c 25.81023,-4.53049 49.41125,-12.4138 69.01298,-23.24664 z"
       fill="#000000"
       fill-opacity="1"
       id="path12847-8-3"
       style="fill:#000000;fill-opacity:1;stroke-width:1.02381" />
    <path
       d="M 454.26,312.874 C 454.26,402.782 365.33,476 256,476 146.67,476 57.74,402.83 57.74,312.874 A 136.787,136.787 0 0 1 68.9,258.918 c 7.295,20.99 25.277,40.055 52.422,55.05 34.442,19.043 80.042,29.533 128.384,29.533 48.343,0 93.943,-10.49 128.385,-29.53 34.442,-19.043 54.29,-44.805 55.963,-72.71 a 139.07,139.07 0 0 1 20.206,71.614 z M 416.842,64.578 c -12.99,-11.33 -27.49,-20.506 -39.813,-25.174 -11.215,-4.265 -19.826,-4.53 -23.606,-0.75 l -0.554,0.508 -5.21,4.426 a 8.253,8.253 0 0 0 -1.026,11.527 26.57,26.57 0 0 1 -0.495,34.487 L 177.18,283.135 a 58.106,58.106 0 0 0 -13.693,28.92 c 26.027,8.53 55.674,13.015 86.254,13.015 9.637,0 19.33,-0.46 28.887,-1.36 L 389.203,134.153 a 26.66,26.66 0 0 1 37.312,-9.083 l 0.68,0.427 a 8.242,8.242 0 0 0 11.043,-2.087 l 7.988,-10.916 c 4.876,-6.478 -4.957,-26.638 -29.382,-47.916 z m -148.164,85.76 a 309.78,309.78 0 0 0 -18.893,-0.59 c -45.277,0 -87.706,9.672 -119.462,27.227 -30.027,16.598 -46.568,38.038 -46.568,60.434 0,22.395 16.54,43.8 46.568,60.434 4.968,2.743 10.224,5.28 15.687,7.63 a 76.4,76.4 0 0 1 17.29,-34.476 z m 100.57,147.54 c 30.027,-16.598 46.568,-38.038 46.568,-60.434 0,-19.17 -12.16,-37.67 -34.58,-53.023 l -79.454,136.13 c 25.21,-4.425 48.262,-12.125 67.408,-22.706 z"
       fill="#000000"
       fill-opacity="1"
       id="path12847-1"
       style="fill:#ffffff;fill-opacity:1" />
  </g>
  <g
     class=""
     id="g12849-6"
     transform="matrix(0.05296076,0,0,0.04772729,1.9420457,55.281812)"
     style="fill:#ffffff;fill-opacity:1">
    <path
       d="m 458.98047,314.22782 c 0,92.04912 -91.04738,167.01023 -202.98048,167.01023 -111.93309,0 -202.980466,-74.91178 -202.980466,-167.01023 a 140.04383,140.04339 0 0 1 11.425867,-55.23891 c 7.468715,21.48978 25.878851,41.0082 53.670159,56.35866 35.26197,19.49697 81.94767,30.23757 131.44068,30.23757 49.49399,0 96.17969,-10.7406 131.44185,-30.23328 35.26196,-19.49697 55.58262,-45.87119 57.29539,-74.442 a 142.38119,142.38074 0 0 1 20.687,73.3201 z M 420.67167,60.020715 C 407.37239,48.422066 392.52717,39.026454 379.91068,34.247133 368.42875,29.881819 359.61263,29.609389 355.74267,33.47489 l -0.56642,0.514829 -5.33413,4.530487 a 8.4495,8.449473 0 0 0 -1.0497,11.802434 27.202619,27.202532 0 0 1 -0.50648,35.308628 L 175.30521,283.77144 a 59.489476,59.489286 0 0 0 -14.019,29.60691 c 26.6467,8.73492 56.99943,13.32547 88.30753,13.32547 9.86659,0 19.79021,-0.47193 29.57483,-1.39433 L 392.37639,131.24075 a 27.294763,27.294676 0 0 1 38.20034,-9.29909 l 0.69593,0.42903 a 8.438238,8.4382111 0 0 0 11.30602,-2.14512 l 8.17818,-11.17606 c 4.99196,-6.63056 -5.07509,-27.270873 -30.08152,-49.056682 z M 268.97992,147.8225 a 317.15571,317.15471 0 0 0 -19.34288,-0.60063 c -46.35494,0 -89.79411,9.90186 -122.30617,27.87365 -30.742071,16.99362 -47.676829,38.9446 -47.676829,61.87376 0,22.92701 16.933791,44.84153 47.676829,61.87161 5.08611,2.81011 10.46741,5.4057 16.06039,7.81252 a 78.219048,78.218799 0 0 1 17.70164,-35.29576 z m 102.96445,151.05271 c 30.74207,-16.99361 47.67683,-38.94245 47.67683,-61.87161 0,-19.62782 -12.44947,-38.56706 -35.40327,-54.28648 l -81.34588,139.37041 c 25.81023,-4.53049 49.41125,-12.4138 69.01298,-23.24664 z"
       fill="#000000"
       fill-opacity="1"
       id="path12847-8-8"
       style="fill:#000000;fill-opacity:1;stroke-width:1.02381" />
    <path
       d="M 454.26,312.874 C 454.26,402.782 365.33,476 256,476 146.67,476 57.74,402.83 57.74,312.874 A 136.787,136.787 0 0 1 68.9,258.918 c 7.295,20.99 25.277,40.055 52.422,55.05 34.442,19.043 80.042,29.533 128.384,29.533 48.343,0 93.943,-10.49 128.385,-29.53 34.442,-19.043 54.29,-44.805 55.963,-72.71 a 139.07,139.07 0 0 1 20.206,71.614 z M 416.842,64.578 c -12.99,-11.33 -27.49,-20.506 -39.813,-25.174 -11.215,-4.265 -19.826,-4.53 -23.606,-0.75 l -0.554,0.508 -5.21,4.426 a 8.253,8.253 0 0 0 -1.026,11.527 26.57,26.57 0 0 1 -0.495,34.487 L 177.18,283.135 a 58.106,58.106 0 0 0 -13.693,28.92 c 26.027,8.53 55.674,13.015 86.254,13.015 9.637,0 19.33,-0.46 28.887,-1.36 L 389.203,134.153 a 26.66,26.66 0 0 1 37.312,-9.083 l 0.68,0.427 a 8.242,8.242 0 0 0 11.043,-2.087 l 7.988,-10.916 c 4.876,-6.478 -4.957,-26.638 -29.382,-47.916 z m -148.164,85.76 a 309.78,309.78 0 0 0 -18.893,-0.59 c -45.277,0 -87.706,9.672 -119.462,27.227 -30.027,16.598 -46.568,38.038 -46.568,60.434 0,22.395 16.54,43.8 46.568,60.434 4.968,2.743 10.224,5.28 15.687,7.63 a 76.4,76.4 0 0 1 17.29,-34.476 z m 100.57,147.54 c 30.027,-16.598 46.568,-38.038 46.568,-60.434 0,-19.17 -12.16,-37.67 -34.58,-53.023 l -79.454,136.13 c 25.21,-4.425 48.262,-12.125 67.408,-22.706 z"
       fill="#000000"
       fill-opacity="1"
       id="path12847-6"
       style="fill:#ffffff;fill-opacity:1" />
  </g>
  <g
     aria-label="3"
     id="text299"
     style="font-size:27.7778px;line-height:1.25;font-family:'DS Cloister Black';-inkscape-font-specification:'DS Cloister Black, ';letter-spacing:0px;word-spacing:0px;fill:#ffffff;fill-opacity:0.87451;stroke-width:0.694444">
    <path
       d="m 54.666673,9.4166692 q 0,0.1111112 0.02778,0.3888892 0.05556,0.2777776 0.111111,0.3333336 v 0.194445 q 0,0.08333 0.02778,0.166666 v 0.166667 q 0,1.472224 -1.083334,2.638891 -1.083334,1.13889 -2.416668,1.666668 1.694445,0.194445 2.916668,1.555557 1.222224,1.305556 1.222224,2.861113 v 0.194445 q -0.02778,0.05555 -0.02778,0.222222 -0.02778,0.138889 -0.05556,0.25 0,0.111112 0,0.166667 l -0.08333,0.25 q -0.02778,0.05556 -0.05556,0.166667 -0.02778,0.08333 -0.02778,0.111111 -0.02778,0.05556 -0.08333,0.194445 -0.02778,0.111111 -0.138889,0.277778 -1.666668,2.805558 -5.722227,3.111114 -0.138889,0 -0.277778,0.02778 h -0.277778 q -0.194444,0 -0.25,0.02778 h -0.277778 l -4.555559,-3.833336 1.916668,-1.888891 5.55556,4.583337 q 0.833334,-0.833334 1.250001,-2.611113 0,-0.111111 0,-0.222222 0.02778,-0.111111 0.05556,-0.25 0,-0.166667 0.02778,-0.250001 v -0.222222 q 0,-1.361112 -0.805557,-2.638891 -0.777778,-1.277779 -2.361113,-1.611112 -0.25,0 -0.305555,-0.02778 -0.416667,0 -0.63889,-0.05556 -0.08333,0 -0.166667,-0.02778 h -0.166666 -0.444445 l -0.63889,-0.05556 0.111112,-0.750001 q 1.722223,0.138889 3.27778,-1.083334 1.555557,-1.222223 1.555557,-3.055558 v -0.08333 q -0.02778,-0.02778 -0.02778,-0.08333 V 9.9166696 Q 51.80556,9.8888918 51.80556,9.8333362 V 9.6388916 Q 51.777782,9.1944468 51.416671,8.888891 51.083337,8.5555574 50.638893,8.5555574 L 50.41667,8.5000018 46.361111,11.30556 44.749999,9.583336 48.694447,6.6111114 Z"
       id="path2542" />
  </g>
  <g
     aria-label="E"
     id="text911"
     style="font-size:20.2429px;line-height:1.25;font-family:'DS Cloister Black';-inkscape-font-specification:'DS Cloister Black, ';letter-spacing:0px;word-spacing:0px;fill:#ffffff;fill-opacity:0.498039;stroke-width:0.506073">
    <path
       d="m 12.206473,120.24292 q 1.781375,1.21458 3.765179,1.21458 h 0.182186 q 0.02024,0 0.222672,-0.0405 0.04049,0 0.101215,-0.0202 h 0.101214 q 0.04049,0 0.101215,-0.0203 h 0.08097 l -2.894734,3.09717 h 2.186233 l -1.012145,2.08502 h -3.380565 v 5.85019 q 0.06073,0.0607 0.101215,0.0607 h 0.121457 l 0.303644,0.0607 h 0.303643 q 1.153846,0 2.287448,-0.52631 1.133603,-0.54656 1.983804,-1.33603 -0.121457,1.03238 -0.971659,1.86234 -0.728744,0.72875 -1.821861,1.25506 -0.182186,0.10122 -0.404858,0.18219 -0.1417,0.0202 -0.344129,0.10121 -0.202429,0.0607 -0.62753,0.12146 l -0.303644,0.0607 q -0.101214,0 -0.2834,0.0202 -0.161943,0.0202 -0.222672,0.0405 H 11.5587 q -0.161943,0 -0.202429,0.0202 h -0.384615 q -1.9230758,0 -3.5222649,-1.05263 -1.5991892,-1.05263 -2.2672049,-2.79352 -0.4251009,-1.11336 -0.4251009,-2.32793 0,-0.87045 0.3846151,-2.42915 0.080972,-0.12146 0.1214574,-0.2834 0.020243,-0.0405 0.060729,-0.12146 0.040486,-0.081 0.080972,-0.18219 1.4574889,-2.91497 3.7044508,-3.64372 l 0.3846152,-0.0405 q -2.9352207,2.51012 -2.9352207,4.97975 v 0.0405 l 0.020243,0.0203 v 0.0607 l 0.020243,0.0202 v 0.0202 q 0,1.98381 1.1336025,3.48178 v 0.0405 h 0.020243 q 0,0 0.040486,0.0405 v 0.0203 h 0.020243 v 0.0202 l 0.202429,-0.50607 q 0.040486,-0.38462 0.080972,-0.95142 0.060729,-0.5668 0.1214574,-1.33603 0,-0.0607 0,-0.1417 0,-0.10122 0.020243,-0.24292 v -0.7085 -0.081 q 0,-0.0405 -0.020243,-0.081 0,-0.0607 0,-0.16194 -0.020243,-0.32389 -0.040486,-0.48583 0,-0.18219 0,-0.20243 -0.020243,-0.1417 -0.040486,-0.24292 0,-0.12146 0,-0.20243 -0.020243,-0.1417 -0.040486,-0.24291 0,-0.12146 0,-0.20243 v -0.12146 q -0.020243,-0.0202 -0.020243,-0.10121 v -0.12146 q -0.020243,-0.0202 -0.020243,-0.10121 z m -1.88259,2.71255 v 4.61538 l -0.161943,0.7085 q -0.9514165,1.37652 -1.680161,2.10526 l -0.1619432,0.16195 q -0.060729,0.0607 -0.060729,0.081 l -0.080972,0.081 q 1.2955457,1.35628 2.9352205,1.74089 v -10.20242 z m 1.336031,3.17814 2.51012,-2.63158 -2.51012,-0.95142 z"
       id="path2545" />
  </g>
  <text
     xml:space="preserve"
     style="font-size:40px;line-height:1.25;font-family:'DS Cloister Black';-inkscape-font-specification:'DS Cloister Black, ';letter-spacing:0px;word-spacing:0px"
     x="132.58252"
     y="44.194176"
     id="text992"><tspan
       sodipodi:role="line"
       id="tspan990"></tspan></text>
  <g
     aria-label="E"
     id="text911-3"
     style="font-size:20.2429px;line-height:1.25;font-family:'DS Cloister Black';-inkscape-font-specification:'DS Cloister Black, ';letter-spacing:0px;word-spacing:0px;fill:#ffffff;fill-opacity:0.498039;stroke-width:0.506073">
    <path
       d="m 87.206472,5.2429156 q 1.781375,1.2145741 3.765179,1.2145741 h 0.182186 q 0.02024,0 0.222672,-0.040486 0.04049,0 0.101215,-0.020243 h 0.101214 q 0.04049,0 0.101215,-0.020243 h 0.08097 L 88.86639,9.4736819 h 2.186233 l -1.012145,2.0850191 h -3.380564 v 5.850198 q 0.06073,0.06073 0.101214,0.06073 h 0.121457 l 0.303644,0.06073 h 0.303643 q 1.153846,0 2.287448,-0.526315 1.133603,-0.546558 1.983805,-1.336031 -0.121458,1.032388 -0.97166,1.862346 -0.728744,0.728745 -1.821861,1.25506 -0.182186,0.101215 -0.404858,0.182186 -0.1417,0.02024 -0.344129,0.101215 -0.202429,0.06073 -0.62753,0.121457 l -0.303644,0.06073 q -0.101214,0 -0.2834,0.02024 -0.161943,0.02024 -0.222672,0.04049 h -0.222672 q -0.161943,0 -0.202429,0.02024 h -0.384615 q -1.923076,0 -3.522265,-1.052631 -1.599189,-1.052631 -2.267205,-2.793521 -0.425101,-1.113359 -0.425101,-2.327933 0,-0.870445 0.384615,-2.429148 0.08097,-0.121458 0.121458,-0.283401 0.02024,-0.04049 0.06073,-0.121457 0.04049,-0.08097 0.08097,-0.182186 1.457489,-2.9149781 3.704451,-3.6437225 l 0.384615,-0.040486 q -2.935221,2.5101197 -2.935221,4.9797533 v 0.04049 l 0.02024,0.02024 v 0.06073 l 0.02024,0.02024 v 0.02024 q 0,1.983804 1.133603,3.481778 v 0.04049 h 0.02024 q 0,0 0.04049,0.04049 v 0.02024 h 0.02024 v 0.02024 l 0.202429,-0.506073 q 0.04049,-0.384615 0.08097,-0.951416 0.06073,-0.566801 0.121457,-1.336031 0,-0.06073 0,-0.141701 0,-0.101214 0.02024,-0.242915 v -0.708501 -0.08097 q 0,-0.04049 -0.02024,-0.08097 0,-0.06073 0,-0.161944 -0.02024,-0.323886 -0.04049,-0.485829 0,-0.182186 0,-0.202429 -0.02024,-0.1417 -0.04049,-0.242915 0,-0.1214574 0,-0.202429 -0.02024,-0.1417003 -0.04049,-0.2429148 0,-0.1214574 0,-0.202429 V 9.2914958 Q 83.07692,9.2712529 83.07692,9.1902813 V 9.0688239 q -0.02024,-0.020243 -0.02024,-0.1012145 z m -1.88259,2.7125488 v 4.6153816 l -0.161943,0.708501 q -0.951417,1.376518 -1.680161,2.105262 l -0.161943,0.161943 q -0.06073,0.06073 -0.06073,0.08097 l -0.08097,0.08097 q 1.295545,1.356275 2.93522,1.74089 V 7.2469628 Z M 86.659914,11.1336 89.170033,8.5020227 86.659914,7.5506063 Z"
       id="path2548" />
  </g>
</svg>
