<svg
    xmlns="http://www.w3.org/2000/svg"
    height="100"
    width="100"
    viewbox="0 0 100 100"
>
    <rect
        x="0"
        y="0"
        width="100"
        height="100"
        style="fill:none;stroke:#000000;stroke-width:0.5px"
    />
    <rect
        x="0"
        y="0"
        width="50"
        height="50"
        style="fill:#e34234;stroke:#000000;stroke-width:0.5px"
    />
    <path
        id="heart"
        d="m 16.4,7.1 q 5.3,0 8.2,6.7 0.7,2.0 0.7,2.5 0.1,0 0.5,-1.7 2.7,-7.5 8.5,-7.5 5.1,0 8.1,5.2 0.9,1.9 0.9,3.9 v 0.3 q 0,6.3 -5.4,11.9 Q 26.7,41.8 25.3,43.4 H 25.1 L 10.3,25.1 q -2.9,-4.3 -2.9,-8.8 0,-5.1 4.9,-8.2 2.0,-1.1 4.2,-1.1 z M 8.6,16.1 v 0.4 q 0,5.3 5.1,10.9 l 11.6,14.2 h 0.1 l 14.0,-17.1 q 2.5,-3.9 2.5,-7.6 v -0.9 q 0,-4.2 -4.6,-6.9 -1.7,-0.7 -3.1,-0.7 -6.4,0 -8.5,10.9 -0.2,0.9 -0.2,1.6 H 25.2 q 0,-1.9 -1.8,-7.0 -2.5,-5.5 -7.1,-5.5 -4.2,0 -6.9,4.3 -0.9,1.7 -0.9,3.4 z"
        style="fill:#000000;stroke:none"
    />
    <rect
        x="50"
        y="0"
        width="50"
        height="50"
        style="fill:#7cfc00;stroke:#000000;stroke-width:0.5px"
    />
    <path
        id="club"
        d="m 74.9,6.9 q 5.0,0 7.5,5.0 0.6,1.7 0.6,3.1 0,3.2 -2.8,7.3 l -0.5,0.6 q 0.8,-0.1 2.2,-0.1 h 1.0 q 6.1,0 8.3,5.2 0.4,1.4 0.4,2.8 0,5.2 -5.1,7.6 -0.8,0.3 -2.6,0.5 -5.9,0 -8.4,-6.7 h -0.1 v 0.2 q 0,8.4 2.0,11.1 v 0.1 h -5.1 l -0.1,-0.1 q 2.1,-3.1 2.1,-11.3 v -0.1 h -0.1 q -2.4,6.8 -8.4,6.8 -4.7,0 -7.2,-5.0 -0.6,-1.7 -0.6,-3.1 0,-5.7 6.0,-7.7 1.6,-0.3 2.9,-0.3 h 0.9 q 1.5,0 2.2,0.1 -2.4,-2.7 -3.1,-7.1 v -0.9 q 0,-5.0 5.3,-7.5 1.7,-0.5 2.7,-0.5 z m -6.8,8.1 q 0,3.8 4.1,8.8 l 0.3,0.3 v 0.1 q -2.6,-0.2 -5.5,-0.2 h -0.2 q -5.9,0 -7.4,5.2 l -0.2,1.6 q 0,3.6 3.3,5.9 1.5,0.9 3.4,0.9 5.1,0 7.9,-7.2 0.4,-0.7 0.9,-2.2 h 0.2 q 0.9,2.9 2.9,6.2 2.2,3.2 6.1,3.2 4.1,0 6.2,-4.6 0.3,-1.1 0.3,-2.2 v -0.1 q 0,-5.4 -6.2,-6.6 l -1.3,-0.1 H 82.7 q -2.9,0 -5.5,0.2 v -0.1 q 3.1,-3.3 3.9,-6.0 0.6,-1.9 0.6,-3.0 0,-4.4 -4.6,-6.6 -1.3,-0.4 -2.3,-0.4 -4.5,0 -6.5,4.9 z m 6.7,24.2 q 0,0.7 -0.7,3.0 h 1.5 V 42.2 Q 74.9,39.8 74.9,39.3 Z"
        style="fill:#000000;stroke:none"
    />
    <rect
        x="0"
        y="50"
        width="50"
        height="50"
        style="fill:#1e90ff;stroke:#000000;stroke-width:0.5px"
    />
    <path
        id="spade"
        d="m 25.3,56.5 q 3.1,5.5 12.4,16.7 2.1,3.4 2.1,6.7 v 0.1 q 0,5.1 -4.4,7.0 -0.8,0.4 -2.0,0.4 h -0.5 q -3.5,0 -5.9,-5.3 h -1.0 v 0.3 q 0,6.8 2.0,10.6 h -5.2 v -0.1 q 2.1,-3.7 2.1,-10.8 h -1.0 l -1.4,2.5 q -2.1,2.9 -4.6,2.9 h -0.5 q -3.9,0 -5.9,-4.2 -0.6,-1.6 -0.6,-3.1 l 0.1,-0.3 v -0.1 q 0,-4.9 5.0,-10.1 7.1,-8.8 9.5,-13.0 z m -0.1,2.4 Q 22.2,63.8 13.9,73.6 q -2.0,3.2 -2.0,6.4 0.2,4.6 3.9,5.9 0.5,0.2 1.5,0.2 h 0.4 q 2.9,0 5.2,-5.3 h 4.5 q 0.2,0 0.9,1.7 2.0,3.6 4.5,3.6 h 0.5 q 3.3,0 4.9,-4.1 0.2,-1.0 0.2,-1.7 V 79.6 q 0,-4.3 -5.0,-9.4 -5.6,-7.0 -8.4,-11.3 z M 24.5,91.7 h 1.5 q -0.3,-0.6 -0.7,-2.8 -0.1,0 -0.5,2.0 z"
        style="fill:#000000;stroke:none"
    />
    <rect
        x="50"
        y="50"
        width="50"
        height="50"
        style="fill:#ffef00;stroke:#000000;stroke-width:0.5px"
    />
    <path
        id="diamond"
        d="m 74.8,56.5 14.0,18.1 v 0.2 Q 75.5,92.1 74.8,93.0 74.4,92.7 62.5,77.1 60.8,75.0 60.8,74.7 Z M 74.7,58.5 62.3,74.7 74.8,91.0 87.3,74.7 77.1,61.5 Z"
        style="fill:#000000;stroke:none"
    />
</svg>