<svg
    xmlns="http://www.w3.org/2000/svg"
    width="130"
    height="130"
    viewBox="0 0 130 130"
>
    <g>
        <polygon
            points="65,65 98,9 32,9"
            style="fill:#e34234;stroke:#000000;stroke-width:0.5px"
        />
        <path
            d="m 55.0,23.6 q 0,0.9 -0.3,1.6 -0.3,0.7 -0.8,1.2 -0.5,0.5 -1.2,0.8 -0.7,0.3 -1.5,0.3 -0.8,0 -1.5,-0.3 -0.7,-0.3 -1.2,-0.8 -0.5,-0.5 -0.8,-1.2 -0.3,-0.7 -0.3,-1.6 0,-0.9 0.3,-1.6 0.3,-0.7 0.8,-1.2 0.5,-0.5 1.2,-0.8 0.7,-0.3 1.5,-0.3 0.8,0 1.5,0.3 0.7,0.3 1.2,0.8 0.5,0.5 0.8,1.2 0.3,0.7 0.3,1.6 z m -1.1,0 q 0,-0.7 -0.2,-1.3 -0.2,-0.6 -0.5,-0.9 -0.4,-0.4 -0.9,-0.6 -0.5,-0.2 -1.1,-0.2 -0.6,0 -1.1,0.2 -0.5,0.2 -0.9,0.6 -0.4,0.4 -0.5,0.9 -0.2,0.6 -0.2,1.3 0,0.7 0.2,1.3 0.2,0.6 0.5,0.9 0.4,0.4 0.9,0.6 0.5,0.2 1.1,0.2 0.6,0 1.1,-0.2 0.5,-0.2 0.9,-0.6 0.4,-0.4 0.5,-0.9 0.2,-0.6 0.2,-1.3 z"
            style="fill:#000000;stroke:none"
        />
        <path
            d="m 61.3,19.8 v 0.9 h -2.5 v 6.8 H 57.8 V 20.7 H 55.4 v -0.9 z"
            style="fill:#000000;stroke:none"
        />
        <path
            d="m 68.7,27.4 h -1.0 v -3.5 h -4.1 v 3.5 h -1.0 v -7.6 h 1.0 v 3.4 h 4.1 v -3.4 h 1.0 z"
            style="fill:#000000;stroke:none"
        />
        <path
            d="m 75.3,19.8 v 0.8 h -3.7 v 2.5 h 3.0 v 0.8 h -3.0 v 2.6 h 3.7 l 0,0.8 h -4.7 v -7.6 z"
            style="fill:#000000;stroke:none"
        />
        <path
            d="m 77.8,24.3 v 3.2 h -1.0 v -7.6 h 2.2 q 0.7,0 1.3,0.1 0.5,0.1 0.9,0.4 0.3,0.3 0.5,0.7 0.2,0.4 0.2,0.9 0,0.4 -0.1,0.8 -0.1,0.4 -0.4,0.6 -0.2,0.3 -0.6,0.5 -0.3,0.2 -0.8,0.3 0.2,0.1 0.3,0.3 l 2.2,3.0 H 81.5 q -0.3,0 -0.4,-0.2 l -2.0,-2.7 q -0.1,-0.1 -0.2,-0.2 -0.1,-0.1 -0.3,-0.1 z m 0,-0.8 h 1.1 q 0.4,0 0.8,-0.1 0.3,-0.1 0.6,-0.3 0.2,-0.2 0.4,-0.5 0.1,-0.3 0.1,-0.6 0,-0.7 -0.4,-1.0 -0.4,-0.3 -1.3,-0.3 h -1.1 z"
            style="fill:#000000;stroke:none"
        />
        <path
            d="m 62.0,34.6 v 2.3 h 2.2 V 37.6 h -2.2 v 2.3 H 61.3 V 37.6 h -2.2 v -0.7 h 2.2 v -2.3 z"
            style="fill:#000000;stroke:none"
        />
        <path
            d="m 66.1,40.1 h 1.6 v -5.2 q 0,-0.2 0,-0.5 l -1.4,1.2 q -0.1,0.1 -0.1,0.1 -0.1,0 -0.1,0 -0.1,0 -0.1,0 0,0 -0.1,-0.1 l -0.3,-0.4 2.3,-2.0 h 0.8 v 6.9 h 1.5 v 0.7 h -4.1 z"
            style="fill:#000000;stroke:none"
        />
    </g>
    <g>
        <polygon
            points="65,65 32,9 0,65"
            style="fill:#e34234;stroke:#000000;stroke-width:0.5px"
        />
        <path
            d="m 19.5,44.5 v 2.9 h -1.0 v -7.6 h 2.3 q 0.7,0 1.3,0.2 0.5,0.2 0.9,0.5 0.4,0.3 0.5,0.7 0.2,0.4 0.2,1.0 0,0.5 -0.2,1.0 -0.2,0.4 -0.5,0.8 -0.4,0.3 -0.9,0.5 -0.5,0.2 -1.2,0.2 z m 0,-0.8 h 1.2 q 0.4,0 0.8,-0.1 0.3,-0.1 0.6,-0.3 0.2,-0.2 0.4,-0.5 0.1,-0.3 0.1,-0.6 0,-0.7 -0.5,-1.1 -0.4,-0.4 -1.4,-0.4 h -1.2 z"
            style="fill:#000000;stroke:none"
        />
        <path
            d="m 25.9,44.2 v 3.2 h -1.0 v -7.6 h 2.2 q 0.7,0 1.3,0.1 0.5,0.1 0.9,0.4 0.3,0.3 0.5,0.7 0.2,0.4 0.2,0.9 0,0.4 -0.1,0.8 -0.1,0.4 -0.4,0.6 -0.2,0.3 -0.6,0.5 -0.3,0.2 -0.8,0.3 0.2,0.1 0.3,0.3 l 2.2,3.0 h -0.9 q -0.3,0 -0.4,-0.2 l -2.0,-2.7 q -0.1,-0.1 -0.2,-0.2 -0.1,-0.1 -0.3,-0.1 z m 0,-0.8 h 1.1 q 0.4,0 0.8,-0.1 0.3,-0.1 0.6,-0.3 0.2,-0.2 0.4,-0.5 0.1,-0.3 0.1,-0.6 0,-0.7 -0.4,-1.0 -0.4,-0.3 -1.3,-0.3 h -1.1 z"
            style="fill:#000000;stroke:none"
        />
        <path
            d="m 32.6,47.4 h -1.0 v -7.6 h 1.0 z"
            style="fill:#000000;stroke:none"
        />
        <path
            d="m 39.9,45.8 q 0.1,0 0.1,0.1 l 0.4,0.4 q -0.5,0.5 -1.1,0.8 -0.7,0.3 -1.6,0.3 -0.8,0 -1.5,-0.3 -0.7,-0.3 -1.1,-0.8 -0.5,-0.5 -0.7,-1.2 -0.3,-0.7 -0.3,-1.6 0,-0.9 0.3,-1.6 0.3,-0.7 0.8,-1.2 0.5,-0.5 1.2,-0.8 0.7,-0.3 1.5,-0.3 0.8,0 1.4,0.3 0.6,0.3 1.1,0.7 l -0.3,0.5 q 0,0.1 -0.1,0.1 0,0 -0.1,0 -0.1,0 -0.2,-0.1 -0.1,-0.1 -0.4,-0.2 -0.2,-0.1 -0.6,-0.2 -0.3,-0.1 -0.8,-0.1 -0.6,0 -1.1,0.2 -0.5,0.2 -0.8,0.6 -0.4,0.4 -0.5,0.9 -0.2,0.6 -0.2,1.3 0,0.7 0.2,1.3 0.2,0.6 0.6,0.9 0.4,0.4 0.8,0.6 0.5,0.2 1.0,0.2 0.3,0 0.6,0 0.3,0 0.5,-0.1 0.2,-0.1 0.4,-0.2 0.2,-0.1 0.4,-0.3 0.1,-0.1 0.2,-0.1 z"
            style="fill:#000000;stroke:none"
        />
        <path
            d="m 46.4,39.8 v 0.8 H 42.7 v 2.5 h 3.0 v 0.8 h -3.0 v 2.6 h 3.7 l 0,0.8 H 41.6 v -7.6 z"
            style="fill:#000000;stroke:none"
        />
        <path
            d="m 29.4,54.5 v 2.3 h 2.2 v 0.7 H 29.4 v 2.3 h -0.8 v -2.3 h -2.2 v -0.7 h 2.2 v -2.3 z"
            style="fill:#000000;stroke:none"
        />
        <path
            d="m 35.3,53.0 q 0.5,0 0.9,0.1 0.4,0.1 0.7,0.4 0.3,0.3 0.5,0.7 0.2,0.4 0.2,0.9 0,0.4 -0.1,0.8 -0.1,0.4 -0.3,0.7 -0.2,0.3 -0.5,0.6 -0.3,0.3 -0.6,0.6 l -2.0,2.1 q 0.2,-0.1 0.4,-0.1 0.2,0 0.4,0 h 2.6 q 0.2,0 0.2,0.1 0.1,0.1 0.1,0.2 v 0.6 H 32.7 v -0.3 q 0,-0.1 0,-0.2 0,-0.1 0.1,-0.2 l 2.4,-2.5 q 0.3,-0.3 0.6,-0.6 0.3,-0.3 0.4,-0.6 0.2,-0.3 0.3,-0.6 0.1,-0.3 0.1,-0.6 0,-0.3 -0.1,-0.6 -0.1,-0.3 -0.3,-0.4 -0.2,-0.2 -0.4,-0.2 -0.3,-0.1 -0.5,-0.1 -0.3,0 -0.5,0.1 -0.2,0.1 -0.4,0.2 -0.2,0.1 -0.3,0.4 -0.1,0.2 -0.2,0.5 -0.1,0.2 -0.2,0.3 -0.1,0.1 -0.3,0 L 32.8,55.2 q 0.1,-0.5 0.3,-0.9 0.2,-0.4 0.5,-0.7 0.3,-0.3 0.8,-0.4 0.4,-0.1 0.9,-0.1 z"
            style="fill:#000000;stroke:none"
        />
    </g>
    <g>
        <polygon
            points="65,65 0,65 33,121"
            style="fill:#e34234;stroke:#000000;stroke-width:0.5px"
        />
        <path
            d="m 19.6,79.5 v 2.9 h -1.0 v -7.6 h 2.3 q 0.7,0 1.3,0.2 0.5,0.2 0.9,0.5 0.4,0.3 0.5,0.7 0.2,0.4 0.2,1.0 0,0.5 -0.2,1.0 -0.2,0.4 -0.5,0.8 -0.4,0.3 -0.9,0.5 -0.5,0.2 -1.2,0.2 z m 0,-0.8 h 1.2 q 0.4,0 0.8,-0.1 0.3,-0.1 0.6,-0.3 0.2,-0.2 0.4,-0.5 0.1,-0.3 0.1,-0.6 0,-0.7 -0.5,-1.1 -0.4,-0.4 -1.4,-0.4 h -1.2 z"
            style="fill:#000000;stroke:none"
        />
        <path
            d="m 26.0,79.1 v 3.2 h -1.0 v -7.6 h 2.2 q 0.7,0 1.3,0.1 0.5,0.1 0.9,0.4 0.3,0.3 0.5,0.7 0.2,0.4 0.2,0.9 0,0.4 -0.1,0.8 -0.1,0.4 -0.4,0.6 -0.2,0.3 -0.6,0.5 -0.3,0.2 -0.8,0.3 0.2,0.1 0.3,0.3 l 2.2,3.0 h -0.9 q -0.3,0 -0.4,-0.2 l -2.0,-2.7 q -0.1,-0.1 -0.2,-0.2 -0.1,-0.1 -0.3,-0.1 z m 0,-0.8 h 1.1 q 0.4,0 0.8,-0.1 0.3,-0.1 0.6,-0.3 0.2,-0.2 0.4,-0.5 0.1,-0.3 0.1,-0.6 0,-0.7 -0.4,-1.0 -0.4,-0.3 -1.3,-0.3 h -1.1 z"
            style="fill:#000000;stroke:none"
        />
        <path
            d="m 32.7,82.3 h -1.0 v -7.6 h 1.0 z"
            style="fill:#000000;stroke:none"
        />
        <path
            d="m 40.0,80.7 q 0.1,0 0.1,0.1 l 0.4,0.4 q -0.5,0.5 -1.1,0.8 -0.7,0.3 -1.6,0.3 -0.8,0 -1.5,-0.3 -0.7,-0.3 -1.1,-0.8 -0.5,-0.5 -0.7,-1.2 -0.3,-0.7 -0.3,-1.6 0,-0.9 0.3,-1.6 0.3,-0.7 0.8,-1.2 0.5,-0.5 1.2,-0.8 0.7,-0.3 1.5,-0.3 0.8,0 1.4,0.3 0.6,0.3 1.1,0.7 l -0.3,0.5 q 0,0.1 -0.1,0.1 0,0 -0.1,0 -0.1,0 -0.2,-0.1 -0.1,-0.1 -0.4,-0.2 -0.2,-0.1 -0.6,-0.2 -0.3,-0.1 -0.8,-0.1 -0.6,0 -1.1,0.2 -0.5,0.2 -0.8,0.6 -0.4,0.4 -0.5,0.9 -0.2,0.6 -0.2,1.3 0,0.7 0.2,1.3 0.2,0.6 0.6,0.9 0.4,0.4 0.8,0.6 0.5,0.2 1.0,0.2 0.3,0 0.6,0 0.3,0 0.5,-0.1 0.2,-0.1 0.4,-0.2 0.2,-0.1 0.4,-0.3 0.1,-0.1 0.2,-0.1 z"
            style="fill:#000000;stroke:none"
        />
        <path
            d="m 46.4,74.7 v 0.8 h -3.7 v 2.5 h 3.0 v 0.8 h -3.0 v 2.6 h 3.7 l 0,0.8 h -4.7 v -7.6 z"
            style="fill:#000000;stroke:none"
        />
        <path
            d="m 29.5,89.4 v 2.3 h 2.2 v 0.7 h -2.2 v 2.3 h -0.8 v -2.3 h -2.2 v -0.7 h 2.2 v -2.3 z"
            style="fill:#000000;stroke:none"
        />
        <path
            d="m 35.4,87.9 q 0.5,0 0.9,0.1 0.4,0.1 0.7,0.4 0.3,0.3 0.5,0.7 0.2,0.4 0.2,0.9 0,0.4 -0.1,0.8 -0.1,0.4 -0.3,0.7 -0.2,0.3 -0.5,0.6 -0.3,0.3 -0.6,0.6 l -2.0,2.1 q 0.2,-0.1 0.4,-0.1 0.2,0 0.4,0 h 2.6 q 0.2,0 0.2,0.1 0.1,0.1 0.1,0.2 v 0.6 h -5.1 v -0.3 q 0,-0.1 0,-0.2 0,-0.1 0.1,-0.2 l 2.4,-2.5 q 0.3,-0.3 0.6,-0.6 0.3,-0.3 0.4,-0.6 0.2,-0.3 0.3,-0.6 0.1,-0.3 0.1,-0.6 0,-0.3 -0.1,-0.6 -0.1,-0.3 -0.3,-0.4 -0.2,-0.2 -0.4,-0.2 -0.3,-0.1 -0.5,-0.1 -0.3,0 -0.5,0.1 -0.2,0.1 -0.4,0.2 -0.2,0.1 -0.3,0.4 -0.1,0.2 -0.2,0.5 -0.1,0.2 -0.2,0.3 -0.1,0.1 -0.3,0 l -0.5,-0.1 q 0.1,-0.5 0.3,-0.9 0.2,-0.4 0.5,-0.7 0.3,-0.3 0.8,-0.4 0.4,-0.1 0.9,-0.1 z"
            style="fill:#000000;stroke:none"
        />
    </g>
    <g>
        <polygon
            points="65,65 33,121 97,121"
            style="fill:#e34234;stroke:#000000;stroke-width:0.5px"
        />
        <path
            d="m 63.0,98.9 q 0,0.9 -0.3,1.6 -0.3,0.7 -0.8,1.2 -0.5,0.5 -1.2,0.8 -0.7,0.3 -1.5,0.3 H 56.3 v -7.6 h 2.9 q 0.8,0 1.5,0.3 0.7,0.3 1.2,0.8 0.5,0.5 0.8,1.2 0.3,0.7 0.3,1.6 z m -1.1,0 q 0,-0.7 -0.2,-1.3 -0.2,-0.6 -0.5,-0.9 -0.4,-0.4 -0.9,-0.6 -0.5,-0.2 -1.1,-0.2 H 57.4 v 6.0 h 1.8 q 0.6,0 1.1,-0.2 0.5,-0.2 0.9,-0.6 0.4,-0.4 0.5,-0.9 0.2,-0.6 0.2,-1.3 z"
            style="fill:#000000;stroke:none"
        />
        <path
            d="m 65.5,102.7 h -1.0 v -7.6 h 1.0 z"
            style="fill:#000000;stroke:none"
        />
        <path
            d="m 66.5,95.1 h 0.8 q 0.1,0 0.2,0.1 0.1,0.1 0.1,0.2 l 2.2,5.4 q 0.1,0.2 0.1,0.4 0.1,0.2 0.1,0.4 0,-0.2 0.1,-0.4 0.1,-0.2 0.1,-0.4 l 2.1,-5.4 q 0,-0.1 0.1,-0.2 0.1,-0.1 0.2,-0.1 h 0.8 l -3.1,7.6 h -0.9 z"
            style="fill:#000000;stroke:none"
        />
    </g>
    <g>
        <polygon
            points="65,65 97,121 130,65"
            style="fill:#e34234;stroke:#000000;stroke-width:0.5px"
        />
        <path
            d="m 95.7,85.1 q 0,0.9 -0.3,1.6 -0.3,0.7 -0.8,1.2 -0.5,0.5 -1.2,0.8 -0.7,0.3 -1.5,0.3 H 89.1 V 81.3 h 2.9 q 0.8,0 1.5,0.3 0.7,0.3 1.2,0.8 0.5,0.5 0.8,1.2 0.3,0.7 0.3,1.6 z m -1.1,0 q 0,-0.7 -0.2,-1.3 -0.2,-0.6 -0.5,-0.9 -0.4,-0.4 -0.9,-0.6 -0.5,-0.2 -1.1,-0.2 h -1.8 v 6.0 h 1.8 q 0.6,0 1.1,-0.2 0.5,-0.2 0.9,-0.6 0.4,-0.4 0.5,-0.9 0.2,-0.6 0.2,-1.3 z"
            style="fill:#000000;stroke:none"
        />
        <path
            d="m 98.2,88.9 h -1.0 V 81.3 h 1.0 z"
            style="fill:#000000;stroke:none"
        />
        <path
            d="m 99.2,81.3 h 0.8 q 0.1,0 0.2,0.1 0.1,0.1 0.1,0.2 l 2.2,5.4 q 0.1,0.2 0.1,0.4 0.1,0.2 0.1,0.4 0,-0.2 0.1,-0.4 0.1,-0.2 0.1,-0.4 l 2.1,-5.4 q 0,-0.1 0.1,-0.2 0.1,-0.1 0.2,-0.1 h 0.8 l -3.1,7.6 h -0.9 z"
            style="fill:#000000;stroke:none"
        />
    </g>
    <g>
        <polygon
            points="65,65 130,65 98,9"
            style="fill:#e34234;stroke:#000000;stroke-width:0.5px"
        />
        <path
            d="m 87.6,43.6 q 0,0.9 -0.3,1.6 -0.3,0.7 -0.8,1.2 -0.5,0.5 -1.2,0.8 -0.7,0.3 -1.5,0.3 -0.8,0 -1.5,-0.3 -0.7,-0.3 -1.2,-0.8 -0.5,-0.5 -0.8,-1.2 -0.3,-0.7 -0.3,-1.6 0,-0.9 0.3,-1.6 0.3,-0.7 0.8,-1.2 0.5,-0.5 1.2,-0.8 0.7,-0.3 1.5,-0.3 0.8,0 1.5,0.3 0.7,0.3 1.2,0.8 0.5,0.5 0.8,1.2 0.3,0.7 0.3,1.6 z m -1.1,0 q 0,-0.7 -0.2,-1.3 -0.2,-0.6 -0.5,-0.9 -0.4,-0.4 -0.9,-0.6 -0.5,-0.2 -1.1,-0.2 -0.6,0 -1.1,0.2 -0.5,0.2 -0.9,0.6 -0.4,0.4 -0.5,0.9 -0.2,0.6 -0.2,1.3 0,0.7 0.2,1.3 0.2,0.6 0.5,0.9 0.4,0.4 0.9,0.6 0.5,0.2 1.1,0.2 0.6,0 1.1,-0.2 0.5,-0.2 0.9,-0.6 0.4,-0.4 0.5,-0.9 0.2,-0.6 0.2,-1.3 z"
            style="fill:#000000;stroke:none"
        />
        <path
            d="m 93.9,39.8 v 0.9 h -2.5 v 6.8 h -1.0 v -6.8 h -2.5 v -0.9 z"
            style="fill:#000000;stroke:none"
        />
        <path
            d="m 101.2,47.4 h -1.0 v -3.5 h -4.1 v 3.5 h -1.0 v -7.6 h 1.0 v 3.4 h 4.1 v -3.4 h 1.0 z"
            style="fill:#000000;stroke:none"
        />
        <path
            d="m 107.9,39.8 v 0.8 h -3.7 v 2.5 h 3.0 v 0.8 h -3.0 v 2.6 h 3.7 l 0,0.8 h -4.7 v -7.6 z"
            style="fill:#000000;stroke:none"
        />
        <path
            d="m 110.3,44.2 v 3.2 h -1.0 v -7.6 h 2.2 q 0.7,0 1.3,0.1 0.5,0.1 0.9,0.4 0.3,0.3 0.5,0.7 0.2,0.4 0.2,0.9 0,0.4 -0.1,0.8 -0.1,0.4 -0.4,0.6 -0.2,0.3 -0.6,0.5 -0.3,0.2 -0.8,0.3 0.2,0.1 0.3,0.3 l 2.2,3.0 h -0.9 q -0.3,0 -0.4,-0.2 l -2.0,-2.7 q -0.1,-0.1 -0.2,-0.2 -0.1,-0.1 -0.3,-0.1 z m 0,-0.8 h 1.1 q 0.4,0 0.8,-0.1 0.3,-0.1 0.6,-0.3 0.2,-0.2 0.4,-0.5 0.1,-0.3 0.1,-0.6 0,-0.7 -0.4,-1.0 -0.4,-0.3 -1.3,-0.3 h -1.1 z"
            style="fill:#000000;stroke:none"
        />
        <path
            d="m 94.6,54.5 v 2.3 h 2.2 v 0.7 h -2.2 v 2.3 H 93.8 v -2.3 h -2.2 v -0.7 h 2.2 v -2.3 z"
            style="fill:#000000;stroke:none"
        />
        <path
            d="m 98.6,60.0 h 1.6 v -5.2 q 0,-0.2 0,-0.5 l -1.4,1.2 q -0.1,0.1 -0.1,0.1 -0.1,0 -0.1,0 -0.1,0 -0.1,0 0,0 -0.1,-0.1 l -0.3,-0.4 2.3,-2.0 h 0.8 v 6.9 h 1.5 v 0.7 h -4.1 z"
            style="fill:#000000;stroke:none"
        />
    </g>
</svg>