<svg
    xmlns="http://www.w3.org/2000/svg"
    width="130"
    height="130"
    viewBox="0 0 130 130"
>
    <g>
        <polygon
            points="65,65 98,9 32,9"
            style="fill:#1e90ff;stroke:#000000;stroke-width:0.5px"
        />
        <path
            d="m 55.3,23.8 q 0,0.8 -0.3,1.5 -0.3,0.7 -0.7,1.2 -0.5,0.5 -1.2,0.8 -0.7,0.3 -1.5,0.3 -0.8,0 -1.5,-0.3 -0.7,-0.3 -1.2,-0.8 -0.5,-0.5 -0.7,-1.2 -0.3,-0.7 -0.3,-1.5 0,-0.8 0.3,-1.5 0.3,-0.7 0.7,-1.2 0.5,-0.5 1.2,-0.8 0.7,-0.3 1.5,-0.3 0.8,0 1.5,0.3 0.7,0.3 1.2,0.8 0.5,0.5 0.7,1.2 0.3,0.7 0.3,1.5 z m -1.0,0 q 0,-0.7 -0.2,-1.2 -0.2,-0.5 -0.5,-0.9 -0.3,-0.4 -0.8,-0.6 -0.5,-0.2 -1.1,-0.2 -0.6,0 -1.1,0.2 -0.5,0.2 -0.8,0.6 -0.3,0.4 -0.5,0.9 -0.2,0.5 -0.2,1.2 0,0.7 0.2,1.2 0.2,0.5 0.5,0.9 0.3,0.4 0.8,0.6 0.5,0.2 1.1,0.2 0.6,0 1.1,-0.2 0.5,-0.2 0.8,-0.6 0.3,-0.4 0.5,-0.9 0.2,-0.5 0.2,-1.2 z"
            style="fill:#000000;stroke:none"
        />
        <path
            d="m 61.4,20.1 v 0.8 h -2.4 v 6.6 h -1.0 v -6.6 h -2.4 v -0.8 z"
            style="fill:#000000;stroke:none"
        />
        <path
            d="m 68.6,27.5 h -1.0 v -3.4 h -4.0 v 3.4 h -1.0 v -7.5 h 1.0 v 3.3 h 4.0 v -3.3 h 1.0 z"
            style="fill:#000000;stroke:none"
        />
        <path
            d="m 75.1,20.1 v 0.8 h -3.6 v 2.5 h 2.9 v 0.8 h -2.9 v 2.5 h 3.6 l 0,0.8 h -4.6 v -7.5 z"
            style="fill:#000000;stroke:none"
        />
        <path
            d="m 77.5,24.4 v 3.1 H 76.5 v -7.5 h 2.1 q 0.7,0 1.2,0.1 0.5,0.1 0.8,0.4 0.3,0.3 0.5,0.7 0.2,0.4 0.2,0.9 0,0.4 -0.1,0.7 -0.1,0.3 -0.4,0.6 -0.2,0.3 -0.6,0.5 -0.3,0.2 -0.8,0.3 0.2,0.1 0.3,0.3 l 2.2,3.0 h -0.9 q -0.3,0 -0.4,-0.2 l -1.9,-2.7 q -0.1,-0.1 -0.2,-0.2 -0.1,-0.1 -0.3,-0.1 z m 0,-0.7 h 1.1 q 0.4,0 0.8,-0.1 0.3,-0.1 0.6,-0.3 0.2,-0.2 0.3,-0.5 0.1,-0.3 0.1,-0.6 0,-0.7 -0.4,-1.0 -0.4,-0.3 -1.3,-0.3 h -1.1 z"
            style="fill:#000000;stroke:none"
        />
        <path
            d="m 60.4,37.0 h 2.6 v 0.8 h -2.6 z"
            style="fill:#000000;stroke:none"
        />
        <path
            d="m 64.9,39.8 h 1.6 v -5.1 q 0,-0.2 0,-0.5 l -1.3,1.1 q -0.1,0.1 -0.1,0.1 -0.1,0 -0.1,0 -0.1,0 -0.1,0 0,0 -0.1,-0.1 l -0.3,-0.4 2.2,-1.9 h 0.8 V 39.8 h 1.5 v 0.7 h -4.0 z"
            style="fill:#000000;stroke:none"
        />
    </g>
    <g>
        <polygon
            points="65,65 32,9 0,65"
            style="fill:#1e90ff;stroke:#000000;stroke-width:0.5px"
        />
        <path
            d="m 19.6,44.6 v 2.9 h -1 v -7.6 h 2.3 q 0.7,0 1.3,0.2 0.5,0.2 0.9,0.5 0.4,0.3 0.5,0.7 0.2,0.4 0.2,1 0,0.5 -0.2,1 -0.2,0.4 -0.5,0.8 -0.4,0.3 -0.9,0.5 -0.5,0.2 -1.2,0.2 z m 0,-0.8 h 1.2 q 0.4,0 0.8,-0.1 0.3,-0.1 0.6,-0.3 0.2,-0.2 0.4,-0.5 0.1,-0.3 0.1,-0.6 0,-0.7 -0.5,-1.1 -0.4,-0.4 -1.4,-0.4 h -1.2 z"
            style="fill:#000000;stroke:none"
        />
        <path
            d="m 26.0,44.3 v 3.2 h -1 v -7.6 h 2.2 q 0.7,0 1.3,0.1 0.5,0.1 0.9,0.4 0.3,0.3 0.5,0.7 0.2,0.4 0.2,0.9 0,0.4 -0.1,0.8 -0.1,0.4 -0.4,0.6 -0.2,0.3 -0.6,0.5 -0.3,0.2 -0.8,0.3 0.2,0.1 0.3,0.3 l 2.2,3 h -0.9 q -0.3,0 -0.4,-0.2 l -2,-2.7 q -0.1,-0.1 -0.2,-0.2 -0.1,-0.1 -0.3,-0.1 z m 0,-0.8 h 1.1 q 0.4,0 0.8,-0.1 0.3,-0.1 0.6,-0.3 0.2,-0.2 0.4,-0.5 0.1,-0.3 0.1,-0.6 0,-0.7 -0.4,-1 -0.4,-0.3 -1.3,-0.3 h -1.1 z"
            style="fill:#000000;stroke:none"
        />
        <path
            d="m 32.7,47.5 h -1 v -7.6 h 1 z"
            style="fill:#000000;stroke:none"
        />
        <path
            d="m 40.0,45.9 q 0.1,0 0.1,0.1 l 0.4,0.4 q -0.5,0.5 -1.1,0.8 -0.7,0.3 -1.6,0.3 -0.8,0 -1.5,-0.3 -0.7,-0.3 -1.1,-0.8 -0.5,-0.5 -0.7,-1.2 -0.3,-0.7 -0.3,-1.6 0,-0.9 0.3,-1.6 0.3,-0.7 0.8,-1.2 0.5,-0.5 1.2,-0.8 0.7,-0.3 1.5,-0.3 0.8,0 1.4,0.3 0.6,0.3 1.1,0.7 l -0.3,0.5 q 0,0.1 -0.1,0.1 0,0 -0.1,0 -0.1,0 -0.2,-0.1 -0.1,-0.1 -0.4,-0.2 -0.2,-0.1 -0.6,-0.2 -0.3,-0.1 -0.8,-0.1 -0.6,0 -1.1,0.2 -0.5,0.2 -0.8,0.6 -0.4,0.4 -0.5,0.9 -0.2,0.6 -0.2,1.3 0,0.7 0.2,1.3 0.2,0.6 0.6,0.9 0.4,0.4 0.8,0.6 0.5,0.2 1,0.2 0.3,0 0.6,0 0.3,0 0.5,-0.1 0.2,-0.1 0.4,-0.2 0.2,-0.1 0.4,-0.3 0.1,-0.1 0.2,-0.1 z"
            style="fill:#000000;stroke:none"
        />
        <path
            d="m 46.5,39.9 v 0.8 h -3.7 v 2.5 h 3 V 44 h -3 v 2.6 h 3.7 v 0.8 h -4.8 v -7.6 z"
            style="fill:#000000;stroke:none"
        />
        <path
            d="m 29.6,54.5 v 2.3 h 2.2 v 0.7 h -2.2 v 2.3 h -0.8 v -2.3 h -2.2 v -0.7 h 2.2 v -2.3 z"
            style="fill:#000000;stroke:none"
        />
        <path
            d="m 33.6,60.0 h 1.6 v -5.2 q 0,-0.2 0,-0.5 l -1.4,1.2 q -0.1,0.1 -0.1,0.1 -0.1,0 -0.1,0 -0.1,0 -0.1,0 0,0 -0.1,-0.1 l -0.3,-0.4 2.3,-2 h 0.8 V 60 h 1.5 v 0.7 h -4.1 z"
            style="fill:#000000;stroke:none"
        />
    </g>
    <g>
        <polygon
            points="65,65 0,65 33,121"
            style="fill:#1e90ff;stroke:#000000;stroke-width:0.5px"
        />
        <path
            d="m 19.5,79.6 v 2.9 h -1 v -7.6 h 2.3 q 0.7,0 1.3,0.2 0.5,0.2 0.9,0.5 0.4,0.3 0.5,0.7 0.2,0.4 0.2,1 0,0.5 -0.2,1 -0.2,0.4 -0.5,0.8 -0.4,0.3 -0.9,0.5 -0.5,0.2 -1.2,0.2 z m 0,-0.8 h 1.2 q 0.4,0 0.8,-0.1 0.3,-0.1 0.6,-0.3 0.2,-0.2 0.4,-0.5 0.1,-0.3 0.1,-0.6 0,-0.7 -0.5,-1.1 -0.4,-0.4 -1.4,-0.4 h -1.2 z"
            style="fill:#000000;stroke:none"
        />
        <path
            d="m 25.9,79.3 v 3.2 h -1 v -7.6 h 2.2 q 0.7,0 1.3,0.1 0.5,0.1 0.9,0.4 0.3,0.3 0.5,0.7 0.2,0.4 0.2,0.9 0,0.4 -0.1,0.8 -0.1,0.4 -0.4,0.6 -0.2,0.3 -0.6,0.5 -0.3,0.2 -0.8,0.3 0.2,0.1 0.3,0.3 l 2.2,3 h -0.9 q -0.3,0 -0.4,-0.2 l -2,-2.7 q -0.1,-0.1 -0.2,-0.2 -0.1,-0.1 -0.3,-0.1 z m 0,-0.8 H 27 q 0.4,0 0.8,-0.1 0.3,-0.1 0.6,-0.3 0.2,-0.2 0.4,-0.5 0.1,-0.3 0.1,-0.6 0,-0.7 -0.4,-1 -0.4,-0.3 -1.3,-0.3 h -1.1 z"
            style="fill:#000000;stroke:none"
        />
        <path
            d="m 32.6,82.5 h -1 v -7.6 h 1 z"
            style="fill:#000000;stroke:none"
        />
        <path
            d="m 39.9,80.9 q 0.1,0 0.1,0.1 l 0.4,0.4 q -0.5,0.5 -1.1,0.8 -0.7,0.3 -1.6,0.3 -0.8,0 -1.5,-0.3 -0.7,-0.3 -1.1,-0.8 -0.5,-0.5 -0.7,-1.2 -0.3,-0.7 -0.3,-1.6 0,-0.9 0.3,-1.6 0.3,-0.7 0.8,-1.2 0.5,-0.5 1.2,-0.8 0.7,-0.3 1.5,-0.3 0.8,0 1.4,0.3 0.6,0.3 1.1,0.7 l -0.3,0.5 q 0,0.1 -0.1,0.1 0,0 -0.1,0 -0.1,0 -0.2,-0.1 -0.1,-0.1 -0.4,-0.2 -0.2,-0.1 -0.6,-0.2 -0.3,-0.1 -0.8,-0.1 -0.6,0 -1.1,0.2 -0.5,0.2 -0.8,0.6 -0.4,0.4 -0.5,0.9 -0.2,0.6 -0.2,1.3 0,0.7 0.2,1.3 0.2,0.6 0.6,0.9 0.4,0.4 0.8,0.6 0.5,0.2 1,0.2 0.3,0 0.6,0 0.3,0 0.5,-0.1 0.2,-0.1 0.4,-0.2 0.2,-0.1 0.4,-0.3 0.1,-0.1 0.2,-0.1 z"
            style="fill:#000000;stroke:none"
        />
        <path
            d="m 46.4,74.9 v 0.8 h -3.7 v 2.5 h 3 v 0.8 h -3 v 2.6 h 3.7 v 0.8 h -4.8 v -7.6 z"
            style="fill:#000000;stroke:none"
        />
        <path
            d="m 29.5,89.5 v 2.3 h 2.2 v 0.7 h -2.2 v 2.3 h -0.8 v -2.3 h -2.2 v -0.7 h 2.2 v -2.3 z"
            style="fill:#000000;stroke:none"
        />
        <path
            d="m 33.5,95.0 h 1.6 v -5.2 q 0,-0.2 0,-0.5 l -1.4,1.2 q -0.1,0.1 -0.1,0.1 -0.1,0 -0.1,0 -0.1,0 -0.1,0 0,0 -0.1,-0.1 l -0.3,-0.4 2.3,-2 h 0.8 v 6.9 h 1.5 v 0.7 h -4.1 z"
            style="fill:#000000;stroke:none"
        />
    </g>
    <g>
        <polygon
            points="65,65 33,121 97,121"
            style="fill:#1e90ff;stroke:#000000;stroke-width:0.5px"
        />
        <path
            d="m 52.0,95.3 v 2.9 h -1 v -7.6 h 2.3 q 0.7,0 1.3,0.2 0.5,0.2 0.9,0.5 0.4,0.3 0.5,0.7 0.2,0.4 0.2,1 0,0.5 -0.2,1 -0.2,0.4 -0.5,0.8 -0.4,0.3 -0.9,0.5 -0.5,0.2 -1.2,0.2 z m 0,-0.8 h 1.2 q 0.4,0 0.8,-0.1 0.3,-0.1 0.6,-0.3 0.2,-0.2 0.4,-0.5 0.1,-0.3 0.1,-0.6 0,-0.7 -0.5,-1.1 -0.4,-0.4 -1.4,-0.4 H 52 Z"
            style="fill:#000000;stroke:none"
        />
        <path
            d="m 58.4,95.0 v 3.2 h -1 v -7.6 h 2.2 q 0.7,0 1.3,0.1 0.5,0.1 0.9,0.4 0.3,0.3 0.5,0.7 0.2,0.4 0.2,0.9 0,0.4 -0.1,0.8 -0.1,0.4 -0.4,0.6 -0.2,0.3 -0.6,0.5 -0.3,0.2 -0.8,0.3 0.2,0.1 0.3,0.3 l 2.2,3 h -0.9 q -0.3,0 -0.4,-0.2 l -2,-2.7 Q 59.7,95.2 59.6,95.1 59.5,95 59.3,95 Z m 0,-0.8 h 1.1 q 0.4,0 0.8,-0.1 0.3,-0.1 0.6,-0.3 0.2,-0.2 0.4,-0.5 0.1,-0.3 0.1,-0.6 0,-0.7 -0.4,-1 -0.4,-0.3 -1.3,-0.3 h -1.1 z"
            style="fill:#000000;stroke:none"
        />
        <path
            d="m 65.1,98.2 h -1 v -7.6 h 1 z"
            style="fill:#000000;stroke:none"
        />
        <path
            d="m 72.4,96.6 q 0.1,0 0.1,0.1 l 0.4,0.4 q -0.5,0.5 -1.1,0.8 -0.7,0.3 -1.6,0.3 -0.8,0 -1.5,-0.3 -0.7,-0.3 -1.1,-0.8 -0.5,-0.5 -0.7,-1.2 -0.3,-0.7 -0.3,-1.6 0,-0.9 0.3,-1.6 0.3,-0.7 0.8,-1.2 0.5,-0.5 1.2,-0.8 0.7,-0.3 1.5,-0.3 0.8,0 1.4,0.3 0.6,0.3 1.1,0.7 l -0.3,0.5 q 0,0.1 -0.1,0.1 0,0 -0.1,0 -0.1,0 -0.2,-0.1 -0.1,-0.1 -0.4,-0.2 -0.2,-0.1 -0.6,-0.2 -0.3,-0.1 -0.8,-0.1 -0.6,0 -1.1,0.2 -0.5,0.2 -0.8,0.6 -0.4,0.4 -0.5,0.9 -0.2,0.6 -0.2,1.3 0,0.7 0.2,1.3 0.2,0.6 0.6,0.9 0.4,0.4 0.8,0.6 0.5,0.2 1,0.2 0.3,0 0.6,0 0.3,0 0.5,-0.1 0.2,-0.1 0.4,-0.2 0.2,-0.1 0.4,-0.3 0.1,-0.1 0.2,-0.1 z"
            style="fill:#000000;stroke:none"
        />
        <path
            d="m 78.9,90.6 v 0.8 h -3.7 v 2.5 h 3 v 0.8 h -3 v 2.6 h 3.7 v 0.8 h -4.8 v -7.6 z"
            style="fill:#000000;stroke:none"
        />
        <path
            d="m 61.9,105.3 v 2.3 h 2.2 v 0.7 h -2.2 v 2.3 h -0.8 v -2.3 h -2.2 v -0.7 h 2.2 v -2.3 z"
            style="fill:#000000;stroke:none"
        />
        <path
            d="m 67.8,103.8 q 0.5,0 0.9,0.1 0.4,0.1 0.7,0.4 0.3,0.3 0.5,0.7 0.2,0.4 0.2,0.9 0,0.4 -0.1,0.8 -0.1,0.4 -0.3,0.7 -0.2,0.3 -0.5,0.6 -0.3,0.3 -0.6,0.6 l -2,2.1 q 0.2,-0.1 0.4,-0.1 0.2,0 0.4,0 H 70 q 0.2,0 0.2,0.1 0.1,0.1 0.1,0.2 v 0.6 h -5.1 v -0.3 q 0,-0.1 0,-0.2 0,-0.1 0.1,-0.2 l 2.4,-2.5 q 0.3,-0.3 0.6,-0.6 0.3,-0.3 0.4,-0.6 0.2,-0.3 0.3,-0.6 0.1,-0.3 0.1,-0.6 0,-0.3 -0.1,-0.6 -0.1,-0.3 -0.3,-0.4 -0.2,-0.2 -0.4,-0.2 -0.3,-0.1 -0.5,-0.1 -0.3,0 -0.5,0.1 -0.2,0.1 -0.4,0.2 -0.2,0.1 -0.3,0.4 -0.1,0.2 -0.2,0.5 -0.1,0.2 -0.2,0.3 -0.1,0.1 -0.3,0 L 65.3,106 q 0.1,-0.5 0.3,-0.9 0.2,-0.4 0.5,-0.7 0.3,-0.3 0.8,-0.4 0.4,-0.1 0.9,-0.1 z"
            style="fill:#000000;stroke:none"
        />
    </g>
    <g>
        <polygon
            points="65,65 97,121 130,65"
            style="fill:#1e90ff;stroke:#000000;stroke-width:0.5px"
        />
        <path
            d="m 95.7,85.1 q 0,0.9 -0.3,1.6 -0.3,0.7 -0.8,1.2 -0.5,0.5 -1.2,0.8 -0.7,0.3 -1.5,0.3 H 89.1 V 81.3 h 2.9 q 0.8,0 1.5,0.3 0.7,0.3 1.2,0.8 0.5,0.5 0.8,1.2 0.3,0.7 0.3,1.6 z m -1.1,0 q 0,-0.7 -0.2,-1.3 -0.2,-0.6 -0.5,-0.9 -0.4,-0.4 -0.9,-0.6 -0.5,-0.2 -1.1,-0.2 h -1.8 v 6.0 h 1.8 q 0.6,0 1.1,-0.2 0.5,-0.2 0.9,-0.6 0.4,-0.4 0.5,-0.9 0.2,-0.6 0.2,-1.3 z"
            style="fill:#000000;stroke:none"
        />
        <path
            d="m 98.2,88.9 h -1.0 V 81.3 h 1.0 z"
            style="fill:#000000;stroke:none"
        />
        <path
            d="m 99.2,81.3 h 0.8 q 0.1,0 0.2,0.1 0.1,0.1 0.1,0.2 l 2.2,5.4 q 0.1,0.2 0.1,0.4 0.1,0.2 0.1,0.4 0,-0.2 0.1,-0.4 0.1,-0.2 0.1,-0.4 l 2.1,-5.4 q 0,-0.1 0.1,-0.2 0.1,-0.1 0.2,-0.1 h 0.8 l -3.1,7.6 h -0.9 z"
            style="fill:#000000;stroke:none"
        />
    </g>
    <g>
        <polygon
            points="65,65 130,65 98,9"
            style="fill:#1e90ff;stroke:#000000;stroke-width:0.5px"
        />
        <path
            d="m 87.9,43.7 q 0,0.8 -0.3,1.5 -0.3,0.7 -0.7,1.2 -0.5,0.5 -1.2,0.8 -0.7,0.3 -1.5,0.3 -0.8,0 -1.5,-0.3 -0.7,-0.3 -1.2,-0.8 -0.5,-0.5 -0.7,-1.2 -0.3,-0.7 -0.3,-1.5 0,-0.8 0.3,-1.5 0.3,-0.8 0.7,-1.2 0.5,-0.5 1.2,-0.8 0.7,-0.3 1.5,-0.3 0.8,0 1.5,0.3 0.7,0.3 1.2,0.8 0.5,0.5 0.7,1.2 0.3,0.7 0.3,1.5 z m -1.0,0 q 0,-0.7 -0.2,-1.2 -0.2,-0.5 -0.5,-0.9 -0.3,-0.4 -0.8,-0.6 -0.5,-0.2 -1.1,-0.2 -0.6,0 -1.1,0.2 -0.5,0.2 -0.8,0.6 -0.3,0.4 -0.5,0.9 -0.2,0.5 -0.2,1.2 0,0.7 0.2,1.2 0.2,0.5 0.5,0.9 0.3,0.4 0.8,0.6 0.5,0.2 1.1,0.2 0.6,0 1.1,-0.2 0.5,-0.2 0.8,-0.6 0.3,-0.4 0.5,-0.9 0.2,-0.5 0.2,-1.2 z"
            style="fill:#000000;stroke:none"
        />
        <path
            d="m 94.0,40.0 v 0.8 h -2.4 v 6.6 h -1.0 v -6.6 h -2.4 -0.8 z"
            style="fill:#000000;stroke:none"
        />
        <path
            d="m 101.2,47.5 h -1.0 V 44.1 h -4.0 v 3.4 h -1.0 v -7.5 h 1.0 v 3.3 h 4.0 v -3.3 h 1.0 z"
            style="fill:#000000;stroke:none"
        />
        <path
            d="m 107.7,40.0158 v 0.8216 h -3.5828 v 2.4752 h 2.9016 v 0.7904 h -2.9016 v 2.5428 h 3.588 l -0.005,0.8216 h -4.5916 v -7.4516 z"
            style="fill:#000000;stroke:none"
        />
        <path
            d="m 110.1,44.4 v 3.1 h -1.0 v -7.5 h 2.1 q 0.7,0 1.2,0.1 0.5,0.1 0.8,0.4 0.3,0.3 0.5,0.7 0.2,0.4 0.2,0.9 0,0.4 -0.1,0.7 -0.1,0.3 -0.4,0.6 -0.2,0.3 -0.6,0.5 -0.3,0.2 -0.8,0.3 0.2,0.1 0.3,0.3 l 2.2,3.0 h -0.9 q -0.3,0 -0.4,-0.2 l -1.9,-2.7 q -0.1,-0.1 -0.2,-0.2 -0.1,-0.1 -0.3,-0.1 z m 0,-0.7 h 1.1 q 0.4,0 0.8,-0.1 0.3,-0.1 0.6,-0.3 0.2,-0.2 0.3,-0.5 0.1,-0.3 0.1,-0.6 0,-0.7 -0.4,-1.0 -0.4,-0.3 -1.3,-0.3 h -1.1 z"
            style="fill:#000000;stroke:none"
        />
        <path
            d="m 93.0,57.0 h 2.6 v 0.8 h -2.6 z"
            style="fill:#000000;stroke:none"
        />
        <path
            d="m 99.3,52.9 q 0.5,0 0.9,0.1 0.4,0.1 0.7,0.4 0.3,0.3 0.5,0.7 0.2,0.4 0.2,0.9 0,0.4 -0.1,0.8 -0.1,0.4 -0.4,0.7 -0.2,0.3 -0.5,0.6 -0.3,0.3 -0.6,0.6 l -2.0,2.0 q 0.2,-0.1 0.4,-0.1 0.2,0 0.4,0 h 2.5 q 0.2,0 0.2,0.1 0.1,0.1 0.1,0.2 v 0.6 h -5.0 v -0.3 q 0,-0.1 0,-0.2 0,-0.1 0.1,-0.2 l 2.4,-2.4 q 0.3,-0.3 0.5,-0.6 0.2,-0.3 0.4,-0.6 0.2,-0.3 0.3,-0.6 0.1,-0.3 0.1,-0.6 0,-0.3 -0.1,-0.6 -0.1,-0.2 -0.3,-0.4 -0.2,-0.2 -0.4,-0.2 -0.2,-0.1 -0.5,-0.1 -0.3,0 -0.5,0.1 -0.2,0.1 -0.4,0.2 -0.2,0.1 -0.3,0.3 -0.1,0.2 -0.2,0.4 -0.1,0.2 -0.2,0.2 -0.1,0.1 -0.3,0 l -0.5,-0.1 q 0.1,-0.5 0.3,-0.9 0.2,-0.4 0.5,-0.7 0.3,-0.3 0.7,-0.4 0.4,-0.1 0.9,-0.1 z"
            style="fill:#000000;stroke:none"
        />
    </g>
</svg>