<svg
    xmlns="http://www.w3.org/2000/svg"
    height="100"
    width="100"
    viewbox="0 0 100 100"
>
    <rect
        x="0"
        y="0"
        width="100"
        height="100"
        style="fill:#f5f5f5;stroke:#000000;stroke-width:0.5px"
    />
    <path
        id="die"
        d="m 50.0,5.6 c -0.8,0 -1.5,0.2 -2.1,0.5 L 29.1,16.9 c -1.2,0.7 -1.2,1.8 0,2.4 L 47.9,30.2 c 1.2,0.7 3.0,0.7 4.2,0 L 70.9,19.4 c 1.2,-0.7 1.2,-1.8 0,-2.4 L 52.1,6.1 C 51.5,5.7 50.7,5.6 50.0,5.6 Z m -0.1,6.5 c 1.1,0 2.1,0.3 3.0,0.8 0.6,0.3 1.0,0.7 1.2,1.2 0.2,0.4 0.2,1.0 0,1.7 l -0.2,0.7 c -0.1,0.5 -0.2,0.9 0,1.1 0.1,0.2 0.2,0.4 0.5,0.6 l 0.4,0.2 -4.1,2.3 -0.5,-0.3 c -0.5,-0.3 -0.8,-0.6 -1.0,-1.0 -0.1,-0.4 -0.1,-0.9 0.1,-1.7 l 0.2,-0.7 c 0.1,-0.4 0.1,-0.8 0,-1.0 -0.1,-0.3 -0.3,-0.5 -0.5,-0.6 -0.4,-0.2 -1.0,-0.3 -1.6,-0.3 -0.6,0.1 -1.2,0.3 -1.9,0.6 -0.6,0.3 -1.2,0.8 -1.7,1.3 -0.5,0.5 -0.9,1.1 -1.3,1.8 l -2.9,-1.6 c 0.7,-0.7 1.3,-1.2 1.9,-1.7 0.6,-0.5 1.3,-0.9 2.0,-1.3 1.8,-1.0 3.6,-1.6 5.1,-1.8 0.4,0 0.8,-0.1 1.1,-0.1 z m 6.2,7.0 3.3,1.8 -4.1,2.3 -3.3,-1.8 4.1,-2.3 z M 27.8,21.4 c -0.7,0 -1.2,0.5 -1.2,1.5 V 42.3 c 0,1.4 0.9,3.0 2.1,3.7 l 18.1,10.4 c 1.2,0.7 2.1,0.1 2.1,-1.2 V 35.8 c 0,-1.4 -0.9,-3.0 -2.1,-3.7 L 28.7,21.7 C 28.4,21.5 28.1,21.4 27.8,21.4 Z m 44.4,0 c -0.3,0 -0.6,0.1 -0.9,0.3 L 53.2,32.2 c -1.2,0.7 -2.1,2.3 -2.1,3.7 v 19.4 c 0,1.4 0.9,1.9 2.1,1.2 L 71.3,46.0 c 1.2,-0.7 2.1,-2.3 2.1,-3.7 V 22.9 c 0,-1.0 -0.5,-1.5 -1.2,-1.5 z m -39.6,7.8 c 0.8,0.2 1.5,0.4 2.2,0.6 0.7,0.2 1.3,0.5 1.9,0.9 1.6,0.9 2.9,2.0 3.7,3.2 0.9,1.2 1.3,2.5 1.3,3.8 0,0.7 -0.1,1.2 -0.4,1.6 -0.3,0.4 -0.7,0.7 -1.3,1.0 l -0.6,0.2 c -0.5,0.2 -0.7,0.4 -0.9,0.5 -0.1,0.2 -0.2,0.4 -0.2,0.7 v 0.5 l -3.6,-2.1 V 39.9 c 0,-0.6 0.1,-1.0 0.3,-1.3 0.2,-0.3 0.7,-0.6 1.4,-0.9 l 0.6,-0.2 c 0.4,-0.1 0.7,-0.3 0.8,-0.6 0.2,-0.2 0.3,-0.5 0.3,-0.8 0,-0.5 -0.2,-1.0 -0.5,-1.4 -0.3,-0.5 -0.8,-0.9 -1.3,-1.2 -0.5,-0.3 -1.1,-0.5 -1.7,-0.6 -0.6,-0.1 -1.3,-0.2 -2.0,-0.1 v -3.3 z m 33.2,1.1 c 0.2,0 0.4,0 0.5,0.1 0.9,0.2 1.3,1.0 1.3,2.3 0,0.7 -0.1,1.4 -0.4,2.1 -0.3,0.7 -0.7,1.5 -1.3,2.5 l -0.6,1.0 c -0.5,0.7 -0.7,1.2 -0.9,1.6 -0.1,0.3 -0.2,0.7 -0.2,1.0 v 0.5 l -3.6,2.1 v -0.5 c 0,-0.6 0.1,-1.2 0.3,-1.7 0.2,-0.6 0.7,-1.4 1.4,-2.5 l 0.6,-1.0 c 0.4,-0.6 0.7,-1.1 0.8,-1.5 0.2,-0.4 0.3,-0.8 0.3,-1.1 0,-0.5 -0.2,-0.8 -0.5,-0.9 -0.3,-0.1 -0.8,0 -1.3,0.3 -0.5,0.3 -1.1,0.8 -1.7,1.4 -0.6,0.6 -1.3,1.3 -2.0,2.2 v -3.3 c 0.8,-0.8 1.5,-1.4 2.2,-1.9 0.7,-0.5 1.3,-1.0 1.9,-1.3 1.3,-0.8 2.4,-1.1 3.2,-1.1 z m -31.1,11.6 3.6,2.1 v 3.8 l -3.6,-2.1 v -3.8 z m 29.4,1.0 v 3.8 l -3.6,2.1 v -3.8 l 3.6,-2.1 z"
        style="fill:#000000;stroke:none"
    />
    <path
        id="e-1"
        d="m 28.0,72.2 v 1.6 h -6.9 v 4.8 h 5.6 v 1.5 h -5.6 v 4.9 h 6.9 l 0,1.6 h -8.8 v -14.3 z"
        style="fill:#000000;stroke:none"
    />
    <path
        id="v"
        d="m 29.0,72.2 h 1.6 q 0.3,0 0.4,0.1 0.2,0.1 0.2,0.3 l 4.0,10.1 q 0.1,0.3 0.3,0.7 0.1,0.4 0.2,0.8 0.1,-0.4 0.2,-0.8 0.1,-0.4 0.3,-0.7 l 4.0,-10.1 q 0.1,-0.2 0.2,-0.3 0.2,-0.2 0.4,-0.2 h 1.6 l -5.8,14.3 h -1.7 z"
        style="fill:#000000;stroke:none"
    />
    <path
        id="e-2"
        d="m 53.1,72.2 v 1.6 h -6.9 v 4.8 h 5.6 v 1.5 h -5.6 v 4.9 h 6.9 l 0,1.6 h -8.8 v -14.3 z"
        style="fill:#000000;stroke:none"
    />
    <path
        id="n"
        d="m 56.8,72.2 q 0.1,0 0.2,0 0.1,0 0.2,0.1 0.1,0 0.1,0.1 0.1,0.1 0.2,0.2 l 8.3,10.8 q 0,-0.3 0,-0.5 0,-0.3 0,-0.5 v -10.2 h 1.7 v 14.3 h -1.0 q -0.2,0 -0.4,-0.1 -0.2,-0.1 -0.3,-0.3 l -8.3,-10.8 q 0,0.3 0,0.5 0,0.2 0,0.4 v 10.2 h -1.7 v -14.3 z"
        style="fill:#000000;stroke:none"
    />
    <path
        id="t"
        d="m 80.8,72.2 v 1.6 h -4.6 v 12.7 h -1.9 v -12.7 h -4.7 v -1.6 z"
        style="fill:#000000;stroke:none"
    />
</svg>