<svg
    xmlns="http://www.w3.org/2000/svg"
    height="100"
    width="100"
    viewbox="0 0 100 100"
>
    <rect
        x="0"
        y="0"
        width="100"
        height="100"
        style="fill:#ba55d3;stroke:#000000;stroke-width:0.5px"
    />
    <path
        d="m 50.1,4.5 c -11.0,0 -22.1,1.5 -28.1,4.3 V 39.7 C 28.7,36.9 39.4,35.6 50.1,35.6 c 10.7,0 21.3,1.3 28.1,4.1 V 8.8 C 72.1,6.0 61.1,4.5 50.1,4.5 Z m 0,1.7 4.6,9.1 10.0,1.6 -7.2,7.2 1.6,10.0 -9.1,-4.6 -9.1,4.6 1.6,-10.0 -7.2,-7.2 10.0,-1.6 z m -12.8,17.4 0.5,2.3 -10.5,2.1 -0.5,-2.3 z m 25.6,0 10.5,2.1 -0.5,2.3 -10.5,-2.1 z M 26.1,40.8 c -0.8,0.2 -1.6,0.5 -2.4,0.8 v 20.9 h 2.4 z m 47.9,0 v 21.7 h 2.4 V 41.5 c -0.7,-0.3 -1.5,-0.5 -2.4,-0.8 z"
        style="fill:#000000;stroke:none"
    />
    <g id="main-text">
        <path
            id="main-text-g"
            d="m 36.1,79.1 q -1.1,0.8 -2.3,1.2 -1.2,0.4 -2.7,0.4 -1.7,0 -3.1,-0.5 -1.4,-0.5 -2.4,-1.5 -1.0,-1.0 -1.5,-2.3 -0.5,-1.4 -0.5,-3.0 0,-1.6 0.5,-3.0 0.5,-1.4 1.5,-2.3 1.0,-1.0 2.3,-1.5 1.4,-0.5 3.0,-0.5 0.9,0 1.6,0.1 0.7,0.1 1.4,0.4 0.6,0.2 1.2,0.6 0.5,0.3 1.0,0.8 l -0.6,0.9 q -0.1,0.2 -0.3,0.3 -0.2,0.1 -0.5,-0.1 -0.2,-0.1 -0.6,-0.3 -0.3,-0.2 -0.8,-0.4 -0.4,-0.2 -1.1,-0.3 -0.6,-0.1 -1.4,-0.1 -1.2,0 -2.2,0.4 -1.0,0.4 -1.7,1.1 -0.7,0.7 -1.1,1.8 -0.4,1.0 -0.4,2.3 0,1.4 0.4,2.4 0.4,1.1 1.1,1.8 0.7,0.7 1.7,1.1 1.0,0.4 2.3,0.4 0.5,0 0.9,-0.1 0.4,-0.1 0.8,-0.2 0.4,-0.1 0.8,-0.3 0.4,-0.2 0.8,-0.4 v -3.2 h -2.2 q -0.2,0 -0.3,-0.1 -0.1,-0.1 -0.1,-0.3 v -1.1 h 4.4 z"
            style="fill:#000000;stroke:none"
        />
        <path
            id="main-text-o"
            d="m 52.3,73.4 q 0,1.6 -0.5,3.0 -0.5,1.3 -1.4,2.3 -0.9,1.0 -2.2,1.5 -1.3,0.5 -2.9,0.5 -1.6,0 -2.9,-0.5 -1.3,-0.5 -2.2,-1.5 -0.9,-1.0 -1.4,-2.3 -0.5,-1.4 -0.5,-3.0 0,-1.6 0.5,-3.0 0.5,-1.4 1.4,-2.3 0.9,-1.0 2.2,-1.5 1.3,-0.5 2.9,-0.5 1.6,0 2.9,0.5 1.3,0.5 2.2,1.5 0.9,1.0 1.4,2.3 0.5,1.3 0.5,3.0 z m -2.0,0 q 0,-1.3 -0.4,-2.4 -0.4,-1.1 -1.0,-1.8 -0.7,-0.7 -1.6,-1.1 -0.9,-0.4 -2.1,-0.4 -1.2,0 -2.1,0.4 -0.9,0.4 -1.6,1.1 -0.7,0.7 -1.0,1.8 -0.4,1.1 -0.4,2.4 0,1.3 0.4,2.4 0.4,1.0 1.0,1.8 0.7,0.7 1.6,1.1 0.9,0.4 2.1,0.4 1.2,0 2.1,-0.4 0.9,-0.4 1.6,-1.1 0.7,-0.7 1.0,-1.8 0.4,-1.1 0.4,-2.4 z"
            style="fill:#000000;stroke:none"
        />
        <path
            id="main-text-a"
            d="m 66.4,80.5 h -1.5 q -0.3,0 -0.4,-0.1 -0.2,-0.1 -0.2,-0.3 l -1.3,-3.5 h -6.4 l -1.3,3.5 q -0.1,0.2 -0.2,0.3 -0.2,0.1 -0.4,0.1 h -1.5 l 5.7,-14.3 h 2.0 z m -9.4,-5.3 h 5.4 l -2.3,-5.8 q -0.1,-0.3 -0.2,-0.6 -0.1,-0.3 -0.2,-0.7 -0.1,0.4 -0.2,0.7 -0.1,0.3 -0.2,0.6 z"
            style="fill:#000000;stroke:none"
        />
        <path
            id="main-text-l"
            d="m 70.2,78.9 h 6.2 v 1.6 h -8.1 v -14.3 h 1.9 z"
            style="fill:#000000;stroke:none"
        />
    </g>
    <g id="reminder-text">
        <path
            id="reminder-text-1"
            d="m 8.5,93.8 h 1.6 v -5.2 q 0,-0.2 0,-0.5 l -1.4,1.2 q -0.1,0.1 -0.1,0.1 -0.1,0 -0.1,0 -0.1,0 -0.1,0 0,0 -0.1,-0.1 L 8.1,88.8 10.4,86.8 h 0.8 V 93.8 h 1.5 v 0.7 H 8.5 Z"
            style="fill:#000000;stroke:none"
        />
        <path
            id="reminder-text-0-1"
            d="m 19.3,90.7 q 0,1.0 -0.2,1.7 -0.2,0.7 -0.6,1.2 -0.4,0.5 -0.9,0.7 -0.5,0.2 -1.1,0.2 -0.6,0 -1.1,-0.2 -0.5,-0.2 -0.9,-0.7 -0.4,-0.5 -0.6,-1.2 -0.2,-0.7 -0.2,-1.7 0,-1.0 0.2,-1.7 0.2,-0.7 0.6,-1.2 0.4,-0.5 0.9,-0.7 0.5,-0.2 1.1,-0.2 0.6,0 1.1,0.2 0.5,0.2 0.9,0.7 0.4,0.5 0.6,1.2 0.2,0.7 0.2,1.7 z m -1.0,0 q 0,-0.9 -0.1,-1.5 -0.1,-0.6 -0.4,-1.0 -0.2,-0.4 -0.6,-0.5 -0.3,-0.2 -0.7,-0.2 -0.4,0 -0.7,0.2 -0.3,0.2 -0.6,0.5 -0.2,0.4 -0.4,1.0 -0.1,0.6 -0.1,1.5 0,0.9 0.1,1.5 0.1,0.6 0.4,1.0 0.2,0.4 0.6,0.5 0.3,0.2 0.7,0.2 0.4,0 0.7,-0.2 0.3,-0.2 0.6,-0.5 0.3,-0.4 0.4,-1.0 0.1,-0.6 0.1,-1.5 z"
            style="fill:#000000;stroke:none"
        />
        <path
            id="reminder-text-0-2"
            d="m 25.4,90.7 q 0,1.0 -0.2,1.7 -0.2,0.7 -0.6,1.2 -0.4,0.5 -0.9,0.7 -0.5,0.2 -1.1,0.2 -0.6,0 -1.1,-0.2 -0.5,-0.2 -0.9,-0.7 -0.4,-0.5 -0.6,-1.2 -0.2,-0.7 -0.2,-1.7 0,-1.0 0.2,-1.7 0.2,-0.7 0.6,-1.2 0.4,-0.5 0.9,-0.7 0.5,-0.2 1.1,-0.2 0.6,0 1.1,0.2 0.5,0.2 0.9,0.7 0.4,0.5 0.6,1.2 0.2,0.7 0.2,1.7 z m -1.0,0 q 0,-0.9 -0.1,-1.5 -0.1,-0.6 -0.4,-1.0 -0.2,-0.4 -0.6,-0.5 -0.3,-0.2 -0.7,-0.2 -0.4,0 -0.7,0.2 -0.3,0.2 -0.6,0.5 -0.2,0.4 -0.4,1.0 -0.1,0.6 -0.1,1.5 0,0.9 0.1,1.5 0.1,0.6 0.4,1.0 0.2,0.4 0.6,0.5 0.3,0.2 0.7,0.2 0.4,0 0.7,-0.2 0.3,-0.2 0.6,-0.5 0.3,-0.4 0.4,-1.0 0.1,-0.6 0.1,-1.5 z"
            style="fill:#000000;stroke:none"
        />
        <path
            id="reminder-text-f-1"
            d="m 34.2,86.9 v 0.8 h -3.7 v 2.7 h 3.1 v 0.8 h -3.1 v 3.3 h -1.0 v -7.6 z"
            style="fill:#000000;stroke:none"
        />
        <path
            id="reminder-text-r"
            d="m 36.5,91.3 v 3.2 h -1.0 v -7.6 h 2.2 q 0.7,0 1.3,0.1 0.5,0.1 0.9,0.4 0.3,0.3 0.5,0.7 0.2,0.4 0.2,0.9 0,0.4 -0.1,0.8 -0.1,0.4 -0.4,0.6 -0.2,0.3 -0.6,0.5 -0.3,0.2 -0.8,0.3 0.2,0.1 0.3,0.3 l 2.2,3.0 h -0.9 q -0.3,0 -0.4,-0.2 l -2.0,-2.7 q -0.1,-0.1 -0.2,-0.2 -0.1,-0.1 -0.3,-0.1 z m 0,-0.8 h 1.1 q 0.4,0 0.8,-0.1 0.3,-0.1 0.6,-0.3 0.2,-0.2 0.4,-0.5 0.1,-0.3 0.1,-0.6 0,-0.7 -0.4,-1.0 -0.4,-0.3 -1.3,-0.3 h -1.1 z"
            style="fill:#000000;stroke:none"
        />
        <path
            id="reminder-text-o"
            d="m 49.2,90.7 q 0,0.9 -0.3,1.6 -0.3,0.7 -0.8,1.2 -0.5,0.5 -1.2,0.8 -0.7,0.3 -1.5,0.3 -0.8,0 -1.5,-0.3 -0.7,-0.3 -1.2,-0.8 -0.5,-0.5 -0.8,-1.2 -0.3,-0.7 -0.3,-1.6 0,-0.9 0.3,-1.6 0.3,-0.7 0.8,-1.2 0.5,-0.5 1.2,-0.8 0.7,-0.3 1.5,-0.3 0.8,0 1.5,0.3 0.7,0.3 1.2,0.8 0.5,0.5 0.8,1.2 0.3,0.7 0.3,1.6 z m -1.1,0 q 0,-0.7 -0.2,-1.3 -0.2,-0.6 -0.5,-0.9 -0.4,-0.4 -0.9,-0.6 -0.5,-0.2 -1.1,-0.2 -0.6,0 -1.1,0.2 -0.5,0.2 -0.9,0.6 -0.4,0.4 -0.5,0.9 -0.2,0.6 -0.2,1.3 0,0.7 0.2,1.3 0.2,0.6 0.5,0.9 0.4,0.4 0.9,0.6 0.5,0.2 1.1,0.2 0.6,0 1.1,-0.2 0.5,-0.2 0.9,-0.6 0.4,-0.4 0.5,-0.9 0.2,-0.6 0.2,-1.3 z"
            style="fill:#000000;stroke:none"
        />
        <path
            id="reminder-text-m"
            d="m 54.4,91.7 q 0.1,0.1 0.1,0.3 0.1,0.1 0.1,0.3 0.1,-0.1 0.1,-0.3 0.1,-0.1 0.1,-0.3 l 2.6,-4.7 q 0.1,-0.1 0.1,-0.1 0.1,0 0.2,0 h 0.8 v 7.6 h -0.9 v -5.6 q 0,-0.1 0,-0.2 0,-0.1 0,-0.3 l -2.6,4.8 q -0.1,0.2 -0.4,0.2 h -0.1 q -0.3,0 -0.4,-0.2 L 51.5,88.4 q 0,0.1 0,0.3 0,0.1 0,0.2 v 5.6 h -0.9 v -7.6 h 0.8 q 0.1,0 0.2,0 0.1,0 0.1,0.1 l 2.6,4.7 z"
            style="fill:#000000;stroke:none"
        />
        <path
            id="reminder-text-f-2"
            d="m 68.0,86.9 v 0.8 h -3.7 v 2.7 h 3.1 v 0.8 h -3.1 v 3.3 h -1.0 v -7.6 z"
            style="fill:#000000;stroke:none"
        />
        <path
            id="reminder-text-u"
            d="m 72.3,93.7 q 0.5,0 0.8,-0.2 0.4,-0.2 0.6,-0.4 0.3,-0.3 0.4,-0.7 0.1,-0.4 0.1,-0.9 v -4.6 h 1.0 v 4.6 q 0,0.7 -0.2,1.2 -0.2,0.6 -0.6,1.0 -0.4,0.4 -1.0,0.6 -0.6,0.2 -1.3,0.2 -0.7,0 -1.3,-0.2 -0.6,-0.2 -1.0,-0.6 -0.4,-0.4 -0.6,-1.0 -0.2,-0.6 -0.2,-1.2 v -4.6 h 1.0 v 4.6 q 0,0.5 0.1,0.9 0.1,0.4 0.4,0.7 0.3,0.3 0.6,0.5 0.4,0.2 0.9,0.2 z"
            style="fill:#000000;stroke:none"
        />
        <path
            id="reminder-text-n"
            d="m 77.7,86.9 q 0.1,0 0.1,0 0,0 0.1,0 0,0 0.1,0.1 0,0 0.1,0.1 l 4.4,5.8 q 0,-0.1 0,-0.3 0,-0.1 0,-0.3 v -5.4 h 0.9 v 7.6 h -0.5 q -0.1,0 -0.2,0 -0.1,0 -0.2,-0.1 L 78.0,88.6 q 0,0.1 0,0.3 0,0.1 0,0.2 v 5.4 h -0.9 v -7.6 h 0.5 z"
            style="fill:#000000;stroke:none"
        />
        <path
            id="reminder-text-d"
            d="m 91.9,90.7 q 0,0.9 -0.3,1.6 -0.3,0.7 -0.8,1.2 -0.5,0.5 -1.2,0.8 -0.7,0.3 -1.5,0.3 h -2.9 v -7.6 h 2.9 q 0.8,0 1.5,0.3 0.7,0.3 1.2,0.8 0.5,0.5 0.8,1.2 0.3,0.7 0.3,1.6 z m -1.1,0 q 0,-0.7 -0.2,-1.3 -0.2,-0.6 -0.5,-0.9 -0.4,-0.4 -0.9,-0.6 -0.5,-0.2 -1.1,-0.2 H 86.3 V 93.7 h 1.8 q 0.6,0 1.1,-0.2 0.5,-0.2 0.9,-0.6 0.4,-0.4 0.5,-0.9 0.2,-0.6 0.2,-1.3 z"
            style="fill:#000000;stroke:none"
        />
    </g>
</svg>
