<svg
    xmlns="http://www.w3.org/2000/svg"
    height="1000"
    width="1000"
    viewbox="0 0 1000 1000"
>
    <g id="fund">
        <rect
            id="fund-border"
            x="100"
            y="100"
            width="800"
            height="120"
            style="fill:#dcdcdc;stroke:#000000;stroke-width:0.5px"
        />
        <g id="movement-reminder">
            <g id="movement-reminder-movement">
                <path
                    id="movement-reminder-movement-m-1"
                    d="m 134.3,136.9 q 0.1,0.2 0.2,0.5 0.1,0.3 0.2,0.5 0.1,-0.3 0.2,-0.5 0.1,-0.3 0.2,-0.5 l 4.9,-8.8 q 0.1,-0.2 0.3,-0.3 0.2,-0.1 0.4,-0.1 h 1.4 v 14.3 h -1.7 v -10.5 q 0,-0.2 0,-0.5 0,-0.2 0,-0.5 l -4.9,9.0 q -0.2,0.5 -0.7,0.5 h -0.3 q -0.5,0 -0.7,-0.5 l -5.0,-9.0 q 0,0.3 0,0.5 0,0.3 0,0.5 v 10.5 h -1.7 v -14.3 h 1.4 q 0.3,0 0.4,0.1 0.1,0.1 0.3,0.3 z"
                    style="fill:#000000;stroke:none"
                />
                <path
                    id="movement-reminder-movement-o"
                    d="m 149.4,131.8 q 1.1,0 2,0.4 0.9,0.4 1.5,1.1 0.6,0.7 1.0,1.7 0.3,1.0 0.3,2.2 0,1.2 -0.3,2.2 -0.3,1.0 -1.0,1.6 -0.6,0.7 -1.5,1.1 -0.9,0.4 -2.0,0.4 -1.1,0 -2.0,-0.4 -0.9,-0.4 -1.5,-1.1 -0.6,-0.7 -1.0,-1.6 -0.3,-1.0 -0.3,-2.2 0,-1.2 0.3,-2.2 0.3,-1.0 1.0,-1.7 0.6,-0.7 1.5,-1.1 0.9,-0.4 2.0,-0.4 z m 0,9.0 q 1.5,0 2.2,-1 0.7,-1.0 0.7,-2.8 0,-1.8 -0.7,-2.8 -0.7,-1.0 -2.2,-1.0 -0.8,0 -1.3,0.3 -0.6,0.3 -0.9,0.8 -0.4,0.5 -0.6,1.2 -0.2,0.7 -0.2,1.6 0,1.8 0.7,2.8 0.8,1.0 2.3,1.0 z"
                    style="fill:#000000;stroke:none"
                />
                <path
                    id="movement-reminder-movement-v"
                    d="m 155.0,132.0 h 1.5 q 0.2,0 0.4,0.1 0.1,0.1 0.2,0.3 l 2.6,6.5 q 0.1,0.4 0.2,0.7 0.1,0.4 0.2,0.7 0.1,-0.4 0.2,-0.7 0.1,-0.4 0.2,-0.7 l 2.6,-6.5 q 0.1,-0.2 0.2,-0.3 0.1,-0.1 0.3,-0.1 h 1.4 l -4.1,10.1 h -1.6 z"
                    style="fill:#000000;stroke:none"
                />
                <path
                    id="movement-reminder-movement-e-1"
                    d="m 170.4,131.8 q 0.9,0 1.7,0.3 0.8,0.3 1.3,0.9 0.6,0.6 0.9,1.4 0.3,0.8 0.3,1.9 0,0.4 -0.1,0.6 -0.1,0.1 -0.3,0.1 h -6.8 q 0,1.0 0.3,1.7 0.2,0.7 0.7,1.2 0.4,0.5 1.0,0.7 0.6,0.2 1.3,0.2 0.7,0 1.2,-0.2 0.5,-0.2 0.8,-0.3 0.4,-0.2 0.6,-0.3 0.2,-0.2 0.4,-0.2 0.2,0 0.3,0.2 l 0.5,0.7 q -0.3,0.4 -0.8,0.7 -0.5,0.3 -1.0,0.5 -0.5,0.2 -1.1,0.3 -0.6,0.1 -1.1,0.1 -1.1,0 -1.9,-0.4 -0.9,-0.4 -1.5,-1.0 -0.6,-0.7 -1.0,-1.7 -0.4,-1.0 -0.4,-2.3 0,-1.1 0.3,-2.0 0.3,-0.9 0.9,-1.6 0.6,-0.7 1.5,-1.1 0.9,-0.4 2.0,-0.4 z m 0,1.3 q -1.3,0 -2.0,0.8 -0.7,0.7 -0.9,2.1 h 5.5 q 0,-0.6 -0.2,-1.1 -0.2,-0.5 -0.5,-0.9 -0.3,-0.4 -0.8,-0.6 -0.5,-0.2 -1.1,-0.2 z"
                    style="fill:#000000;stroke:none"
                />
                <path
                    id="movement-reminder-movement-m-2"
                    d="m 176.8,142.1 v -10.1 h 1.1 q 0.4,0 0.5,0.4 l 0.1,1.0 q 0.6,-0.7 1.3,-1.1 0.7,-0.4 1.6,-0.4 1.0,0 1.7,0.6 0.6,0.6 0.9,1.5 0.2,-0.6 0.6,-1.0 0.4,-0.4 0.8,-0.7 0.4,-0.3 0.9,-0.4 0.5,-0.1 1.0,-0.1 0.8,0 1.4,0.3 0.6,0.3 1.1,0.7 0.4,0.5 0.7,1.2 0.2,0.7 0.2,1.6 v 6.5 h -1.8 v -6.5 q 0,-1.2 -0.5,-1.8 -0.5,-0.6 -1.5,-0.6 -0.4,0 -0.8,0.2 -0.4,0.2 -0.7,0.5 -0.3,0.3 -0.5,0.8 -0.2,0.5 -0.2,1.1 v 6.5 h -1.8 v -6.5 q 0,-1.2 -0.5,-1.8 -0.5,-0.6 -1.4,-0.6 -0.7,0 -1.2,0.4 -0.6,0.4 -1.0,1.0 v 7.6 z"
                    style="fill:#000000;stroke:none"
                />
                <path
                    id="movement-reminder-movement-e-2"
                    d="m 197.4,131.8 q 0.9,0 1.7,0.3 0.8,0.3 1.3,0.9 0.6,0.6 0.9,1.4 0.3,0.8 0.3,1.9 0,0.4 -0.1,0.6 -0.1,0.1 -0.3,0.1 h -6.8 q 0,1.0 0.3,1.7 0.2,0.7 0.7,1.2 0.4,0.5 1,0.7 0.6,0.2 1.3,0.2 0.7,0 1.2,-0.2 0.5,-0.2 0.8,-0.3 0.4,-0.2 0.6,-0.3 0.2,-0.2 0.4,-0.2 0.2,0 0.3,0.2 l 0.5,0.7 q -0.3,0.4 -0.8,0.7 -0.5,0.3 -1.0,0.5 -0.5,0.2 -1.1,0.3 -0.6,0.1 -1.1,0.1 -1.1,0 -1.9,-0.4 -0.9,-0.4 -1.5,-1.0 -0.6,-0.7 -1.0,-1.7 -0.4,-1.0 -0.4,-2.3 0,-1.1 0.3,-2.0 0.3,-0.9 0.9,-1.6 0.6,-0.7 1.5,-1.1 0.9,-0.4 2.0,-0.4 z m 0,1.3 q -1.3,0 -2.0,0.8 -0.7,0.7 -0.9,2.1 h 5.5 q 0,-0.6 -0.2,-1.1 -0.2,-0.5 -0.5,-0.9 -0.3,-0.4 -0.8,-0.6 -0.5,-0.2 -1.1,-0.2 z"
                    style="fill:#000000;stroke:none"
                />
                <path
                    id="movement-reminder-movement-n"
                    d="m 203.8,142.1 v -10.1 h 1.1 q 0.4,0 0.5,0.4 l 0.1,1.1 q 0.7,-0.7 1.5,-1.2 0.8,-0.5 1.9,-0.5 0.8,0 1.5,0.3 0.6,0.3 1.1,0.8 0.4,0.5 0.7,1.2 0.2,0.7 0.2,1.6 v 6.5 h -1.8 v -6.5 q 0,-1.2 -0.5,-1.8 -0.5,-0.6 -1.6,-0.6 -0.8,0 -1.5,0.4 -0.7,0.4 -1.3,1.0 v 7.5 z"
                    style="fill:#000000;stroke:none"
                />
                <path
                    id="movement-reminder-movement-t"
                    d="m 217.9,142.2 q -1.2,0 -1.9,-0.7 -0.6,-0.7 -0.6,-1.9 v -6.2 h -1.2 q -0.2,0 -0.3,-0.1 -0.1,-0.1 -0.1,-0.3 v -0.7 l 1.7,-0.2 0.4,-3.1 q 0,-0.2 0.1,-0.2 0.1,-0.1 0.3,-0.1 h 0.9 v 3.5 h 2.9 v 1.3 h -2.9 v 6.1 q 0,0.6 0.3,1.0 0.3,0.3 0.8,0.3 0.3,0 0.5,-0.1 0.2,-0.1 0.4,-0.2 0.2,-0.1 0.3,-0.2 0.1,-0.1 0.2,-0.1 0.1,0 0.3,0.2 l 0.5,0.9 q -0.5,0.4 -1.1,0.7 -0.7,0.2 -1.3,0.2 z"
                    style="fill:#000000;stroke:none"
                />
                <path
                    id="movement-reminder-movement-colon"
                    d="m 221.8,142.1 z m 0,-1.1 q 0,-0.3 0.1,-0.5 0.1,-0.2 0.3,-0.4 0.2,-0.2 0.4,-0.3 0.2,-0.1 0.5,-0.1 0.3,0 0.5,0.1 0.2,0.1 0.4,0.3 0.2,0.2 0.3,0.4 0.1,0.2 0.1,0.5 0,0.3 -0.1,0.5 -0.1,0.2 -0.3,0.4 -0.2,0.2 -0.4,0.3 -0.2,0.1 -0.5,0.1 -0.3,0 -0.5,-0.1 -0.2,-0.1 -0.4,-0.3 -0.2,-0.2 -0.3,-0.4 -0.1,-0.2 -0.1,-0.5 z m 0,-7.5 q 0,-0.3 0.1,-0.5 0.1,-0.2 0.3,-0.4 0.2,-0.2 0.4,-0.3 0.2,-0.1 0.5,-0.1 0.3,0 0.5,0.1 0.2,0.1 0.4,0.3 0.2,0.2 0.3,0.4 0.1,0.2 0.1,0.5 0,0.3 -0.1,0.5 -0.1,0.2 -0.3,0.4 -0.2,0.2 -0.4,0.3 -0.2,0.1 -0.5,0.1 -0.3,0 -0.5,-0.1 -0.2,-0.1 -0.4,-0.3 -0.2,-0.2 -0.3,-0.4 -0.1,-0.2 -0.1,-0.5 z"
                    style="fill:#000000;stroke:none"
                />
            </g>
            <g id="movement-reminder-2p">
                <path
                    id="movement-reminder-2p-2"
                    d="m 139.7,152.6 q 0.9,0 1.7,0.3 0.8,0.3 1.4,0.8 0.6,0.5 0.9,1.3 0.3,0.7 0.3,1.7 0,0.8 -0.2,1.5 -0.2,0.7 -0.7,1.3 -0.4,0.6 -1.0,1.2 -0.5,0.6 -1.1,1.2 l -3.8,3.9 q 0.4,-0.1 0.8,-0.2 0.4,-0.1 0.8,-0.1 h 4.8 q 0.3,0 0.5,0.2 0.2,0.2 0.2,0.4 v 1.1 h -9.6 v -0.6 q 0,-0.2 0.1,-0.4 0.1,-0.2 0.3,-0.4 l 4.6,-4.6 q 0.6,-0.6 1.0,-1.1 0.5,-0.5 0.8,-1.1 0.3,-0.5 0.5,-1.1 0.2,-0.6 0.2,-1.2 0,-0.6 -0.2,-1.1 -0.2,-0.5 -0.6,-0.8 -0.3,-0.3 -0.8,-0.5 -0.5,-0.2 -1.0,-0.2 -0.6,0 -1.0,0.2 -0.5,0.2 -0.8,0.5 -0.4,0.3 -0.6,0.7 -0.2,0.4 -0.3,0.9 -0.1,0.4 -0.3,0.5 -0.2,0.1 -0.6,0.1 l -0.9,-0.2 q 0.1,-1.0 0.5,-1.7 0.4,-0.8 1.0,-1.3 0.6,-0.5 1.4,-0.8 0.8,-0.3 1.7,-0.3 z"
                    style="fill:#000000;stroke:none"
                />
                <path
                    id="movement-reminder-2p-hyphen-1"
                    d="m 146.6,160.3 h 4.9 v 1.5 h -4.9 z"
                    style="fill:#000000;stroke:none"
                />
                <path
                    id="movement-reminder-2p-3"    
                    d="m 158.8,152.6 q 0.9,0 1.7,0.3 0.8,0.3 1.3,0.7 0.6,0.5 0.9,1.2 0.3,0.7 0.3,1.5 0,0.7 -0.2,1.2 -0.2,0.5 -0.5,0.9 -0.3,0.4 -0.8,0.7 -0.5,0.3 -1.0,0.5 1.4,0.4 2.1,1.2 0.7,0.9 0.7,2.2 0,1.0 -0.4,1.8 -0.4,0.8 -1.0,1.4 -0.7,0.6 -1.5,0.9 -0.9,0.3 -1.9,0.3 -1.1,0 -2.0,-0.3 -0.8,-0.3 -1.4,-0.8 -0.6,-0.5 -0.9,-1.2 -0.4,-0.7 -0.6,-1.5 l 0.8,-0.3 q 0.3,-0.1 0.6,-0.1 0.3,0.1 0.4,0.3 0.1,0.3 0.3,0.7 0.2,0.4 0.5,0.8 0.3,0.4 0.9,0.6 0.5,0.3 1.3,0.3 0.8,0 1.3,-0.2 0.6,-0.3 0.9,-0.6 0.4,-0.4 0.6,-0.9 0.2,-0.5 0.2,-1.0 0,-0.6 -0.2,-1.1 -0.2,-0.5 -0.6,-0.8 -0.4,-0.4 -1.1,-0.6 -0.7,-0.2 -1.8,-0.2 v -1.3 q 0.9,0 1.6,-0.2 0.7,-0.2 1.1,-0.5 0.4,-0.3 0.6,-0.8 0.2,-0.5 0.2,-1.0 0,-0.6 -0.2,-1.1 -0.2,-0.5 -0.5,-0.8 -0.3,-0.3 -0.8,-0.5 -0.5,-0.2 -1.0,-0.2 -0.5,0 -1.0,0.2 -0.5,0.2 -0.8,0.5 -0.4,0.3 -0.6,0.7 -0.2,0.4 -0.3,0.9 -0.1,0.4 -0.3,0.5 -0.2,0.1 -0.6,0.1 l -0.9,-0.2 q 0.1,-1.0 0.5,-1.7 0.4,-0.8 1.0,-1.3 0.6,-0.5 1.4,-0.8 0.8,-0.3 1.7,-0.3 z"
                    style="fill:#000000;stroke:none"
                />
                <path
                    id="movement-reminder-2p-p"
                    d="m 168.2,161.7 v 5.4 h -1.9 v -14.3 h 4.2 q 1.4,0 2.4,0.3 1.0,0.3 1.7,0.9 0.7,0.6 1.0,1.4 0.3,0.8 0.3,1.8 0,1 -0.4,1.8 -0.4,0.8 -1.0,1.4 -0.7,0.6 -1.7,0.9 -1.0,0.3 -2.3,0.3 z m 0,-1.5 h 2.3 q 0.8,0 1.5,-0.2 0.6,-0.2 1.1,-0.6 0.4,-0.4 0.7,-1.0 0.2,-0.6 0.2,-1.2 0,-1.4 -0.9,-2.1 -0.8,-0.8 -2.6,-0.8 h -2.3 z"
                    style="fill:#000000;stroke:none"
                />
                <path
                    id="movement-reminder-2p-colon"
                    d="m 177.7,167.1 z m 0,-1.1 q 0,-0.3 0.1,-0.5 0.1,-0.2 0.3,-0.4 0.2,-0.2 0.4,-0.3 0.2,-0.1 0.5,-0.1 0.3,0 0.5,0.1 0.2,0.1 0.4,0.3 0.2,0.2 0.3,0.4 0.1,0.2 0.1,0.5 0,0.3 -0.1,0.5 -0.1,0.2 -0.3,0.4 -0.2,0.2 -0.4,0.3 -0.2,0.1 -0.5,0.1 -0.3,0 -0.5,-0.1 -0.2,-0.1 -0.4,-0.3 -0.2,-0.2 -0.3,-0.4 -0.1,-0.2 -0.1,-0.5 z m 0,-7.5 q 0,-0.3 0.1,-0.5 0.1,-0.2 0.3,-0.4 0.2,-0.2 0.4,-0.3 0.2,-0.1 0.5,-0.1 0.3,0 0.5,0.1 0.2,0.1 0.4,0.3 0.2,0.2 0.3,0.4 0.1,0.2 0.1,0.5 0,0.3 -0.1,0.5 -0.1,0.2 -0.3,0.4 -0.2,0.2 -0.4,0.3 -0.2,0.1 -0.5,0.1 -0.3,0 -0.5,-0.1 -0.2,-0.1 -0.4,-0.3 -0.2,-0.2 -0.3,-0.4 -0.1,-0.2 -0.1,-0.5 z"
                    style="fill:#000000;stroke:none"
                />
                <path
                    id="movement-reminder-2p-1"
                    d="m 189.1,165.7 h 3.1 v -9.8 q 0,-0.4 0,-0.9 l -2.6,2.2 q -0.1,0.1 -0.3,0.1 -0.1,0 -0.2,0 -0.1,0 -0.2,-0.1 -0.1,-0.1 -0.1,-0.1 l -0.6,-0.8 4.3,-3.7 h 1.5 v 13.0 h 2.8 v 1.4 h -7.7 z"
                    style="fill:#000000;stroke:none"
                />
                <path
                    id="movement-reminder-2p-hyphen-2"
                    d="m 199.4,160.3 h 4.9 v 1.5 h -4.9 z"
                    style="fill:#000000;stroke:none"
                />
                <path
                    id="movement-reminder-2p-4"
                    d="m 214.4,161.9 h 2.2 v 1.0 q 0,0.2 -0.1,0.3 -0.1,0.1 -0.3,0.1 h -1.8 v 3.8 h -1.6 v -3.8 h -6.4 q -0.2,0 -0.4,-0.1 -0.1,-0.1 -0.2,-0.3 l -0.2,-0.9 7.0,-9.3 h 1.7 z m -1.6,-5.9 q 0,-0.3 0,-0.6 0,-0.3 0.1,-0.6 l -5.2,7.1 h 5.1 z"
                    style="fill:#000000;stroke:none"
                />
            </g>
            <g id="movement-reminder-4p">
                <path
                    id="movement-reminder-4p-4"            
                    d="m 142.7,186.9 h 2.2 v 1.0 q 0,0.2 -0.1,0.3 -0.1,0.1 -0.3,0.1 h -1.8 v 3.8 h -1.6 v -3.8 h -6.4 q -0.2,0 -0.4,-0.1 -0.1,-0.1 -0.2,-0.3 l -0.2,-0.9 7.0,-9.3 h 1.7 z m -1.6,-5.9 q 0,-0.3 0,-0.6 0,-0.3 0.1,-0.6 l -5.2,7.1 h 5.1 z"
                    style="fill:#000000;stroke:none"
                />
                <path
                    id="movement-reminder-4p-hyphen-1"
                    d="m 146.6,185.3 h 4.9 v 1.5 h -4.9 z"
                    style="fill:#000000;stroke:none"
                />
                <path
                    id="movement-reminder-4p-5"
                    d="m 162.6,178.5 q 0,0.4 -0.2,0.6 -0.2,0.2 -0.8,0.2 h -4.5 l -0.7,3.8 q 0.6,-0.1 1.1,-0.2 0.5,-0.1 1.0,-0.1 1.1,0 2.0,0.3 0.9,0.3 1.4,0.9 0.6,0.6 0.9,1.4 0.3,0.8 0.3,1.7 0,1.1 -0.4,2.1 -0.4,0.9 -1.1,1.6 -0.7,0.7 -1.6,1 -0.9,0.4 -2.0,0.4 -0.6,0 -1.2,-0.1 -0.6,-0.1 -1.1,-0.3 -0.5,-0.2 -0.9,-0.5 -0.4,-0.3 -0.8,-0.6 l 0.6,-0.8 q 0.2,-0.3 0.5,-0.3 0.2,0 0.5,0.2 0.3,0.2 0.6,0.3 0.4,0.2 0.8,0.4 0.5,0.2 1.2,0.2 0.8,0 1.4,-0.2 0.6,-0.2 1.0,-0.7 0.4,-0.5 0.7,-1.1 0.2,-0.6 0.2,-1.4 0,-0.7 -0.2,-1.2 -0.2,-0.5 -0.6,-0.9 -0.4,-0.4 -1.0,-0.6 -0.6,-0.2 -1.4,-0.2 -0.5,0 -1.1,0.1 -0.6,0.1 -1.2,0.3 l -1.1,-0.3 1.2,-6.7 h 6.8 z"
                    style="fill:#000000;stroke:none"
                />
                <path
                    id="movement-reminder-4p-p"
                    d="m 168.2,186.7 v 5.4 h -1.9 v -14.3 h 4.2 q 1.4,0 2.4,0.3 1.0,0.3 1.7,0.9 0.7,0.6 1.0,1.4 0.3,0.8 0.3,1.8 0,1 -0.4,1.8 -0.4,0.8 -1.0,1.4 -0.7,0.6 -1.7,0.9 -1.0,0.3 -2.3,0.3 z m 0,-1.5 h 2.3 q 0.8,0 1.5,-0.2 0.6,-0.2 1.1,-0.6 0.4,-0.4 0.7,-1.0 0.2,-0.6 0.2,-1.2 0,-1.4 -0.9,-2.1 -0.8,-0.8 -2.6,-0.8 h -2.3 z"
                    style="fill:#000000;stroke:none"
                />
                <path
                    id="movement-reminder-4p-colon"
                    d="m 177.7,192.1 z m 0,-1.1 q 0,-0.3 0.1,-0.5 0.1,-0.2 0.3,-0.4 0.2,-0.2 0.4,-0.3 0.2,-0.1 0.5,-0.1 0.3,0 0.5,0.1 0.2,0.1 0.4,0.3 0.2,0.2 0.3,0.4 0.1,0.2 0.1,0.5 0,0.3 -0.1,0.5 -0.1,0.2 -0.3,0.4 -0.2,0.2 -0.4,0.3 -0.2,0.1 -0.5,0.1 -0.3,0 -0.5,-0.1 -0.2,-0.1 -0.4,-0.3 -0.2,-0.2 -0.3,-0.4 -0.1,-0.2 -0.1,-0.5 z m 0,-7.5 q 0,-0.3 0.1,-0.5 0.1,-0.2 0.3,-0.4 0.2,-0.2 0.4,-0.3 0.2,-0.1 0.5,-0.1 0.3,0 0.5,0.1 0.2,0.1 0.4,0.3 0.2,0.2 0.3,0.4 0.1,0.2 0.1,0.5 0,0.3 -0.1,0.5 -0.1,0.2 -0.3,0.4 -0.2,0.2 -0.4,0.3 -0.2,0.1 -0.5,0.1 -0.3,0 -0.5,-0.1 -0.2,-0.1 -0.4,-0.3 -0.2,-0.2 -0.3,-0.4 -0.1,-0.2 -0.1,-0.5 z"
                    style="fill:#000000;stroke:none"
                />
                <path
                    id="movement-reminder-4p-1"
                    d="m 189.1,190.7 h 3.1 v -9.8 q 0,-0.4 0,-0.9 l -2.6,2.2 q -0.1,0.1 -0.3,0.1 -0.1,0 -0.2,0 -0.1,0 -0.2,-0.1 -0.1,-0.1 -0.1,-0.1 l -0.6,-0.8 4.3,-3.7 h 1.5 v 13.0 h 2.8 v 1.4 h -7.7 z"
                    style="fill:#000000;stroke:none"
                />
                <path
                    id="movement-reminder-4p-hyphen-2"
                    d="m 199.4,185.3 h 4.9 v 1.5 h -4.9 z"
                    style="fill:#000000;stroke:none"
                />
                <path
                    id="movement-reminder-4p-3"
                    d="m 211.6,177.6 q 0.9,0 1.7,0.3 0.8,0.3 1.3,0.7 0.6,0.5 0.9,1.2 0.3,0.7 0.3,1.5 0,0.7 -0.2,1.2 -0.2,0.5 -0.5,0.9 -0.3,0.4 -0.8,0.7 -0.5,0.3 -1.0,0.5 1.4,0.4 2.1,1.2 0.7,0.9 0.7,2.2 0,1.0 -0.4,1.8 -0.4,0.8 -1.0,1.4 -0.7,0.6 -1.5,0.9 -0.9,0.3 -1.9,0.3 -1.1,0 -2.0,-0.3 -0.8,-0.3 -1.4,-0.8 -0.6,-0.5 -0.9,-1.2 -0.4,-0.7 -0.6,-1.5 l 0.8,-0.3 q 0.3,-0.1 0.6,-0.1 0.3,0.1 0.4,0.3 0.1,0.3 0.3,0.7 0.2,0.4 0.5,0.8 0.3,0.4 0.9,0.6 0.5,0.3 1.3,0.3 0.8,0 1.3,-0.2 0.6,-0.3 0.9,-0.6 0.4,-0.4 0.6,-0.9 0.2,-0.5 0.2,-1.0 0,-0.6 -0.2,-1.1 -0.2,-0.5 -0.6,-0.8 -0.4,-0.4 -1.1,-0.6 -0.7,-0.2 -1.8,-0.2 v -1.3 q 0.9,0 1.6,-0.2 0.7,-0.2 1.1,-0.5 0.4,-0.3 0.6,-0.8 0.2,-0.5 0.2,-1.0 0,-0.6 -0.2,-1.1 -0.2,-0.5 -0.5,-0.8 -0.3,-0.3 -0.8,-0.5 -0.5,-0.2 -1,-0.2 -0.5,0 -1.0,0.2 -0.5,0.2 -0.8,0.5 -0.4,0.3 -0.6,0.7 -0.2,0.4 -0.3,0.9 -0.1,0.4 -0.3,0.5 -0.2,0.1 -0.6,0.1 l -0.9,-0.2 q 0.1,-1.0 0.5,-1.7 0.4,-0.8 1.0,-1.3 0.6,-0.5 1.4,-0.8 0.8,-0.3 1.7,-0.3 z"
                    style="fill:#000000;stroke:none"
                />
            </g>
        </g>
        <g id="fund-title">
            <path
                id="fund-title-f"
                d="m 359.0,138.3 v 4.7 h -20.7 v 15.0 h 17.7 v 4.7 h -17.7 v 18.5 h -5.8 v -43.0 z"
                style="fill:#000000;stroke:none"
            />
            <path
                id="fund-title-u"
                d="m 383.0,176.6 q 2.7,0 4.8,-0.9 2.1,-0.9 3.5,-2.5 1.5,-1.6 2.2,-3.9 0.8,-2.3 0.8,-5.0 v -26.1 h 5.8 v 26.1 q 0,3.7 -1.2,6.9 -1.2,3.2 -3.4,5.5 -2.2,2.3 -5.4,3.6 -3.2,1.3 -7.1,1.3 -4.0,0 -7.1,-1.3 -3.2,-1.3 -5.4,-3.6 -2.2,-2.3 -3.4,-5.5 -1.2,-3.2 -1.2,-6.9 v -26.1 h 5.8 v 26.1 q 0,2.7 0.8,5.0 0.8,2.3 2.2,3.9 1.5,1.6 3.6,2.6 2.1,0.9 4.8,0.9 z"
                style="fill:#000000;stroke:none"
            />
            <path
                id="fund-title-n"
                d="m 413.5,138.3 q 0.4,0 0.7,0.1 0.3,0 0.5,0.2 0.2,0.1 0.4,0.3 0.2,0.2 0.5,0.5 l 24.9,32.4 q -0.1,-0.8 -0.1,-1.5 0,-0.8 0,-1.4 v -30.5 h 5.1 v 43.0 h -2.9 q -0.7,0 -1.2,-0.2 -0.5,-0.2 -0.9,-0.8 l -24.9,-32.4 q 0.1,0.8 0.1,1.5 0,0.7 0,1.3 v 30.6 h -5.1 v -43.0 z"
                style="fill:#000000;stroke:none"
            />
            <path
                id="fund-title-d"
                d="m 493.6,159.8 q 0,4.8 -1.5,8.8 -1.5,4.0 -4.3,6.8 -2.8,2.8 -6.7,4.4 -3.9,1.5 -8.6,1.5 h -16.1 v -43.0 h 16.1 q 4.7,0 8.6,1.6 3.9,1.5 6.7,4.4 2.8,2.8 4.3,6.8 1.5,4.0 1.5,8.8 z m -6.0,0 q 0,-4.0 -1.1,-7.1 -1.1,-3.1 -3.1,-5.3 -2.0,-2.2 -4.8,-3.3 -2.8,-1.1 -6.3,-1.1 h -10.2 v 33.6 h 10.2 q 3.5,0 6.3,-1.1 2.8,-1.1 4.8,-3.3 2.0,-2.2 3.1,-5.3 1.1,-3.1 1.1,-7.1 z"
                style="fill:#000000;stroke:none"
            />
        </g>
        <rect
            id="fund-cash"
            x="520"
            y="110"
            width="200"
            height="100"
            style="fill:none;stroke:#000000;stroke-width:0.5px"
        />
        <g id="share-limit-reminder">
            <g id="share-limit-reminder-share">
                <path
                    id="share-limit-reminder-share-s"
                    d="m 779.8,142.8 q -0.1,0.2 -0.2,0.2 -0.1,0.1 -0.3,0.1 -0.2,0 -0.4,-0.2 -0.2,-0.2 -0.6,-0.4 -0.3,-0.2 -0.8,-0.4 -0.5,-0.2 -1.2,-0.2 -0.7,0 -1.2,0.2 -0.5,0.2 -0.8,0.5 -0.3,0.3 -0.5,0.7 -0.2,0.4 -0.2,0.9 0,0.6 0.3,1.0 0.3,0.4 0.8,0.7 0.5,0.3 1.1,0.5 0.6,0.2 1.3,0.4 0.7,0.2 1.3,0.5 0.6,0.3 1.1,0.7 0.5,0.4 0.8,1.0 0.3,0.6 0.3,1.5 0,0.9 -0.3,1.8 -0.3,0.8 -0.9,1.4 -0.6,0.6 -1.5,1.0 -0.9,0.4 -2.0,0.4 -1.4,0 -2.5,-0.5 -1.1,-0.5 -2.0,-1.4 l 0.6,-0.9 q 0.1,-0.1 0.2,-0.2 0.1,-0.1 0.3,-0.1 0.1,0 0.3,0.1 0.2,0.1 0.4,0.3 0.2,0.2 0.5,0.4 0.3,0.2 0.6,0.4 0.4,0.2 0.8,0.3 0.4,0.1 1.0,0.1 0.7,0 1.2,-0.2 0.5,-0.2 0.9,-0.5 0.4,-0.4 0.6,-0.8 0.2,-0.5 0.2,-1.1 0,-0.7 -0.3,-1.1 -0.3,-0.4 -0.8,-0.7 -0.5,-0.3 -1.1,-0.5 -0.6,-0.2 -1.3,-0.4 -0.6,-0.2 -1.3,-0.5 -0.6,-0.3 -1.1,-0.7 -0.5,-0.4 -0.8,-1.1 -0.3,-0.7 -0.3,-1.6 0,-0.8 0.3,-1.5 0.3,-0.7 0.9,-1.3 0.6,-0.6 1.4,-0.9 0.8,-0.3 1.9,-0.3 1.2,0 2.2,0.4 1.0,0.4 1.7,1.1 z"
                    style="fill:#000000;stroke:none"
                />
                <path
                    id="share-limit-reminder-share-h"
                    d="m 782.7,154.9 v -14.7 h 1.8 v 6.0 q 0.7,-0.7 1.4,-1.1 0.8,-0.4 1.8,-0.4 0.8,0 1.5,0.3 0.6,0.3 1.1,0.8 0.4,0.5 0.7,1.2 0.2,0.7 0.2,1.6 v 6.5 h -1.8 v -6.5 q 0,-1.2 -0.5,-1.8 -0.5,-0.6 -1.6,-0.6 -0.8,0 -1.5,0.4 -0.7,0.4 -1.3,1.0 v 7.5 z"
                    style="fill:#000000;stroke:none"
                />
                <path
                    id="share-limit-reminder-share-a"
                    d="m 800.3,154.9 q -0.3,0 -0.4,-0.1 -0.1,-0.1 -0.2,-0.3 l -0.2,-1.0 q -0.4,0.4 -0.8,0.7 -0.4,0.3 -0.8,0.5 -0.4,0.2 -0.9,0.3 -0.5,0.1 -1.1,0.1 -0.6,0 -1.1,-0.2 -0.5,-0.2 -0.9,-0.5 -0.4,-0.3 -0.6,-0.8 -0.2,-0.5 -0.2,-1.2 0,-0.6 0.3,-1.2 0.3,-0.6 1.1,-1.0 0.7,-0.4 1.9,-0.7 1.2,-0.3 2.9,-0.3 v -0.8 q 0,-1.2 -0.5,-1.8 -0.5,-0.6 -1.5,-0.6 -0.7,0 -1.1,0.2 -0.4,0.2 -0.8,0.4 -0.3,0.2 -0.6,0.4 -0.2,0.2 -0.5,0.2 -0.2,0 -0.3,-0.1 -0.1,-0.1 -0.2,-0.2 l -0.3,-0.6 q 0.8,-0.8 1.8,-1.2 1.0,-0.4 2.2,-0.4 0.9,0 1.5,0.3 0.7,0.3 1.1,0.8 0.5,0.5 0.7,1.2 0.2,0.7 0.2,1.6 v 6.5 z m -3.8,-1.1 q 0.5,0 0.9,-0.1 0.4,-0.1 0.7,-0.3 0.4,-0.2 0.7,-0.4 0.3,-0.3 0.6,-0.6 v -2.1 q -1.2,0.0 -2.1,0.2 -0.9,0.2 -1.4,0.4 -0.5,0.3 -0.8,0.6 -0.2,0.3 -0.2,0.8 0,0.4 0.1,0.7 0.1,0.3 0.4,0.5 0.2,0.2 0.5,0.3 0.3,0.1 0.7,0.1 z"
                    style="fill:#000000;stroke:none"
                />
                <path
                    id="share-limit-reminder-share-r"
                    d="m 803.8,154.9 v -10.1 h 1.0 q 0.3,0 0.4,0.1 0.1,0.1 0.2,0.4 l 0.1,1.5 q 0.5,-1.0 1.2,-1.6 0.7,-0.6 1.7,-0.6 0.3,0 0.6,0.1 0.3,0.1 0.5,0.2 l -0.1,1.3 q -0.1,0.3 -0.3,0.3 -0.1,0 -0.4,-0.1 -0.3,-0.1 -0.6,-0.1 -0.5,0 -0.9,0.2 -0.4,0.1 -0.7,0.4 -0.3,0.3 -0.5,0.7 -0.2,0.4 -0.4,0.9 v 6.4 z"
                    style="fill:#000000;stroke:none"
                />
                <path
                    id="share-limit-reminder-share-e"
                    d="m 814.8,144.6 q 0.9,0 1.7,0.3 0.8,0.3 1.3,0.9 0.6,0.6 0.9,1.4 0.3,0.8 0.3,1.9 0,0.4 -0.1,0.6 -0.1,0.1 -0.3,0.1 h -6.8 q 0,1.0 0.3,1.7 0.2,0.7 0.7,1.2 0.4,0.5 1.0,0.7 0.6,0.2 1.3,0.2 0.7,0 1.2,-0.2 0.5,-0.2 0.8,-0.3 0.4,-0.2 0.6,-0.3 0.2,-0.2 0.4,-0.2 0.2,0 0.3,0.2 l 0.5,0.7 q -0.3,0.4 -0.8,0.7 -0.5,0.3 -1.0,0.5 -0.5,0.2 -1.1,0.3 -0.6,0.1 -1.1,0.1 -1.1,0 -1.9,-0.4 -0.9,-0.4 -1.5,-1.0 -0.6,-0.7 -1.0,-1.7 -0.4,-1.0 -0.4,-2.3 0,-1.1 0.3,-2.0 0.3,-0.9 0.9,-1.6 0.6,-0.7 1.5,-1.1 0.9,-0.4 2.0,-0.4 z m 0,1.3 q -1.3,0 -2.0,0.8 -0.7,0.7 -0.9,2.1 h 5.5 q 0,-0.6 -0.2,-1.1 -0.2,-0.5 -0.5,-0.9 -0.3,-0.4 -0.8,-0.6 -0.5,-0.2 -1.1,-0.2 z"
                    style="fill:#000000;stroke:none"
                />
            </g>
            <g id="share-limit-reminder-limit">
                <path
                    id="share-limit-reminder-limit-l"
                    d="m 828.7,153.2 h 6.2 v 1.6 h -8.1 v -14.3 h 1.9 z"
                    style="fill:#000000;stroke:none"
                />
                <path
                    id="share-limit-reminder-limit-i-1"
                    d="m 838.5,144.7 v 10.1 h -1.8 v -10.1 z m 0.4,-3.2 q 0,0.3 -0.1,0.5 -0.1,0.2 -0.3,0.4 -0.2,0.2 -0.4,0.3 -0.2,0.1 -0.5,0.1 -0.3,0 -0.5,-0.1 -0.2,-0.1 -0.4,-0.3 -0.2,-0.2 -0.3,-0.4 -0.1,-0.2 -0.1,-0.5 0,-0.3 0.1,-0.5 0.1,-0.2 0.3,-0.4 0.2,-0.2 0.4,-0.3 0.2,-0.1 0.5,-0.1 0.3,0 0.5,0.1 0.2,0.1 0.4,0.3 0.2,0.2 0.3,0.4 0.1,0.2 0.1,0.5 z"
                    style="fill:#000000;stroke:none"
                />
                <path
                    id="share-limit-reminder-limit-m"
                    d="m 841.4,154.9 v -10.1 h 1.1 q 0.4,0 0.5,0.4 l 0.1,1.0 q 0.6,-0.7 1.3,-1.1 0.7,-0.4 1.6,-0.4 1.0,0 1.7,0.6 0.6,0.6 0.9,1.5 0.2,-0.6 0.6,-1.0 0.4,-0.4 0.8,-0.7 0.4,-0.3 0.9,-0.4 0.5,-0.1 1.0,-0.1 0.8,0 1.4,0.3 0.6,0.3 1.1,0.7 0.4,0.5 0.7,1.2 0.2,0.7 0.2,1.6 v 6.5 h -1.8 v -6.5 q 0,-1.2 -0.5,-1.8 -0.5,-0.6 -1.5,-0.6 -0.4,0 -0.8,0.2 -0.4,0.2 -0.7,0.5 -0.3,0.3 -0.5,0.8 -0.2,0.5 -0.2,1.1 v 6.5 h -1.8 v -6.5 q 0,-1.2 -0.5,-1.8 -0.5,-0.6 -1.4,-0.6 -0.7,0 -1.2,0.4 -0.6,0.4 -1.0,1.0 v 7.6 z"
                    style="fill:#000000;stroke:none"
                />
                <path
                    id="share-limit-reminder-limit-i-2"       
                    d="m 859.7,144.7 v 10.1 h -1.8 v -10.1 z m 0.4,-3.2 q 0,0.3 -0.1,0.5 -0.1,0.2 -0.3,0.4 -0.2,0.2 -0.4,0.3 -0.2,0.1 -0.5,0.1 -0.3,0 -0.5,-0.1 -0.2,-0.1 -0.4,-0.3 -0.2,-0.2 -0.3,-0.4 -0.1,-0.2 -0.1,-0.5 0,-0.3 0.1,-0.5 0.1,-0.2 0.3,-0.4 0.2,-0.2 0.4,-0.3 0.2,-0.1 0.5,-0.1 0.3,0 0.5,0.1 0.2,0.1 0.4,0.3 0.2,0.2 0.3,0.4 0.1,0.2 0.1,0.5 z"
                    style="fill:#000000;stroke:none"
                />
                <path
                    id="share-limit-reminder-limit-t"
                    d="m 865.8,155.0 q -1.2,0 -1.9,-0.7 -0.6,-0.7 -0.6,-1.9 v -6.2 h -1.2 q -0.2,0 -0.3,-0.1 -0.1,-0.1 -0.1,-0.3 v -0.7 l 1.7,-0.2 0.4,-3.1 q 0,-0.2 0.1,-0.2 0.1,-0.1 0.3,-0.1 h 0.9 v 3.5 h 2.9 v 1.3 h -2.9 v 6.1 q 0,0.6 0.3,1.0 0.3,0.3 0.8,0.3 0.3,0 0.5,-0.1 0.2,-0.1 0.4,-0.2 0.2,-0.1 0.3,-0.2 0.1,-0.1 0.2,-0.1 0.1,0 0.3,0.2 l 0.5,0.9 q -0.5,0.4 -1.1,0.7 -0.7,0.2 -1.3,0.2 z"
                    style="fill:#000000;stroke:none"
                />
                <path
                    id="share-limit-reminder-limit-colon"       
                    d="m 869.7,154.9 z m 0,-1.1 q 0,-0.3 0.1,-0.5 0.1,-0.2 0.3,-0.4 0.2,-0.2 0.4,-0.3 0.2,-0.1 0.5,-0.1 0.3,0 0.5,0.1 0.2,0.1 0.4,0.3 0.2,0.2 0.2,0.4 0.1,0.2 0.1,0.5 0,0.3 -0.1,0.5 -0.1,0.2 -0.3,0.4 -0.2,0.2 -0.4,0.3 -0.2,0.1 -0.5,0.1 -0.3,0 -0.5,-0.1 -0.2,-0.1 -0.4,-0.3 -0.2,-0.2 -0.3,-0.4 -0.1,-0.2 -0.1,-0.5 z m 0,-7.5 q 0,-0.3 0.1,-0.5 0.1,-0.2 0.3,-0.4 0.2,-0.2 0.4,-0.3 0.2,-0.1 0.5,-0.1 0.3,0 0.5,0.1 0.2,0.1 0.4,0.3 0.2,0.2 0.3,0.4 0.1,0.2 0.1,0.5 0,0.3 -0.1,0.5 -0.1,0.2 -0.3,0.4 -0.2,0.2 -0.4,0.3 -0.2,0.1 -0.5,0.1 -0.3,0 -0.5,-0.1 -0.2,-0.1 -0.4,-0.3 -0.2,-0.2 -0.3,-0.4 -0.1,-0.2 -0.1,-0.5 z"
                    style="fill:#000000;stroke:none"
                />
            </g>
            <g id="share-limit-reminder-number">
                <path
                    id="share-limit-reminder-number-1"
                    d="m 812.9,178.5 h 3.1 v -9.8 q 0,-0.4 0,-0.9 l -2.6,2.2 q -0.1,0.1 -0.3,0.1 -0.1,0 -0.2,0 -0.1,0 -0.2,-0.1 -0.1,-0.1 -0.1,-0.1 l -0.6,-0.8 4.3,-3.7 h 1.5 v 13.0 h 2.8 v 1.4 h -7.7 z"
                    style="fill:#000000;stroke:none"
                />
                <path
                    id="share-limit-reminder-number-2"
                    d="m 827.9,165.4 q 0.9,0 1.7,0.3 0.8,0.3 1.4,0.8 0.6,0.5 0.9,1.3 0.3,0.7 0.3,1.7 0,0.8 -0.2,1.5 -0.2,0.7 -0.7,1.3 -0.4,0.6 -1.0,1.2 -0.5,0.6 -1.1,1.2 l -3.8,3.9 q 0.4,-0.1 0.8,-0.2 0.4,-0.1 0.8,-0.1 h 4.8 q 0.3,0 0.5,0.2 0.2,0.2 0.2,0.4 v 1.1 h -9.6 v -0.6 q 0,-0.2 0.1,-0.4 0.1,-0.2 0.3,-0.4 l 4.6,-4.6 q 0.6,-0.6 1.0,-1.1 0.5,-0.5 0.8,-1.1 0.3,-0.5 0.5,-1.1 0.2,-0.6 0.2,-1.2 0,-0.6 -0.2,-1.1 -0.2,-0.5 -0.6,-0.8 -0.3,-0.3 -0.8,-0.5 -0.5,-0.2 -1.0,-0.2 -0.6,0 -1.0,0.2 -0.5,0.2 -0.8,0.5 -0.4,0.3 -0.6,0.7 -0.2,0.4 -0.3,0.9 -0.1,0.4 -0.3,0.5 -0.2,0.1 -0.6,0.1 l -0.9,-0.2 q 0.1,-1.0 0.5,-1.7 0.4,-0.8 1.0,-1.3 0.6,-0.5 1.4,-0.8 0.8,-0.3 1.7,-0.3 z"
                    style="fill:#000000;stroke:none"
                />
            </g>
        </g>
    </g>
    <g id="shares-and-dice">
        <rect
            id="shares-and-dice-border"
            x="100"
            y="220"
            width="400"
            height="680"
            style="fill:none;stroke:#000000;stroke-width:0.5px"
        />
    </g>
    <g id="stock-market">
        <rect
            id="stock-market-row-0"
            x="500"
            y="220"
            width="400"
            height="50"
            style="fill:#dcdcdc;stroke:#000000;stroke-width:0.5px"
        />
        <g id="stock-market-heading-stock-price">
            <path
                id="stock-market-heading-stock-price-s"
                d="m 535.4,240.2 q -0.1,0.2 -0.2,0.2 -0.1,0.1 -0.3,0.1 -0.2,0 -0.4,-0.2 -0.2,-0.2 -0.6,-0.4 -0.3,-0.2 -0.8,-0.4 -0.5,-0.2 -1.2,-0.2 -0.7,0 -1.2,0.2 -0.5,0.2 -0.8,0.5 -0.3,0.3 -0.5,0.7 -0.2,0.4 -0.2,0.9 0,0.6 0.3,1.0 0.3,0.4 0.8,0.7 0.5,0.3 1.1,0.5 0.6,0.2 1.3,0.4 0.7,0.2 1.3,0.5 0.6,0.3 1.1,0.7 0.5,0.4 0.8,1.0 0.3,0.6 0.3,1.5 0,0.9 -0.3,1.8 -0.3,0.8 -0.9,1.4 -0.6,0.6 -1.5,1.0 -0.9,0.4 -2.0,0.4 -1.4,0 -2.5,-0.5 -1.1,-0.5 -2.0,-1.4 l 0.6,-0.9 q 0.1,-0.1 0.2,-0.2 0.1,-0.1 0.3,-0.1 0.1,0 0.3,0.1 0.2,0.1 0.4,0.3 0.2,0.2 0.5,0.4 0.3,0.2 0.6,0.4 0.4,0.2 0.8,0.3 0.4,0.1 1.0,0.1 0.7,0 1.2,-0.2 0.5,-0.2 0.9,-0.5 0.4,-0.4 0.6 -0.8 0.2,-0.5 0.2,-1.1 0,-0.7 -0.3,-1.1 -0.3,-0.4 -0.8,-0.7 -0.5,-0.3 -1.1,-0.5 -0.6,-0.2 -1.3,-0.4 -0.6,-0.2 -1.3,-0.5 -0.6,-0.3 -1.1,-0.7 -0.5,-0.4 -0.8,-1.1 -0.3,-0.7 -0.3,-1.6 0,-0.8 0.3,-1.5 0.3,-0.7 0.9,-1.3 0.6,-0.6 1.4,-0.9 0.8,-0.3 1.9,-0.3 1.2,0 2.2,0.4 1.0,0.4 1.7,1.1 z"
                style="fill:#000000;stroke:none"
            />
            <path
                id="stock-market-heading-stock-price-t"
                d="m 541.2,252.4 q -1.2,0 -1.9,-0.7 -0.6,-0.7 -0.6,-1.9 v -6.2 h -1.2 q -0.2,0 -0.3,-0.1 -0.1,-0.1 -0.1,-0.3 v -0.7 l 1.7,-0.2 0.4,-3.1 q 0,-0.2 0.1,-0.2 0.1,-0.1 0.3,-0.1 h 0.9 v 3.5 h 2.9 v 1.3 h -2.9 v 6.1 q 0,0.6 0.3,1.0 0.3,0.3 0.8,0.3 0.3,0 0.5,-0.1 0.2,-0.1 0.4,-0.2 0.2,-0.1 0.3,-0.2 0.1,-0.1 0.2,-0.1 0.1,0 0.3,0.2 l 0.5,0.9 q -0.5,0.4 -1.1,0.7 -0.7,0.2 -1.3,0.2 z"
                style="fill:#000000;stroke:none"
            />
            <path
                id="stock-market-heading-stock-price-o"
                d="m 549.5,242.0 q 1.1,0 2.0,0.4 0.9,0.4 1.5,1.1 0.6,0.7 1.0,1.7 0.3,1.0 0.3,2.2 0,1.2 -0.3,2.2 -0.3,1.0 -1.0,1.6 -0.6,0.7 -1.5,1.1 -0.9,0.4 -2.0,0.4 -1.1,0 -2.0,-0.4 -0.9,-0.4 -1.5,-1.1 -0.6,-0.7 -1.0,-1.6 -0.3,-1.0 -0.3,-2.2 0,-1.2 0.3,-2.2 0.3,-1.0 1.0,-1.7 0.6,-0.7 1.5,-1.1 0.9,-0.4 2.0,-0.4 z m 0,9.0 q 1.5,0 2.2,-1 0.7,-1.0 0.7,-2.8 0,-1.8 -0.7,-2.8 -0.7,-1.0 -2.2,-1.0 -0.8,0 -1.3,0.3 -0.6,0.3 -0.9,0.8 -0.4,0.5 -0.6,1.2 -0.2,0.7 -0.2,1.6 0,1.8 0.7,2.8 0.8,1.0 2.3,1.0 z"
                style="fill:#000000;stroke:none"
            />
            <path
                id="stock-market-heading-stock-price-c-1"
                d="m 563.6,244.0 q -0.1,0.1 -0.2,0.2 -0.1,0.1 -0.2,0.1 -0.2,0 -0.3,-0.1 -0.2,-0.1 -0.5,-0.3 -0.3,-0.2 -0.7,-0.3 -0.4,-0.1 -0.9,-0.1 -0.8,0 -1.3,0.3 -0.6,0.3 -1.0,0.8 -0.4,0.5 -0.6,1.2 -0.2,0.7 -0.2,1.6 0,0.9 0.2,1.6 0.2,0.7 0.6,1.2 0.4,0.5 0.9,0.7 0.6,0.3 1.2,0.2 0.7,0 1.1,-0.2 0.4,-0.2 0.7,-0.4 0.3,-0.2 0.5,-0.3 0.2,-0.2 0.4,-0.2 0.2,0 0.3,0.2 l 0.5,0.7 q -0.3,0.4 -0.8,0.7 -0.4,0.3 -0.9,0.5 -0.5,0.2 -1.0,0.3 -0.5,0.1 -1.1,0.1 -1.0,0 -1.8,-0.4 -0.8,-0.4 -1.4,-1.0 -0.6,-0.7 -0.9,-1.6 -0.3,-1.0 -0.3,-2.2 0,-1.1 0.3,-2.1 0.3,-1.0 0.9,-1.7 0.6,-0.7 1.5,-1.1 0.9,-0.4 2.0,-0.4 1.1,0 1.9,0.4 0.8,0.3 1.5,1.0 z"
                style="fill:#000000;stroke:none"
            />
            <path
                id="stock-market-heading-stock-price-k"
                d="m 567.9,237.6 v 8.7 h 0.5 q 0.2,0 0.3,-0.1 0.1,-0.1 0.3,-0.2 l 3.2,-3.4 q 0.1,-0.2 0.3,-0.3 0.2,-0.1 0.4,-0.1 h 1.6 l -3.7,4.0 q -0.3,0.3 -0.6,0.5 0.2,0.1 0.3,0.3 0.2,0.2 0.3,0.4 l 4.0,5 h -1.6 q -0.2,0 -0.4,-0.1 -0.2,-0.1 -0.3,-0.3 l -3.3,-4.2 q -0.2,-0.2 -0.3,-0.3 -0.1,-0.1 -0.4,-0.1 h -0.5 v 4.8 h -1.8 v -14.7 z"
                style="fill:#000000;stroke:none"
            />
            <path
                id="stock-market-heading-stock-price-p"
                d="m 583.8,246.9 v 5.4 h -1.9 v -14.3 h 4.2 q 1.4,0 2.4,0.3 1.0,0.3 1.7,0.9 0.7,0.6 1.0,1.4 0.3,0.8 0.3,1.8 0,1.0 -0.4,1.8 -0.4,0.8 -1.0,1.4 -0.7,0.6 -1.7,0.9 -1.0,0.3 -2.3,0.3 z m 0,-1.5 h 2.3 q 0.8,0 1.5,-0.2 0.6,-0.2 1.1,-0.6 0.4,-0.4 0.7,-1.0 0.2,-0.6 0.2,-1.2 0,-1.4 -0.9,-2.1 -0.8,-0.8 -2.6,-0.8 h -2.3 z"
                style="fill:#000000;stroke:none"
            />
            <path
                id="stock-market-heading-stock-price-r"
                d="m 593.2,252.3 v -10.1 h 1.0 q 0.3,0 0.4,0.1 0.1,0.1 0.2,0.4 l 0.1,1.5 q 0.5,-1.0 1.2,-1.6 0.7,-0.6 1.7,-0.6 0.3,0 0.6,0.1 0.3,0.1 0.5,0.2 l -0.1,1.3 q -0.1,0.3 -0.3,0.3 -0.1,0 -0.4,-0.1 -0.3,-0.1 -0.6,-0.1 -0.5,0 -0.9,0.2 -0.4,0.1 -0.7,0.4 -0.3,0.3 -0.5,0.7 -0.2,0.4 -0.4,0.9 v 6.4 z"
                style="fill:#000000;stroke:none"
            />
            <path
                id="stock-market-heading-stock-price-i"
                d="m 602.4,242.2 v 10.1 h -1.8 v -10.1 z m 0.4,-3.2 q 0,0.3 -0.1,0.5 -0.1,0.2 -0.3,0.4 -0.2,0.2 -0.4,0.3 -0.2,0.1 -0.5,0.1 -0.3,0 -0.5,-0.1 -0.2,-0.1 -0.4,-0.3 -0.2,-0.2 -0.3,-0.4 -0.1,-0.2 -0.1,-0.5 0,-0.3 0.1,-0.5 0.1,-0.2 0.3,-0.4 0.2,-0.2 0.4,-0.3 0.2,-0.1 0.5,-0.1 0.3,0 0.5,0.1 0.2,0.1 0.4,0.3 0.2,0.2 0.3,0.4 0.1,0.2 0.1,0.5 z"
                style="fill:#000000;stroke:none"
            />
            <path
                id="stock-market-heading-stock-price-c-2"
                d="m 612.4,244.0 q -0.1,0.1 -0.2,0.2 -0.1,0.1 -0.2,0.1 -0.2,0 -0.3,-0.1 -0.2,-0.1 -0.5,-0.3 -0.3,-0.2 -0.7,-0.3 -0.4,-0.1 -0.9,-0.1 -0.8,0 -1.3,0.3 -0.6,0.3 -1.0,0.8 -0.4,0.5 -0.6,1.2 -0.2,0.7 -0.2,1.6 0,0.9 0.2,1.6 0.2,0.7 0.6,1.2 0.4,0.5 0.9,0.7 0.6,0.3 1.2,0.3 0.7,0 1.1,-0.2 0.4,-0.2 0.7,-0.4 0.3,-0.2 0.5,-0.3 0.2,-0.2 0.4,-0.2 0.2,0 0.3,0.2 l 0.5,0.7 q -0.3,0.4 -0.8,0.7 -0.4,0.3 -0.9,0.5 -0.5,0.2 -1.0,0.3 -0.5,0.1 -1.1,0.1 -1.0,0 -1.8,-0.4 -0.8,-0.4 -1.4,-1.0 -0.6,-0.7 -0.9,-1.6 -0.3,-1.0 -0.3,-2.2 0,-1.1 0.3,-2.1 0.3,-1.0 0.9,-1.7 0.6,-0.7 1.5,-1.1 0.9,-0.4 2.0,-0.4 1.1,0 1.9,0.4 0.8,0.3 1.5,1.0 z"
                style="fill:#000000;stroke:none"
            />
            <path
                id="stock-market-heading-stock-price-e"
                d="m 618.8,242.0 q 0.9,0 1.7,0.3 0.8,0.3 1.3,0.9 0.6,0.6 0.9,1.4 0.3,0.8 0.3,1.9 0,0.4 -0.1,0.6 -0.1,0.1 -0.3,0.1 h -6.8 q 0,1.0 0.3,1.7 0.2,0.7 0.7,1.2 0.4,0.5 1,0.7 0.6,0.2 1.3,0.2 0.6,0 1.2,-0.2 0.5,-0.2 0.8,-0.3 0.4,-0.2 0.6,-0.3 0.2,-0.2 0.4,-0.2 0.2,0 0.3,0.2 l 0.5,0.7 q -0.3,0.4 -0.8,0.7 -0.5,0.3 -1.0,0.5 -0.5,0.2 -1.1,0.3 -0.6,0.1 -1.1,0.1 -1.1,0 -1.9,-0.4 -0.9,-0.4 -1.5,-1.0 -0.6,-0.7 -1.0,-1.7 -0.4,-1.0 -0.4,-2.3 0,-1.1 0.3,-2.0 0.3,-0.9 0.9,-1.6 0.6,-0.7 1.5,-1.1 0.9,-0.4 2.0,-0.4 z m 0,1.3 q -1.3,0 -2.0,0.8 -0.7,0.7 -0.9,2.1 h 5.5 q 0,-0.6 -0.2,-1.1 -0.2,-0.5 -0.5,-0.9 -0.3,-0.4 -0.8,-0.6 -0.5,-0.2 -1.1,-0.2 z"
                style="fill:#000000;stroke:none"
            />
        </g>
        <g id="stock-market-heading-dividend">
            <path
                id="stock-market-heading-dividend-d-1"
                d="m 799.5,245.1 q 0,1.6 -0.5,2.9 -0.5,1.3 -1.4,2.3 -0.9,0.9 -2.2,1.5 -1.3,0.5 -2.9,0.5 h -5.4 v -14.3 h 5.4 q 1.6,0 2.9,0.5 1.3,0.5 2.2,1.5 0.9,0.9 1.4,2.3 0.5,1.3 0.5,2.9 z m -2.0,0 q 0,-1.3 -0.4,-2.4 -0.4,-1.0 -1.0,-1.8 -0.7,-0.7 -1.6,-1.1 -0.9,-0.4 -2.1,-0.4 h -3.4 v 11.2 h 3.4 q 1.2,0 2.1,-0.4 0.9,-0.4 1.6,-1.1 0.7,-0.7 1.0,-1.8 0.4,-1.0 0.4,-2.4 z"
                style="fill:#000000;stroke:none"
            />
            <path
                id="stock-market-heading-dividend-i-1"
                d="m 803.6,242.2 v 10.1 h -1.8 v -10.1 z m 0.4,-3.2 q 0,0.3 -0.1,0.5 -0.1,0.2 -0.3,0.4 -0.2,0.2 -0.4,0.3 -0.2,0.1 -0.5,0.1 -0.3,0 -0.5,-0.1 -0.2,-0.1 -0.4,-0.3 -0.2,-0.2 -0.3,-0.4 -0.1,-0.2 -0.1,-0.5 0,-0.3 0.1,-0.5 0.1,-0.2 0.3,-0.4 0.2,-0.2 0.4,-0.3 0.2,-0.1 0.5,-0.1 0.3,0 0.5,0.1 0.2,0.1 0.4,0.3 0.2,0.2 0.3,0.4 0.1,0.2 0.1,0.5 z"
                style="fill:#000000;stroke:none"
            />
            <path
                id="stock-market-heading-dividend-v"
                d="m 805.3,242.2 h 1.5 q 0.2,0 0.4,0.1 0.1,0.1 0.2,0.3 l 2.6,6.5 q 0.1,0.4 0.2,0.7 0.1,0.4 0.2,0.7 0.1,-0.4 0.2,-0.7 0.1,-0.4 0.2,-0.7 l 2.6,-6.5 q 0.1,-0.2 0.2,-0.3 0.1,-0.1 0.3,-0.1 h 1.4 l -4.1,10.1 h -1.6 z"
                style="fill:#000000;stroke:none"
            />
            <path
                id="stock-market-heading-dividend-i-2"
                d="m 818.7,242.2 v 10.1 h -1.8 v -10.1 z m 0.4,-3.2 q 0,0.3 -0.1,0.5 -0.1,0.2 -0.3,0.4 -0.2,0.2 -0.4,0.3 -0.2,0.1 -0.5,0.1 -0.3,0 -0.5,-0.1 -0.2,-0.1 -0.4,-0.3 -0.2,-0.2 -0.3,-0.4 -0.1,-0.2 -0.1,-0.5 0,-0.3 0.1,-0.5 0.1,-0.2 0.3,-0.4 0.2,-0.2 0.4,-0.3 0.2,-0.1 0.5,-0.1 0.3,0 0.5,0.1 0.2,0.1 0.4,0.3 0.2,0.2 0.3,0.4 0.1,0.2 0.1,0.5 z"
                style="fill:#000000;stroke:none"
            />
            <path
                id="stock-market-heading-dividend-d-2"
                d="m 828.9,252.3 q -0.4,0 -0.5,-0.4 l -0.2,-1.2 q -0.7,0.8 -1.5,1.3 -0.8,0.5 -1.9,0.5 -0.9,0 -1.6,-0.3 -0.7,-0.3 -1.2,-1.0 -0.5,-0.7 -0.8,-1.6 -0.3,-1.0 -0.3,-2.2 0,-1.1 0.3,-2.1 0.3,-1.0 0.9,-1.7 0.6,-0.7 1.4,-1.1 0.8,-0.4 1.8,-0.4 0.9,0 1.6,0.3 0.7,0.3 1.2,0.9 v -5.6 h 1.8 v 14.7 z m -3.5,-1.3 q 0.9,0 1.5,-0.4 0.7,-0.4 1.2,-1.1 v -4.9 q -0.5,-0.7 -1.1,-0.9 -0.6,-0.3 -1.3,-0.3 -1.4,0 -2.2,1.0 -0.8,1.0 -0.8,2.9 0,1.0 0.2,1.7 0.2,0.7 0.5,1.2 0.3,0.5 0.8,0.7 0.5,0.2 1.1,0.2 z"
                style="fill:#000000;stroke:none"
            />
            <path
                id="stock-market-heading-dividend-e"
                d="m 837.0,242.0 q 0.9,0 1.7,0.3 0.8,0.3 1.3,0.9 0.6,0.6 0.9,1.4 0.3,0.8 0.3,1.9 0,0.4 -0.1,0.6 -0.1,0.1 -0.3,0.1 h -6.8 q 0,1.0 0.3,1.7 0.2,0.7 0.7,1.2 0.4,0.5 1,0.7 0.6,0.2 1.3,0.2 0.7,0 1.2,-0.2 0.5,-0.2 0.8,-0.3 0.4,-0.2 0.6,-0.3 0.2,-0.2 0.4,-0.2 0.2,0 0.3,0.2 l 0.5,0.7 q -0.3,0.4 -0.8,0.7 -0.5,0.3 -1.0,0.5 -0.5,0.2 -1.1,0.3 -0.6,0.1 -1.1,0.1 -1.1,0 -1.9,-0.4 -0.9,-0.4 -1.5,-1.0 -0.6,-0.7 -1.0,-1.7 -0.4,-1.0 -0.4,-2.3 0,-1.1 0.3,-2.0 0.3,-0.9 0.9,-1.6 0.6,-0.7 1.5,-1.1 0.9,-0.4 2.0,-0.4 z m 0,1.3 q -1.3,0 -2.0,0.8 -0.7,0.7 -0.9,2.1 h 5.5 q 0,-0.6 -0.2,-1.1 -0.2,-0.5 -0.5,-0.9 -0.3,-0.4 -0.8,-0.6 -0.5,-0.2 -1.1,-0.2 z"
                style="fill:#000000;stroke:none"
            />
            <path
                id="stock-market-heading-dividend-n"
                d="m 843.4,252.3 v -10.1 h 1.1 q 0.4,0 0.5,0.4 l 0.2,1.1 q 0.7,-0.7 1.5,-1.2 0.8,-0.5 1.9,-0.5 0.8,0 1.5,0.3 0.6,0.3 1.1,0.8 0.4,0.5 0.7,1.2 0.2,0.7 0.2,1.6 v 6.5 h -1.8 v -6.5 q 0,-1.2 -0.5,-1.8 -0.5,-0.6 -1.6,-0.6 -0.8,0 -1.5,0.4 -0.7,0.4 -1.3,1.0 v 7.5 z"
                style="fill:#000000;stroke:none"
            />
            <path
                id="stock-market-heading-dividend-d-3"
                d="m 861.8,252.3 q -0.4,0 -0.5,-0.4 l -0.2,-1.2 q -0.7,0.8 -1.5,1.3 -0.8,0.5 -1.9,0.5 -0.9,0 -1.6,-0.3 -0.7,-0.3 -1.2,-1.0 -0.5,-0.7 -0.8,-1.6 -0.3,-1.0 -0.3,-2.2 0,-1.1 0.3,-2.1 0.3,-1.0 0.9,-1.7 0.6,-0.7 1.4,-1.1 0.8,-0.4 1.8,-0.4 0.9,0 1.6,0.3 0.7,0.3 1.2,0.9 v -5.6 h 1.8 v 14.7 z m -3.5,-1.3 q 0.9,0 1.5,-0.4 0.7,-0.4 1.2,-1.1 v -4.9 q -0.5,-0.7 -1.1,-0.9 -0.6,-0.3 -1.3,-0.3 -1.4,0 -2.2,1.0 -0.8,1.0 -0.8,2.9 0,1.0 0.2,1.7 0.2,0.7 0.5,1.2 0.3,0.5 0.8,0.7 0.5,0.2 1.1,0.2 z"
                style="fill:#000000;stroke:none"
            />
        </g>
        <rect
            id="stock-market-row-1"
            x="500"
            y="270"
            width="400"
            height="50"
            style="fill:#e9ffdb;stroke:#000000;stroke-width:0.5px"
        />
        <g id="stock-price-300">
            <path
                id="stock-price-300-3"
                d="m 557.7,284.0 q 1.4,0 2.5,0.4 1.2,0.4 2.0,1.1 0.8,0.7 1.3,1.7 0.5,1.0 0.5,2.3 0,1.0 -0.3,1.8 -0.3,0.8 -0.8,1.4 -0.5,0.6 -1.2,1.0 -0.7,0.4 -1.5,0.7 2.1,0.6 3.2,1.9 1.1,1.3 1.1,3.3 0,1.5 -0.6,2.7 -0.6,1.2 -1.5,2.0 -1.0,0.8 -2.3,1.3 -1.3,0.4 -2.8,0.4 -1.7,0 -2.9,-0.4 -1.2,-0.4 -2.1,-1.2 -0.8,-0.8 -1.4,-1.8 -0.5,-1.0 -0.9,-2.2 l 1.2,-0.5 q 0.5,-0.2 0.9,-0.1 0.4,0.1 0.6,0.5 0.2,0.4 0.5,1.0 0.3,0.6 0.8,1.1 0.5,0.5 1.3,0.9 0.8,0.4 2.0,0.4 1.1,0 2.0,-0.4 0.9,-0.4 1.4,-1.0 0.6,-0.6 0.9,-1.3 0.3,-0.7 0.3,-1.4 0,-0.9 -0.2,-1.6 -0.2,-0.7 -0.8,-1.2 -0.6,-0.5 -1.7,-0.8 -1.1,-0.3 -2.7,-0.3 v -1.9 q 1.4,0 2.3,-0.3 1.0,-0.3 1.6,-0.8 0.6,-0.5 0.9,-1.2 0.3,-0.7 0.3,-1.5 0,-0.9 -0.3,-1.6 -0.3,-0.7 -0.8,-1.1 -0.5,-0.5 -1.2,-0.7 -0.7,-0.2 -1.5,-0.2 -0.8,0 -1.5,0.2 -0.7,0.2 -1.2,0.7 -0.5,0.4 -0.9,1.0 -0.4,0.6 -0.5,1.3 -0.2,0.5 -0.5,0.7 -0.3,0.2 -0.8,0.1 l -1.4,-0.2 q 0.2,-1.5 0.8,-2.6 0.6,-1.1 1.5,-1.9 0.9,-0.8 2.1,-1.2 1.2,-0.4 2.6,-0.4 z"
                style="fill:#000000;stroke:none"
            />
            <path
                id="stock-price-300-0-1"
                d="m 582.6,295.0 q 0,2.8 -0.6,4.9 -0.6,2.1 -1.7,3.4 -1.1,1.4 -2.5,2.0 -1.4,0.7 -3.1,0.7 -1.7,0 -3.1,-0.7 -1.4,-0.7 -2.5,-2.0 -1.1,-1.4 -1.7,-3.4 -0.6,-2.1 -0.6,-4.9 0,-2.8 0.6,-4.9 0.6,-2.1 1.7,-3.4 1.1,-1.4 2.5,-2.0 1.4,-0.7 3.1,-0.7 1.6,0 3.1,0.7 1.4,0.7 2.5,2.0 1.1,1.4 1.7,3.4 0.6,2.1 0.6,4.9 z m -2.8,0 q 0,-2.5 -0.4,-4.1 -0.4,-1.7 -1.1,-2.7 -0.7,-1.0 -1.6,-1.5 -0.9,-0.5 -1.9,-0.5 -1.0,0 -1.9,0.5 -0.9,0.4 -1.6,1.5 -0.7,1.0 -1.1,2.7 -0.4,1.7 -0.4,4.1 0,2.5 0.4,4.1 0.4,1.7 1.1,2.7 0.7,1.0 1.6,1.5 0.9,0.4 1.9,0.4 1.0,0 1.9,-0.4 0.9,-0.5 1.6,-1.5 0.7,-1.0 1.1,-2.7 0.4,-1.7 0.4,-4.1 z"
                style="fill:#000000;stroke:none"
            />
            <path
                id="stock-price-300-0-2"
                d="m 600.0,295.0 q 0,2.8 -0.6,4.9 -0.6,2.1 -1.7,3.4 -1.1,1.4 -2.5,2.0 -1.4,0.7 -3.1,0.7 -1.7,0 -3.1,-0.7 -1.4,-0.7 -2.5,-2.0 -1.1,-1.4 -1.7,-3.4 -0.6,-2.1 -0.6,-4.9 0,-2.8 0.6,-4.9 0.6,-2.1 1.7,-3.4 1.1,-1.4 2.5,-2.0 1.4,-0.7 3.1,-0.7 1.6,0 3.1,0.7 1.4,0.7 2.5,2.0 1.1,1.4 1.7,3.4 0.6,2.1 0.6,4.9 z m -2.8,0 q 0,-2.5 -0.4,-4.1 -0.4,-1.7 -1.1,-2.7 -0.7,-1.0 -1.6,-1.5 -0.9,-0.5 -1.9,-0.5 -1.0,0 -1.9,0.5 -0.9,0.4 -1.6,1.5 -0.7,1.0 -1.1,2.7 -0.4,1.7 -0.4,4.1 0,2.5 0.4,4.1 0.4,1.7 1.1,2.7 0.7,1.0 1.6,1.5 0.9,0.4 1.9,0.4 1.0,0 1.9,-0.4 0.9,-0.5 1.6,-1.5 0.7,-1.0 1.1,-2.7 0.4,-1.7 0.4,-4.1 z"
                style="fill:#000000;stroke:none"
            />
        </g>
        <g id="high-price-row-1">
            <path
                id="high-price-row-1-die"
                d="m 690.0,284.9 -8.9,4.1 8.9,4.1 8.9,-4.1 z m -9.4,4.7 v 11.2 l 9.1,4.2 v -11.2 z m 18.9,0 -9.1,4.2 v 11.2 l 9.1,-4.2 z"
                style="fill:#000000;stroke:none"
            />
            <path
                id="high-price-row-1-1"
                d="m 705.6,299.4 h 2.3 V 292.0 q 0,-0.3 0,-0.7 l -1.9,1.6 q -0.1,0.1 -0.2,0.1 -0.1,0 -0.2,0 -0.1,0 -0.2,-0.1 -0.1,0 -0.1,-0.1 l -0.4,-0.6 3.2,-2.8 h 1.1 v 9.8 h 2.1 v 1.0 h -5.8 z"
                style="fill:#000000;stroke:none"
            />
            <path
                id="high-price-row-1-0-1"
                d="m 720.7,295.0 q 0,1.4 -0.3,2.4 -0.3,1.0 -0.8,1.7 -0.5,0.7 -1.2,1.0 -0.7,0.3 -1.5,0.3 -0.8,0 -1.5,-0.3 -0.7,-0.3 -1.2,-1.0 -0.5,-0.7 -0.8,-1.7 -0.3,-1.0 -0.3,-2.4 0,-1.4 0.3,-2.4 0.3,-1.0 0.8,-1.7 0.5,-0.7 1.2,-1.01 0.7,-0.3 1.5,-0.3 0.8,0 1.5,0.3 0.7,0.3 1.2,1.0 0.5,0.7 0.8,1.7 0.3,1.0 0.3,2.4 z m -1.4,0 q 0,-1.2 -0.2,-2.1 -0.2,-0.8 -0.6,-1.4 -0.3,-0.5 -0.8,-0.7 -0.5,-0.2 -1.0,-0.2 -0.5,0 -1.0,0.2 -0.5,0.2 -0.8,0.7 -0.3,0.5 -0.6,1.4 -0.2,0.8 -0.2,2.1 0,1.2 0.2,2.1 0.2,0.8 0.6,1.3 0.3,0.5 0.8,0.7 0.5,0.2 1.0,0.2 0.5,0 1.0,-0.2 0.5,-0.2 0.8,-0.7 0.4,-0.5 0.6,-1.3 0.2,-0.8 0.2,-2.1 z"
                style="fill:#000000;stroke:none"
            />
            <path
                id="high-price-row-1-0-2"
                d="m 729.4,295.0 q 0,1.4 -0.3,2.4 -0.3,1.0 -0.8,1.7 -0.5,0.7 -1.2,1.0 -0.7,0.3 -1.5,0.3 -0.8,0 -1.5,-0.3 -0.7,-0.3 -1.2,-1.0 -0.5,-0.7 -0.8,-1.7 -0.3,-1.0 -0.3,-2.4 0,-1.4 0.3,-2.4 0.3,-1.0 0.8,-1.7 0.5,-0.7 1.2,-1.01 0.7,-0.3 1.5,-0.3 0.8,0 1.5,0.3 0.7,0.3 1.2,1.0 0.5,0.7 0.8,1.7 0.3,1.0 0.3,2.4 z m -1.4,0 q 0,-1.2 -0.2,-2.1 -0.2,-0.8 -0.6,-1.4 -0.3,-0.5 -0.8,-0.7 -0.5,-0.2 -1.0,-0.2 -0.5,0 -1.0,0.2 -0.5,0.2 -0.8,0.7 -0.3,0.5 -0.6,1.4 -0.2,0.8 -0.2,2.1 0,1.2 0.2,2.1 0.2,0.8 0.6,1.3 0.3,0.5 0.8,0.7 0.5,0.2 1.0,0.2 0.5,0 1.0,-0.2 0.5,-0.2 0.8,-0.7 0.4,-0.5 0.6,-1.3 0.2,-0.8 0.2,-2.1 z"
                style="fill:#000000;stroke:none"
            />
        </g>
        <g id="dividend-80">
            <path
                id="dividend-80-8"
                d="m 816.0,306.0 q -1.6,0 -2.9,-0.4 -1.3,-0.4 -2.3,-1.2 -1.0,-0.8 -1.5,-1.9 -0.5,-1.1 -0.5,-2.6 0,-2.1 1.1,-3.4 1.1,-1.4 3.1,-1.9 -1.7,-0.6 -2.6,-1.9 -0.9,-1.3 -0.9,-3.0 0,-1.2 0.5,-2.2 0.5,-1.0 1.3,-1.8 0.9,-0.8 2.0,-1.2 1.2,-0.4 2.7,-0.4 1.5,0 2.7,0.4 1.2,0.4 2.1,1.2 0.9,0.8 1.3,1.8 0.5,1.0 0.5,2.2 0,1.7 -0.9,3.0 -0.9,1.2 -2.6,1.9 2.0,0.6 3.1,1.9 1.1,1.3 1.1,3.4 0,1.4 -0.5,2.6 -0.5,1.1 -1.5,1.9 -0.9,0.8 -2.3,1.2 -1.3,0.4 -2.9,0.4 z m 0,-2.1 q 1.1,0 1.9,-0.3 0.8,-0.3 1.4,-0.8 0.6,-0.5 0.9,-1.3 0.3,-0.8 0.3,-1.7 0,-1.1 -0.4,-1.9 -0.4,-0.8 -1.0,-1.3 -0.6,-0.5 -1.4,-0.7 -0.8,-0.2 -1.7,-0.2 -0.9,0 -1.7,0.2 -0.8,0.2 -1.4,0.7 -0.6,0.5 -1.0,1.3 -0.4,0.8 -0.4,1.9 0,0.9 0.3,1.7 0.3,0.7 0.9,1.3 0.6,0.5 1.4,0.8 0.8,0.3 1.9,0.3 z m 0,-10.3 q 1.1,0 1.8,-0.3 0.8,-0.3 1.2,-0.9 0.5,-0.5 0.7,-1.2 0.2,-0.7 0.2,-1.4 0,-0.8 -0.3,-1.4 -0.2,-0.7 -0.7,-1.2 -0.5,-0.5 -1.2,-0.8 -0.7,-0.3 -1.7,-0.3 -1.0,0 -1.7,0.3 -0.7,0.3 -1.2,0.8 -0.5,0.5 -0.7,1.2 -0.2,0.7 -0.2,1.4 0,0.7 0.2,1.4 0.2,0.7 0.7,1.2 0.5,0.5 1.2,0.9 0.8,0.3 1.8,0.3 z"
                style="fill:#000000;stroke:none"
            />
            <path
                id="dividend-80-0"
                d="m 841.2,295.0 q 0,2.8 -0.6,4.9 -0.6,2.1 -1.7,3.4 -1.1,1.4 -2.5,2.0 -1.4,0.7 -3.1,0.7 -1.7,0 -3.1,-0.7 -1.4,-0.7 -2.5,-2.0 -1.1,-1.4 -1.7,-3.4 -0.6,-2.1 -0.6,-4.9 0,-2.8 0.6,-4.9 0.6,-2.1 1.7,-3.4 1.1,-1.4 2.5,-2.0 1.4,-0.7 3.1,-0.7 1.6,0 3.1,0.7 1.4,0.7 2.5,2.0 1.1,1.4 1.7,3.4 0.6,2.1 0.6,4.9 z m -2.8,0 q 0,-2.5 -0.4,-4.1 -0.4,-1.7 -1.1,-2.7 -0.7,-1.0 -1.6,-1.5 -0.9,-0.5 -1.9,-0.5 -1.0,0 -1.9,0.5 -0.9,0.4 -1.6,1.5 -0.7,1.0 -1.1,2.7 -0.4,1.7 -0.4,4.1 0,2.5 0.4,4.1 0.4,1.7 1.1,2.7 0.7,1.0 1.6,1.5 0.9,0.4 1.9,0.4 1.0,0 1.9,-0.4 0.9,-0.5 1.6,-1.5 0.7,-1.0 1.1,-2.7 0.4,-1.7 0.4,-4.1 z"
                style="fill:#000000;stroke:none"
            />
        </g>
        <rect
            id="stock-market-row-2"
            x="500"
            y="320"
            width="400"
            height="50"
            style="fill:#e9ffdb;stroke:#000000;stroke-width:0.5px"
        />
        <g id="stock-price-260">
            <path
                id="stock-price-260-2"
                d="m 557.5,334.0 q 1.4,0 2.6,0.4 1.2,0.4 2.1,1.2 0.9,0.8 1.4,1.9 0.5,1.1 0.5,2.5 0,1.2 -0.4,2.2 -0.4,1.0 -1.0,2.0 -0.6,0.9 -1.4,1.8 -0.8,0.9 -1.7,1.8 l -5.7,5.8 q 0.6,-0.2 1.2,-0.3 0.6,-0.1 1.2,-0.1 h 7.2 q 0.4,0 0.7,0.3 0.3,0.3 0.3,0.7 v 1.6 h -14.3 v -0.9 q 0,-0.3 0.1,-0.6 0.1,-0.3 0.4,-0.6 l 6.9,-6.9 q 0.9,-0.9 1.6,-1.7 0.7,-0.8 1.2,-1.6 0.5,-0.8 0.8,-1.6 0.3,-0.8 0.3,-1.8 0,-0.9 -0.3,-1.7 -0.3,-0.7 -0.8,-1.2 -0.5,-0.5 -1.2,-0.7 -0.7,-0.2 -1.5,-0.2 -0.8,0 -1.5,0.2 -0.7,0.2 -1.2,0.7 -0.5,0.4 -0.9,1.0 -0.4,0.6 -0.5,1.3 -0.2,0.5 -0.5,0.7 -0.3,0.2 -0.9,0.1 l -1.4,-0.2 q 0.2,-1.5 0.8,-2.6 0.6,-1.1 1.5,-1.9 0.9,-0.8 2.1,-1.2 1.2,-0.4 2.6,-0.4 z"
                style="fill:#000000;stroke:none"
            />
            <path
                id="stock-price-260-6"
                d="m 573.2,342.3 q -0.3,0.4 -0.6,0.7 -0.3,0.3 -0.5,0.7 0.8,-0.5 1.7,-0.8 0.9,-0.3 2.0,-0.3 1.3,0 2.5,0.4 1.2,0.4 2.0,1.2 0.9,0.8 1.4,2.0 0.5,1.2 0.5,2.7 0,1.5 -0.5,2.8 -0.5,1.3 -1.5,2.2 -1.0,0.9 -2.3,1.5 -1.4,0.5 -3.0,0.5 -1.6,0 -2.9,-0.5 -1.3,-0.5 -2.3,-1.5 -0.9,-1.0 -1.4,-2.3 -0.5,-1.4 -0.5,-3.0 0,-1.4 0.6,-3 0.6,-1.6 2.0,-3.4 l 5.5,-7.3 q 0.2,-0.3 0.6,-0.5 0.4,-0.2 0.9,-0.2 h 2.4 z m -2.9,6.8 q 0,1.0 0.3,1.9 0.3,0.9 0.9,1.5 0.6,0.6 1.4,1.0 0.8,0.3 1.9,0.3 1.1,0 2.0,-0.3 0.9,-0.3 1.5,-1.0 0.6,-0.6 1.0,-1.5 0.3,-0.8 0.3,-1.8 0,-1.1 -0.3,-1.9 -0.3,-0.9 -0.9,-1.4 -0.6,-0.6 -1.4,-0.9 -0.8,-0.3 -1.8,-0.3 -1.1,0 -2.0,0.4 -0.9,0.4 -1.5,1.0 -0.6,0.6 -0.9,1.4 -0.3,0.8 -0.3,1.7 z"
                style="fill:#000000;stroke:none"
            />
            <path
                id="stock-price-260-0"
                d="m 600.0,345.0 q 0,2.8 -0.6,4.9 -0.6,2.1 -1.7,3.4 -1.1,1.4 -2.5,2.0 -1.4,0.7 -3.1,0.7 -1.7,0 -3.1,-0.7 -1.4,-0.7 -2.5,-2.0 -1.1,-1.4 -1.7,-3.4 -0.6,-2.1 -0.6,-4.9 0,-2.8 0.6,-4.9 0.6,-2.1 1.7,-3.4 1.1,-1.4 2.5,-2.0 1.4,-0.7 3.1,-0.7 1.6,0 3.1,0.7 1.4,0.7 2.5,2.0 1.1,1.4 1.7,3.4 0.6,2.1 0.6,4.9 z m -2.8,0 q 0,-2.5 -0.4,-4.1 -0.4,-1.7 -1.1,-2.7 -0.7,-1.0 -1.6,-1.5 -0.9,-0.5 -1.9,-0.5 -1.0,0 -1.9,0.5 -0.9,0.4 -1.6,1.5 -0.7,1.0 -1.1,2.7 -0.4,1.7 -0.4,4.1 0,2.5 0.4,4.1 0.4,1.7 1.1,2.7 0.7,1.0 1.6,1.5 0.9,0.4 1.9,0.4 1.0,0 1.9,-0.4 0.9,-0.5 1.6,-1.5 0.7,-1.0 1.1,-2.7 0.4,-1.7 0.4,-4.1 z"
                style="fill:#000000;stroke:none"
            />
        </g>
        <g id="high-price-row-2">
            <path
                id="high-price-row-2-die"
                d="m 690.0,335.0 -8.9,4.1 8.9,4.1 8.9,-4.1 z m -9.4,4.7 v 11.2 l 9.1,4.2 v -11.2 z m 18.9,0 -9.1,4.2 v 11.2 l 9.1,-4.2 z"
                style="fill:#000000;stroke:none"
            />
            <path
                id="high-price-row-2-1"
                d="m 705.6,349.5 h 2.3 v -7.4 q 0,-0.3 0,-0.7 l -1.9,1.6 q -0.1,0.1 -0.2,0.1 -0.1,0 -0.2,0 -0.1,0 -0.2,-0.1 -0.1,0 -0.1,-0.1 l -0.4,-0.6 3.2,-2.8 h 1.1 v 9.8 h 2.1 v 1 h -5.8 z"
                style="fill:#000000;stroke:none"
            />
            <path
                id="high-price-row-2-0-1"
                d="m 720.7,345.1 q 0,1.4 -0.3,2.4 -0.3,1 -0.8,1.7 -0.5,0.7 -1.2,1 -0.7,0.3 -1.5,0.3 -0.8,0 -1.5,-0.3 -0.7,-0.3 -1.2,-1 -0.5,-0.7 -0.8,-1.7 -0.3,-1 -0.3,-2.4 0,-1.4 0.3,-2.4 0.3,-1 0.8,-1.7 0.5,-0.7 1.2,-1.0 0.7,-0.3 1.5,-0.3 0.8,0 1.5,0.3 0.7,0.3 1.2,1 0.5,0.7 0.8,1.7 0.3,1 0.3,2.4 z m -1.4,0 q 0,-1.2 -0.2,-2.1 -0.2,-0.8 -0.6,-1.4 -0.3,-0.5 -0.8,-0.7 -0.5,-0.2 -1,-0.2 -0.5,0 -1,0.2 -0.5,0.2 -0.8,0.7 -0.3,0.5 -0.6,1.4 -0.2,0.8 -0.2,2.1 0,1.2 0.2,2.1 0.2,0.8 0.6,1.3 0.3,0.5 0.8,0.7 0.5,0.2 1,0.2 0.5,0 1,-0.2 0.5,-0.2 0.8,-0.7 0.4,-0.5 0.6,-1.3 0.2,-0.8 0.2,-2.1 z"
                style="fill:#000000;stroke:none"
            />
            <path
                id="high-price-row-2-0-2"
                d="m 729.4,345.1 q 0,1.4 -0.3,2.4 -0.3,1.0 -0.8,1.7 -0.5,0.7 -1.2,1.0 -0.7,0.3 -1.5,0.3 -0.8,0 -1.5,-0.3 -0.7,-0.3 -1.2,-1.0 -0.5,-0.7 -0.8,-1.7 -0.3,-1.0 -0.3,-2.4 0,-1.4 0.3,-2.4 0.3,-1.0 0.8,-1.7 0.5,-0.7 1.2,-1.01 0.7,-0.3 1.5,-0.3 0.8,0 1.5,0.3 0.7,0.3 1.2,1.0 0.5,0.7 0.8,1.7 0.3,1.0 0.3,2.4 z m -1.4,0 q 0,-1.2 -0.2,-2.1 -0.2,-0.8 -0.6,-1.4 -0.3,-0.5 -0.8,-0.7 -0.5,-0.2 -1.0,-0.2 -0.5,0 -1.0,0.2 -0.5,0.2 -0.8,0.7 -0.3,0.5 -0.6,1.4 -0.2,0.8 -0.2,2.1 0,1.2 0.2,2.1 0.2,0.8 0.6,1.3 0.3,0.5 0.8,0.7 0.5,0.2 1.0,0.2 0.5,0 1.0,-0.2 0.5,-0.2 0.8,-0.7 0.4,-0.5 0.6,-1.3 0.2,-0.8 0.2,-2.1 z"
                style="fill:#000000;stroke:none"
            />
        </g>
        <g id="dividend-60">
            <path
                id="dividend-60-6"
                d="m 814.4,342.3 q -0.3,0.4 -0.6,0.7 -0.3,0.3 -0.5,0.7 0.8,-0.5 1.7,-0.8 0.9,-0.3 2.0,-0.3 1.3,0 2.5,0.4 1.2,0.4 2.0,1.2 0.9,0.8 1.4,2.0 0.5,1.2 0.5,2.7 0,1.5 -0.5,2.8 -0.5,1.3 -1.5,2.2 -1.0,0.9 -2.3,1.5 -1.4,0.5 -3.0,0.5 -1.6,0 -2.9,-0.5 -1.3,-0.5 -2.3,-1.5 -0.9,-1.0 -1.4,-2.3 -0.5,-1.4 -0.5,-3.0 0,-1.4 0.6,-3.0 0.6,-1.6 2.0,-3.4 l 5.5,-7.3 q 0.2,-0.3 0.6,-0.5 0.4,-0.2 0.9,-0.2 h 2.4 z m -2.9,6.8 q 0,1.0 0.3,1.9 0.3,0.9 0.9,1.5 0.6,0.6 1.4,1.0 0.8,0.3 1.9,0.3 1.1,0 2.0,-0.3 0.9,-0.3 1.5,-1.0 0.6,-0.6 1.0,-1.5 0.3,-0.8 0.3,-1.8 0,-1.1 -0.3,-1.9 -0.3,-0.9 -0.9,-1.4 -0.6,-0.6 -1.4,-0.9 -0.8,-0.3 -1.8,-0.3 -1.1,0 -2.0,0.4 -0.9,0.4 -1.5,1.0 -0.6,0.6 -0.9,1.4 -0.3,0.8 -0.3,1.7 z"
                style="fill:#000000;stroke:none"
            />
            <path
                id="dividend-60-0"
                d="m 841.1,345.0 q 0,2.8 -0.6,4.9 -0.6,2.1 -1.7,3.4 -1.1,1.4 -2.5,2.0 -1.4,0.7 -3.1,0.7 -1.7,0 -3.1,-0.7 -1.4,-0.7 -2.5,-2.0 -1.1,-1.4 -1.7,-3.4 -0.6,-2.1 -0.6,-4.9 0,-2.8 0.6,-4.9 0.6,-2.1 1.7,-3.4 1.1,-1.4 2.5,-2.0 1.4,-0.7 3.1,-0.7 1.6,0 3.1,0.7 1.4,0.7 2.5,2.0 1.1,1.4 1.7,3.4 0.6,2.1 0.6,4.9 z m -2.8,0 q 0,-2.5 -0.4,-4.1 -0.4,-1.7 -1.1,-2.7 -0.7,-1.0 -1.6,-1.5 -0.9,-0.5 -1.9,-0.5 -1.0,0 -1.9,0.5 -0.9,0.4 -1.6,1.5 -0.7,1.0 -1.1,2.7 -0.4,1.7 -0.4,4.1 0,2.5 0.4,4.1 0.4,1.7 1.1,2.7 0.7,1.0 1.6,1.5 0.9,0.4 1.9,0.4 1.0,0 1.9,-0.4 0.9,-0.5 1.6,-1.5 0.7,-1.0 1.1,-2.7 0.4,-1.7 0.4,-4.1 z"
                style="fill:#000000;stroke:none"
            />
        </g>
        <rect
            id="stock-market-row-3"
            x="500"
            y="370"
            width="400"
            height="50"
            style="fill:#e9ffdb;stroke:#000000;stroke-width:0.5px"
        />
        <g id="stock-price-220">
            <path
                id="stock-price-220-2-1"
                d="m 557.5,384.0 q 1.4,0 2.6,0.4 1.2,0.4 2.1,1.2 0.9,0.8 1.4,1.9 0.5,1.1 0.5,2.5 0,1.2 -0.4,2.2 -0.4,1.0 -1.0,2.0 -0.6,0.9 -1.4,1.8 -0.8,0.9 -1.7,1.8 l -5.7,5.8 q 0.6,-0.2 1.2,-0.3 0.6,-0.1 1.2,-0.1 h 7.2 q 0.4,0 0.7,0.3 0.3,0.3 0.3,0.7 v 1.6 h -14.3 v -0.9 q 0,-0.3 0.1,-0.6 0.1,-0.3 0.4,-0.6 l 6.9,-6.9 q 0.9,-0.9 1.6,-1.7 0.7,-0.8 1.2,-1.6 0.5,-0.8 0.8,-1.6 0.3,-0.8 0.3,-1.8 0,-0.9 -0.3,-1.7 -0.3,-0.7 -0.8,-1.2 -0.5,-0.5 -1.2,-0.7 -0.7,-0.2 -1.5,-0.2 -0.8,0 -1.5,0.2 -0.7,0.2 -1.2,0.7 -0.5,0.4 -0.9,1.0 -0.4,0.6 -0.5,1.3 -0.2,0.5 -0.5,0.7 -0.3,0.2 -0.9,0.1 l -1.4,-0.2 q 0.2,-1.5 0.8,-2.6 0.6,-1.1 1.5,-1.9 0.9,-0.8 2.1,-1.2 1.2,-0.4 2.6,-0.4 z"
                style="fill:#000000;stroke:none"
            />
            <path
                id="stock-price-220-2-2"
                d="m 574.9,384.0 q 1.4,0 2.6,0.4 1.2,0.4 2.1,1.2 0.9,0.8 1.4,1.9 0.5,1.1 0.5,2.5 0,1.2 -0.4,2.2 -0.4,1.0 -1.0,2.0 -0.6,0.9 -1.4,1.8 -0.8,0.9 -1.7,1.8 l -5.7,5.8 q 0.6,-0.2 1.2,-0.3 0.6,-0.1 1.2,-0.1 h 7.2 q 0.4,0 0.7,0.3 0.3,0.3 0.3,0.7 v 1.6 h -14.3 v -0.9 q 0,-0.3 0.1,-0.6 0.1,-0.3 0.4,-0.6 l 6.9,-6.9 q 0.9,-0.9 1.6,-1.7 0.7,-0.8 1.2,-1.6 0.5,-0.8 0.8,-1.6 0.3,-0.8 0.3,-1.8 0,-0.9 -0.3,-1.7 -0.3,-0.7 -0.8,-1.2 -0.5,-0.5 -1.2,-0.7 -0.7,-0.2 -1.5,-0.2 -0.8,0 -1.5,0.2 -0.7,0.2 -1.2,0.7 -0.5,0.4 -0.9,1.0 -0.4,0.6 -0.5,1.3 -0.2,0.5 -0.5,0.7 -0.3,0.2 -0.9,0.1 l -1.4,-0.2 q 0.2,-1.5 0.8,-2.6 0.6,-1.1 1.5,-1.9 0.9,-0.8 2.1,-1.2 1.2,-0.4 2.6,-0.4 z"
                style="fill:#000000;stroke:none"
            />
            <path
                id="stock-price-220-0"
                d="m 599.9,395.0 q 0,2.8 -0.6,4.9 -0.6,2.1 -1.7,3.4 -1.1,1.4 -2.5,2.0 -1.4,0.7 -3.1,0.7 -1.7,0 -3.1,-0.7 -1.4,-0.7 -2.5,-2.0 -1.1,-1.4 -1.7,-3.4 -0.6,-2.1 -0.6,-4.9 0,-2.8 0.6,-4.9 0.6,-2.1 1.7,-3.4 1.1,-1.4 2.5,-2.0 1.4,-0.7 3.1,-0.7 1.6,0 3.1,0.7 1.4,0.7 2.5,2.0 1.1,1.4 1.7,3.4 0.6,2.1 0.6,4.9 z m -2.8,0 q 0,-2.5 -0.4,-4.1 -0.4,-1.7 -1.1,-2.7 -0.7,-1.0 -1.6,-1.5 -0.9,-0.5 -1.9,-0.5 -1.0,0 -1.9,0.5 -0.9,0.4 -1.6,1.5 -0.7,1.0 -1.1,2.7 -0.4,1.7 -0.4,4.1 0,2.5 0.4,4.1 0.4,1.7 1.1,2.7 0.7,1.0 1.6,1.5 0.9,0.4 1.9,0.4 1.0,0 1.9,-0.4 0.9,-0.5 1.6,-1.5 0.7,-1.0 1.1,-2.7 0.4,-1.7 0.4,-4.1 z"
                style="fill:#000000;stroke:none"
            />
        </g>
        <g id="high-price-row-3">
            <path
                id="high-price-row-3-die"
                d="m 690.0,385.0 -8.9,4.1 8.9,4.1 8.9,-4.1 z m -9.4,4.7 v 11.2 l 9.1,4.2 v -11.2 z m 18.9,0 -9.1,4.2 v 11.2 l 9.1,-4.2 z"
                style="fill:#000000;stroke:none"
            />
            <path
                id="high-price-row-3-1"
                d="m 705.6,399.5 h 2.3 v -7.4 q 0,-0.3 0,-0.7 l -1.9,1.6 q -0.1,0.1 -0.2,0.1 -0.1,0 -0.2,0 -0.1,0 -0.2,-0.1 -0.1,0 -0.1,-0.1 l -0.4,-0.6 3.2,-2.8 h 1.1 v 9.8 h 2.1 v 1 h -5.8 z"
                style="fill:#000000;stroke:none"
            />
            <path
                id="high-price-row-3-0-1"
                d="m 720.7,395.1 q 0,1.4 -0.3,2.4 -0.3,1.0 -0.8,1.7 -0.5,0.7 -1.2,1.0 -0.7,0.3 -1.5,0.3 -0.8,0 -1.5,-0.3 -0.7,-0.3 -1.2,-1.0 -0.5,-0.7 -0.8,-1.7 -0.3,-1.0 -0.3,-2.4 0,-1.4 0.3,-2.4 0.3,-1.0 0.8,-1.7 0.5,-0.7 1.2,-1.01 0.7,-0.3 1.5,-0.3 0.8,0 1.5,0.3 0.7,0.3 1.2,1.0 0.5,0.7 0.8,1.7 0.3,1.0 0.3,2.4 z m -1.4,0 q 0,-1.2 -0.2,-2.1 -0.2,-0.8 -0.6,-1.4 -0.3,-0.5 -0.8,-0.7 -0.5,-0.2 -1.0,-0.2 -0.5,0 -1.0,0.2 -0.5,0.2 -0.8,0.7 -0.3,0.5 -0.6,1.4 -0.2,0.8 -0.2,2.1 0,1.2 0.2,2.1 0.2,0.8 0.6,1.3 0.3,0.5 0.8,0.7 0.5,0.2 1.0,0.2 0.5,0 1.0,-0.2 0.5,-0.2 0.8,-0.7 0.4,-0.5 0.6,-1.3 0.2,-0.8 0.2,-2.1 z"
                style="fill:#000000;stroke:none"
            />
            <path
                id="high-price-row-3-0-2"
                d="m 729.4,395.1 q 0,1.4 -0.3,2.4 -0.3,1.0 -0.8,1.7 -0.5,0.7 -1.2,1.0 -0.7,0.3 -1.5,0.3 -0.8,0 -1.5,-0.3 -0.7,-0.3 -1.2,-1.0 -0.5,-0.7 -0.8,-1.7 -0.3,-1.0 -0.3,-2.4 0,-1.4 0.3,-2.4 0.3,-1.0 0.8,-1.7 0.5,-0.7 1.2,-1.01 0.7,-0.3 1.5,-0.3 0.8,0 1.5,0.3 0.7,0.3 1.2,1.0 0.5,0.7 0.8,1.7 0.3,1.0 0.3,2.4 z m -1.4,0 q 0,-1.2 -0.2,-2.1 -0.2,-0.8 -0.6,-1.4 -0.3,-0.5 -0.8,-0.7 -0.5,-0.2 -1.0,-0.2 -0.5,0 -1.0,0.2 -0.5,0.2 -0.8,0.7 -0.3,0.5 -0.6,1.4 -0.2,0.8 -0.2,2.1 0,1.2 0.2,2.1 0.2,0.8 0.6,1.3 0.3,0.5 0.8,0.7 0.5,0.2 1.0,0.2 0.5,0 1.0,-0.2 0.5,-0.2 0.8,-0.7 0.4,-0.5 0.6,-1.3 0.2,-0.8 0.2,-2.1 z"
                style="fill:#000000;stroke:none"
            />
        </g>
        <g id="dividend-50-1">
            <path
                id="dividend-50-1-5"
                d="m 821.9,385.4 q 0,0.6 -0.4,0.9 -0.3,0.4 -1.2,0.4 h -6.8 l -1.0,5.6 q 0.9,-0.2 1.6,-0.3 0.8,-0.1 1.5,-0.1 1.7,0 3.0,0.5 1.3,0.5 2.1,1.4 0.9,0.9 1.3,2.1 0.5,1.2 0.5,2.6 0,1.7 -0.6,3.1 -0.6,1.4 -1.6,2.4 -1.0,1.0 -2.4,1.5 -1.4,0.5 -3.0,0.5 -0.9,0 -1.8,-0.2 -0.9,-0.2 -1.6,-0.5 -0.8,-0.3 -1.4,-0.7 -0.6,-0.4 -1.1,-0.9 l 0.8,-1.1 q 0.3,-0.4 0.7,-0.4 0.3,0 0.7,0.2 0.4,0.2 0.9,0.5 0.5,0.3 1.3,0.5 0.7,0.2 1.7,0.2 1.1,0 2.0,-0.4 0.9,-0.4 1.5,-1.0 0.6,-0.7 1.0,-1.6 0.3,-0.9 0.3,-2.1 0,-1.0 -0.3,-1.8 -0.3,-0.8 -0.9,-1.4 -0.6,-0.6 -1.5,-0.9 -0.9,-0.3 -2.1,-0.3 -0.8,0 -1.7,0.1 -0.9,0.1 -1.8,0.4 l -1.7,-0.5 1.7,-10.1 h 10.2 z"
                style="fill:#000000;stroke:none"
            />
            <path
                id="dividend-50-1-0"
                d="m 841.1,395.0 q 0,2.8 -0.6,4.9 -0.6,2.1 -1.7,3.4 -1.1,1.4 -2.5,2.0 -1.4,0.7 -3.1,0.7 -1.7,0 -3.1,-0.7 -1.4,-0.7 -2.5,-2.0 -1.1,-1.4 -1.7,-3.4 -0.6,-2.1 -0.6,-4.9 0,-2.8 0.6,-4.9 0.6,-2.1 1.7,-3.4 1.1,-1.4 2.5,-2.0 1.4,-0.7 3.1,-0.7 1.6,0 3.1,0.7 1.4,0.7 2.5,2.0 1.1,1.4 1.7,3.4 0.6,2.1 0.6,4.9 z m -2.8,0 q 0,-2.5 -0.4,-4.1 -0.4,-1.7 -1.1,-2.7 -0.7,-1.0 -1.6,-1.5 -0.9,-0.5 -1.9,-0.5 -1.0,0 -1.9,0.5 -0.9,0.4 -1.6,1.5 -0.7,1.0 -1.1,2.7 -0.4,1.7 -0.4,4.1 0,2.5 0.4,4.1 0.4,1.7 1.1,2.7 0.7,1.0 1.6,1.5 0.9,0.4 1.9,0.4 1.0,0 1.9,-0.4 0.9,-0.5 1.6,-1.5 0.7,-1.0 1.1,-2.7 0.4,-1.7 0.4,-4.1 z"
                style="fill:#000000;stroke:none"
            />
        </g>
        <rect
            id="stock-market-row-4"
            x="500"
            y="420"
            width="400"
            height="50"
            style="fill:#e9ffdb;stroke:#000000;stroke-width:0.5px"
        />
        <g id="stock-price-190">
            <path
                id="stock-price-190-1"
                d="m 551.9,453.7 h 4.6 V 439.1 q 0,-0.6 0,-1.3 l -3.8,3.3 q -0.2,0.2 -0.4,0.2 -0.2,0 -0.4,0 -0.2,0 -0.3,-0.1 -0.1,-0.1 -0.2,-0.2 l -0.8,-1.2 6.4,-5.5 h 2.2 v 19.5 h 4.2 v 2.0 h -11.5 z"
                style="fill:#000000;stroke:none"
            />
            <path
                id="stock-price-190-9"
                d="m 576.0,447.2 q 0.3,-0.4 0.6,-0.8 0.3,-0.4 0.5,-0.8 -0.8,0.7 -1.9,1.0 -1.0,0.3 -2.2,0.3 -1.2,0 -2.3,-0.4 -1.1,-0.4 -1.9,-1.2 -0.8,-0.8 -1.3,-1.9 -0.5,-1.2 -0.5,-2.6 0,-1.4 0.5,-2.6 0.5,-1.2 1.5,-2.1 0.9,-0.9 2.3,-1.4 1.3,-0.5 2.9,-0.5 1.5,0 2.8,0.5 1.3,0.5 2.2,1.4 0.9,0.9 1.4,2.2 0.5,1.3 0.5,2.8 0,0.9 -0.2,1.8 -0.2,0.8 -0.5,1.6 -0.3,0.8 -0.8,1.6 -0.5,0.8 -1.1,1.6 l -5.2,7.6 q -0.2,0.3 -0.6,0.5 -0.4,0.2 -0.8,0.2 h -2.5 z m 2.5,-6.5 q 0,-1.0 -0.3,-1.8 -0.3,-0.8 -0.9,-1.4 -0.6,-0.6 -1.4,-0.9 -0.8,-0.3 -1.7,-0.3 -1.0,0 -1.8,0.3 -0.8,0.3 -1.4,0.9 -0.6,0.6 -0.9,1.4 -0.3,0.8 -0.3,1.7 0,1.0 0.3,1.8 0.3,0.8 0.8,1.4 0.6,0.6 1.3,0.8 0.8,0.3 1.8,0.3 1.1,0 1.9,-0.3 0.8,-0.4 1.4,-0.9 0.6,-0.6 0.9,-1.4 0.3,-0.8 0.3,-1.6 z"
                style="fill:#000000;stroke:none"
            />
            <path
                id="stock-price-190-0"
                d="m 599.4,445.0 q 0,2.8 -0.6,4.9 -0.6,2.1 -1.7,3.4 -1.1,1.4 -2.5,2.0 -1.4,0.7 -3.1,0.7 -1.7,0 -3.1,-0.7 -1.4,-0.7 -2.5,-2.0 -1.1,-1.4 -1.7,-3.4 -0.6,-2.1 -0.6,-4.9 0,-2.8 0.6,-4.9 0.6,-2.1 1.7,-3.4 1.1,-1.4 2.5,-2.0 1.4,-0.7 3.1,-0.7 1.6,0 3.1,0.7 1.4,0.7 2.5,2.0 1.1,1.4 1.7,3.4 0.6,2.1 0.6,4.9 z m -2.8,0 q 0,-2.5 -0.4,-4.1 -0.4,-1.7 -1.1,-2.7 -0.7,-1.0 -1.6,-1.5 -0.9,-0.5 -1.9,-0.5 -1.0,0 -1.9,0.5 -0.9,0.4 -1.6,1.5 -0.7,1.0 -1.1,2.7 -0.4,1.7 -0.4,4.1 0,2.5 0.4,4.1 0.4,1.7 1.1,2.7 0.7,1.0 1.6,1.5 0.9,0.4 1.9,0.4 1.0,0 1.9,-0.4 0.9,-0.5 1.6,-1.5 0.7,-1.0 1.1,-2.7 0.4,-1.7 0.4,-4.1 z"
                style="fill:#000000;stroke:none"
            />
        </g>
        <g id="high-price-row-4">
            <path
                id="high-price-row-4-die"
                d="m 690.0,435.0 -8.9,4.1 8.9,4.1 8.9,-4.1 z m -9.4,4.7 v 11.2 l 9.1,4.2 v -11.2 z m 18.9,0 -9.1,4.2 v 11.2 l 9.1,-4.2 z"
                style="fill:#000000;stroke:none"
            />
            <path
                id="high-price-row-4-1"
                d="m 705.6,449.5 h 2.3 v -7.4 q 0,-0.3 0,-0.7 l -1.9,1.6 q -0.1,0.1 -0.2,0.1 -0.1,0 -0.2,0 -0.1,0 -0.2,-0.1 -0.1,0 -0.1,-0.1 l -0.4,-0.6 3.2,-2.8 h 1.1 v 9.8 h 2.1 v 1 h -5.8 z"
                style="fill:#000000;stroke:none"
            />
            <path
                id="high-price-row-4-0-1"
                d="m 720.7,445.1 q 0,1.4 -0.3,2.4 -0.3,1.0 -0.8,1.7 -0.5,0.7 -1.2,1.0 -0.7,0.3 -1.5,0.3 -0.8,0 -1.5,-0.3 -0.7,-0.3 -1.2,-1.0 -0.5,-0.7 -0.8,-1.7 -0.3,-1.0 -0.3,-2.4 0,-1.4 0.3,-2.4 0.3,-1.0 0.8,-1.7 0.5,-0.7 1.2,-1.01 0.7,-0.3 1.5,-0.3 0.8,0 1.5,0.3 0.7,0.3 1.2,1.0 0.5,0.7 0.8,1.7 0.3,1.0 0.3,2.4 z m -1.4,0 q 0,-1.2 -0.2,-2.1 -0.2,-0.8 -0.6,-1.4 -0.3,-0.5 -0.8,-0.7 -0.5,-0.2 -1.0,-0.2 -0.5,0 -1.0,0.2 -0.5,0.2 -0.8,0.7 -0.3,0.5 -0.6,1.4 -0.2,0.8 -0.2,2.1 0,1.2 0.2,2.1 0.2,0.8 0.6,1.3 0.3,0.5 0.8,0.7 0.5,0.2 1.0,0.2 0.5,0 1.0,-0.2 0.5,-0.2 0.8,-0.7 0.4,-0.5 0.6,-1.3 0.2,-0.8 0.2,-2.1 z"
                style="fill:#000000;stroke:none"
            />
            <path
                id="high-price-row-4-0-2"
                d="m 729.4,445.1 q 0,1.4 -0.3,2.4 -0.3,1.0 -0.8,1.7 -0.5,0.7 -1.2,1.0 -0.7,0.3 -1.5,0.3 -0.8,0 -1.5,-0.3 -0.7,-0.3 -1.2,-1.0 -0.5,-0.7 -0.8,-1.7 -0.3,-1.0 -0.3,-2.4 0,-1.4 0.3,-2.4 0.3,-1.0 0.8,-1.7 0.5,-0.7 1.2,-1.01 0.7,-0.3 1.5,-0.3 0.8,0 1.5,0.3 0.7,0.3 1.2,1.0 0.5,0.7 0.8,1.7 0.3,1.0 0.3,2.4 z m -1.4,0 q 0,-1.2 -0.2,-2.1 -0.2,-0.8 -0.6,-1.4 -0.3,-0.5 -0.8,-0.7 -0.5,-0.2 -1.0,-0.2 -0.5,0 -1.0,0.2 -0.5,0.2 -0.8,0.7 -0.3,0.5 -0.6,1.4 -0.2,0.8 -0.2,2.1 0,1.2 0.2,2.1 0.2,0.8 0.6,1.3 0.3,0.5 0.8,0.7 0.5,0.2 1.0,0.2 0.5,0 1.0,-0.2 0.5,-0.2 0.8,-0.7 0.4,-0.5 0.6,-1.3 0.2,-0.8 0.2,-2.1 z"
                style="fill:#000000;stroke:none"
            />
        </g>
        <g id="dividend-50-2">
            <path
                id="dividend-50-2-5"
                d="m 821.9,435.4 q 0,0.6 -0.4,0.9 -0.3,0.4 -1.2,0.4 h -6.8 l -1.0,5.6 q 0.9,-0.2 1.6,-0.3 0.8,-0.1 1.5,-0.1 1.7,0 3.0,0.5 1.3,0.5 2.1,1.4 0.9,0.9 1.3,2.1 0.5,1.2 0.5,2.6 0,1.7 -0.6,3.1 -0.6,1.4 -1.6,2.4 -1.0,1.0 -2.4,1.5 -1.4,0.5 -3.0,0.5 -0.9,0 -1.8,-0.2 -0.9,-0.2 -1.6,-0.5 -0.8,-0.3 -1.4,-0.7 -0.6,-0.4 -1.1,-0.9 l 0.8,-1.1 q 0.3,-0.4 0.7,-0.4 0.3,0 0.7,0.2 0.4,0.2 0.9,0.5 0.5,0.3 1.3,0.5 0.7,0.2 1.7,0.2 1.1,0 2.0,-0.4 0.9,-0.4 1.5,-1.0 0.6,-0.7 1.0,-1.6 0.3,-0.9 0.3,-2.1 0,-1.0 -0.3,-1.8 -0.3,-0.8 -0.9,-1.4 -0.6,-0.6 -1.5,-0.9 -0.9,-0.3 -2.1,-0.3 -0.8,0 -1.7,0.1 -0.9,0.1 -1.8,0.4 l -1.7,-0.5 1.7,-10.1 h 10.2 z"
                style="fill:#000000;stroke:none"
            />
            <path
                id="dividend-50-2-0"
                d="m 841.1,445.0 q 0,2.8 -0.6,4.9 -0.6,2.1 -1.7,3.4 -1.1,1.4 -2.5,2.0 -1.4,0.7 -3.1,0.7 -1.7,0 -3.1,-0.7 -1.4,-0.7 -2.5,-2.0 -1.1,-1.4 -1.7,-3.4 -0.6,-2.1 -0.6,-4.9 0,-2.8 0.6,-4.9 0.6,-2.1 1.7,-3.4 1.1,-1.4 2.5,-2.0 1.4,-0.7 3.1,-0.7 1.6,0 3.1,0.7 1.4,0.7 2.5,2.0 1.1,1.4 1.7,3.4 0.6,2.1 0.6,4.9 z m -2.8,0 q 0,-2.5 -0.4,-4.1 -0.4,-1.7 -1.1,-2.7 -0.7,-1.0 -1.6,-1.5 -0.9,-0.5 -1.9,-0.5 -1.0,0 -1.9,0.5 -0.9,0.4 -1.6,1.5 -0.7,1.0 -1.1,2.7 -0.4,1.7 -0.4,4.1 0,2.5 0.4,4.1 0.4,1.7 1.1,2.7 0.7,1.0 1.6,1.5 0.9,0.4 1.9,0.4 1.0,0 1.9,-0.4 0.9,-0.5 1.6,-1.5 0.7,-1.0 1.1,-2.7 0.4,-1.7 0.4,-4.1 z"
                style="fill:#000000;stroke:none"
            />
        </g>
        <rect
            id="stock-market-row-5"
            x="500"
            y="470"
            width="400"
            height="50"
            style="fill:none;stroke:#000000;stroke-width:0.5px"
        />
        <g id="stock-price-160">
            <path
                id="stock-price-160-1"
                d="m 551.9,503.7 h 4.6 v -14.7 q 0,-0.6 0,-1.3 l -3.8,3.3 q -0.2,0.2 -0.4,0.2 -0.2,0 -0.4,0 -0.2,0 -0.3,-0.1 -0.1,-0.1 -0.2,-0.2 l -0.8,-1.2 6.4,-5.5 h 2.2 v 19.5 h 4.2 v 2.0 h -11.5 z"
                style="fill:#000000;stroke:none"
            />
            <path
                id="stock-price-160-6"
                d="m 572.6,492.3 q -0.3,0.4 -0.6,0.7 -0.3,0.3 -0.5,0.7 0.8,-0.5 1.7,-0.8 0.9,-0.3 2.0,-0.3 1.3,0 2.5,0.4 1.2,0.4 2.0,1.2 0.9,0.8 1.4,2.0 0.5,1.2 0.5,2.7 0,1.5 -0.5,2.8 -0.5,1.3 -1.5,2.2 -1.0,0.9 -2.3,1.5 -1.4,0.5 -3.0,0.5 -1.6,0 -2.9,-0.5 -1.3,-0.5 -2.3,-1.5 -0.9,-1.0 -1.4,-2.3 -0.5,-1.4 -0.5,-3.0 0,-1.4 0.6,-3.0 0.6,-1.6 2.0,-3.4 l 5.5,-7.3 q 0.2,-0.3 0.6,-0.5 0.4,-0.2 0.9,-0.2 h 2.4 z m -2.9,6.8 q 0,1.0 0.3,1.9 0.3,0.9 0.9,1.5 0.6,0.6 1.4,1.0 0.8,0.3 1.9,0.3 1.1,0 2.0,-0.3 0.9,-0.3 1.5,-1.0 0.6,-0.6 1.0,-1.5 0.3,-0.8 0.3,-1.8 0,-1.1 -0.3,-1.9 -0.3,-0.9 -0.9,-1.4 -0.6,-0.6 -1.4,-0.9 -0.8,-0.3 -1.8,-0.3 -1.1,0 -2.0,0.4 -0.9,0.4 -1.5,1.0 -0.6,0.6 -0.9,1.4 -0.3,0.8 -0.3,1.7 z"
                style="fill:#000000;stroke:none"
            />
            <path
                id="stock-price-160-0"
                d="m 599.4,495.0 q 0,2.8 -0.6,4.9 -0.6,2.1 -1.7,3.4 -1.1,1.4 -2.5,2.0 -1.4,0.7 -3.1,0.7 -1.7,0 -3.1,-0.7 -1.4,-0.7 -2.5,-2.0 -1.1,-1.4 -1.7,-3.4 -0.6,-2.1 -0.6,-4.9 0,-2.8 0.6,-4.9 0.6,-2.1 1.7,-3.4 1.1,-1.4 2.5,-2.0 1.4,-0.7 3.1,-0.7 1.6,0 3.1,0.7 1.4,0.7 2.5,2.0 1.1,1.4 1.7,3.4 0.6,2.1 0.6,4.9 z m -2.8,0 q 0,-2.5 -0.4,-4.1 -0.4,-1.7 -1.1,-2.7 -0.7,-1.0 -1.6,-1.5 -0.9,-0.5 -1.9,-0.5 -1.0,0 -1.9,0.5 -0.9,0.4 -1.6,1.5 -0.7,1.0 -1.1,2.7 -0.4,1.7 -0.4,4.1 0,2.5 0.4,4.1 0.4,1.7 1.1,2.7 0.7,1.0 1.6,1.5 0.9,0.4 1.9,0.4 1.0,0 1.9,-0.4 0.9,-0.5 1.6,-1.5 0.7,-1.0 1.1,-2.7 0.4,-1.7 0.4,-4.1 z"
                style="fill:#000000;stroke:none"
            />
        </g>
        <g id="dividend-40-1">
            <path
                id="dividend-40-1-4"
                d="m 821.2,498.0 h 3.3 v 1.5 q 0,0.2 -0.2,0.4 -0.1,0.2 -0.4,0.2 h -2.7 v 5.7 h -2.3 V 500.1 h -9.5 q -0.3,0 -0.5,-0.2 -0.2,-0.2 -0.3,-0.4 l -0.3,-1.4 10.5,-13.9 h 2.5 z m -2.3,-8.9 q 0,-0.4 0,-0.8 0,-0.5 0.1,-0.9 l -7.8,10.7 h 7.7 z"
                style="fill:#000000;stroke:none"
            />
            <path
                id="dividend-40-1-0"
                d="m 841.8,495.0 q 0,2.8 -0.6,4.9 -0.6,2.1 -1.7,3.4 -1.1,1.4 -2.5,2.0 -1.4,0.7 -3.1,0.7 -1.7,0 -3.1,-0.7 -1.4,-0.7 -2.5,-2.0 -1.1,-1.4 -1.7,-3.4 -0.6,-2.1 -0.6,-4.9 0,-2.8 0.6,-4.9 0.6,-2.1 1.7,-3.4 1.1,-1.4 2.5,-2.0 1.4,-0.7 3.1,-0.7 1.6,0 3.1,0.7 1.4,0.7 2.5,2.0 1.1,1.4 1.7,3.4 0.6,2.1 0.6,4.9 z m -2.8,0 q 0,-2.5 -0.4,-4.1 -0.4,-1.7 -1.1,-2.7 -0.7,-1.0 -1.6,-1.5 -0.9,-0.5 -1.9,-0.5 -1.0,0 -1.9,0.5 -0.9,0.4 -1.6,1.5 -0.7,1.0 -1.1,2.7 -0.4,1.7 -0.4,4.1 0,2.5 0.4,4.1 0.4,1.7 1.1,2.7 0.7,1.0 1.6,1.5 0.9,0.4 1.9,0.4 1.0,0 1.9,-0.4 0.9,-0.5 1.6,-1.5 0.7,-1.0 1.1,-2.7 0.4,-1.7 0.4,-4.1 z"
                style="fill:#000000;stroke:none"
            />
        </g>
        <rect
            id="stock-market-row-6"
            x="500"
            y="520"
            width="400"
            height="50"
            style="fill:none;stroke:#000000;stroke-width:0.5px"
        />
        <g id="stock-price-140">
            <path
                id="stock-price-140-1"
                d="m 551.9,553.7 h 4.6 V 539.1 q 0,-0.6 0,-1.3 l -3.8,3.3 q -0.2,0.2 -0.4,0.2 -0.2,0 -0.4,0 -0.2,0 -0.3,-0.1 -0.1,-0.1 -0.2,-0.2 l -0.8,-1.2 6.4,-5.5 h 2.2 v 19.5 h 4.2 v 2.0 h -11.5 z"
                style="fill:#000000;stroke:none"
            />
            <path
                id="stock-price-140-4"
                d="m 578.8,548.0 h 3.3 v 1.5 q 0,0.2 -0.2,0.4 -0.1,0.2 -0.4,0.2 h -2.7 v 5.7 h -2.3 V 550.1 h -9.5 q -0.3,0 -0.5,-0.2 -0.2,-0.2 -0.3,-0.4 l -0.3,-1.4 10.5,-13.9 h 2.5 z m -2.3,-8.9 q 0,-0.4 0,-0.8 0,-0.5 0.1,-0.9 l -7.8,10.7 h 7.7 z"
                style="fill:#000000;stroke:none"
            />
            <path
                id="stock-price-140-0"
                d="m 599.4,545.0 q 0,2.8 -0.6,4.9 -0.6,2.1 -1.7,3.4 -1.1,1.4 -2.5,2.0 -1.4,0.7 -3.1,0.7 -1.7,0 -3.1,-0.7 -1.4,-0.7 -2.5,-2.0 -1.1,-1.4 -1.7,-3.4 -0.6,-2.1 -0.6,-4.9 0,-2.8 0.6,-4.9 0.6,-2.1 1.7,-3.4 1.1,-1.4 2.5,-2.0 1.4,-0.7 3.1,-0.7 1.6,0 3.1,0.7 1.4,0.7 2.5,2.0 1.1,1.4 1.7,3.4 0.6,2.1 0.6,4.9 z m -2.8,0 q 0,-2.5 -0.4,-4.1 -0.4,-1.7 -1.1,-2.7 -0.7,-1.0 -1.6,-1.5 -0.9,-0.5 -1.9,-0.5 -1.0,0 -1.9,0.5 -0.9,0.4 -1.6,1.5 -0.7,1.0 -1.1,2.7 -0.4,1.7 -0.4,4.1 0,2.5 0.4,4.1 0.4,1.7 1.1,2.7 0.7,1.0 1.6,1.5 0.9,0.4 1.9,0.4 1.0,0 1.9,-0.4 0.9,-0.5 1.6,-1.5 0.7,-1.0 1.1,-2.7 0.4,-1.7 0.4,-4.1 z"
                style="fill:#000000;stroke:none"
            />
        </g>
        <g id="dividend-40-2">
            <path
                id="dividend-40-2-4"
                d="m 821.2,548.0 h 3.3 v 1.5 q 0,0.2 -0.2,0.4 -0.1,0.2 -0.4,0.2 h -2.7 v 5.7 h -2.3 v -5.7 h -9.5 q -0.3,0 -0.5,-0.2 -0.2,-0.2 -0.3,-0.4 l -0.3,-1.4 10.5,-13.9 h 2.5 z m -2.3,-8.9 q 0,-0.4 0,-0.8 0,-0.5 0.1,-0.9 l -7.8,10.7 h 7.7 z"
                style="fill:#000000;stroke:none"
            />
            <path
                id="dividend-40-2-0"
                d="m 841.8,545.0 q 0,2.8 -0.6,4.9 -0.6,2.1 -1.7,3.4 -1.1,1.4 -2.5,2.0 -1.4,0.7 -3.1,0.7 -1.7,0 -3.1,-0.7 -1.4,-0.7 -2.5,-2.0 -1.1,-1.4 -1.7,-3.4 -0.6,-2.1 -0.6,-4.9 0,-2.8 0.6,-4.9 0.6,-2.1 1.7,-3.4 1.1,-1.4 2.5,-2.0 1.4,-0.7 3.1,-0.7 1.6,0 3.1,0.7 1.4,0.7 2.5,2.0 1.1,1.4 1.7,3.4 0.6,2.1 0.6,4.9 z m -2.8,0 q 0,-2.5 -0.4,-4.1 -0.4,-1.7 -1.1,-2.7 -0.7,-1.0 -1.6,-1.5 -0.9,-0.5 -1.9,-0.5 -1.0,0 -1.9,0.5 -0.9,0.4 -1.6,1.5 -0.7,1.0 -1.1,2.7 -0.4,1.7 -0.4,4.1 0,2.5 0.4,4.1 0.4,1.7 1.1,2.7 0.7,1.0 1.6,1.5 0.9,0.4 1.9,0.4 1.0,0 1.9,-0.4 0.9,-0.5 1.6,-1.5 0.7,-1.0 1.1,-2.7 0.4,-1.7 0.4,-4.1 z"
                style="fill:#000000;stroke:none"
            />
        </g>
        <rect
            id="stock-market-row-7"
            x="500"
            y="570"
            width="400"
            height="50"
            style="fill:none;stroke:#000000;stroke-width:0.5px"
        />
        <g id="stock-price-120">
            <path
                id="stock-price-120-1"
                d="m 551.9,603.7 h 4.6 V 589.1 q 0,-0.6 0,-1.3 l -3.8,3.3 q -0.2,0.2 -0.4,0.2 -0.2,0 -0.4,0 -0.2,0 -0.3,-0.1 -0.1,-0.1 -0.2,-0.2 l -0.8,-1.2 6.4,-5.5 h 2.2 v 19.5 h 4.2 v 2.0 h -11.5 z"
                style="fill:#000000;stroke:none"
            />
            <path
                id="stock-price-120-2"
                d="m 574.4,584.0 q 1.4,0 2.6,0.4 1.2,0.4 2.1,1.2 0.9,0.8 1.4,1.9 0.5,1.1 0.5,2.5 0,1.2 -0.4,2.2 -0.4,1.0 -1.0,2.0 -0.6,0.9 -1.4,1.8 -0.8,0.9 -1.7,1.8 l -5.7,5.8 q 0.6,-0.2 1.2,-0.3 0.6,-0.1 1.2,-0.1 h 7.2 q 0.4,0 0.7,0.3 0.3,0.3 0.3,0.7 v 1.6 h -14.3 v -0.9 q 0,-0.3 0.1,-0.6 0.1,-0.3 0.4,-0.6 l 6.9,-6.9 q 0.9,-0.9 1.6,-1.7 0.7,-0.8 1.2,-1.6 0.5,-0.8 0.8,-1.6 0.3,-0.8 0.3,-1.8 0,-0.9 -0.3,-1.7 -0.3,-0.7 -0.8,-1.2 -0.5,-0.5 -1.2,-0.7 -0.7,-0.2 -1.5,-0.2 -0.8,0 -1.5,0.2 -0.7,0.2 -1.2,0.7 -0.5,0.4 -0.9,1.0 -0.4,0.6 -0.5,1.3 -0.2,0.5 -0.5,0.7 -0.3,0.2 -0.9,0.1 l -1.4,-0.2 q 0.2,-1.5 0.8,-2.6 0.6,-1.1 1.5,-1.9 0.9,-0.8 2.1,-1.2 1.2,-0.4 2.6,-0.4 z"
                style="fill:#000000;stroke:none"
            />
            <path
                id="stock-price-120-0"
                d="m 599.4,595.0 q 0,2.8 -0.6,4.9 -0.6,2.1 -1.7,3.4 -1.1,1.4 -2.5,2.0 -1.4,0.7 -3.1,0.7 -1.7,0 -3.1,-0.7 -1.4,-0.7 -2.5,-2.0 -1.1,-1.4 -1.7,-3.4 -0.6,-2.1 -0.6,-4.9 0,-2.8 0.6,-4.9 0.6,-2.1 1.7,-3.4 1.1,-1.4 2.5,-2.0 1.4,-0.7 3.1,-0.7 1.6,0 3.1,0.7 1.4,0.7 2.5,2.0 1.1,1.4 1.7,3.4 0.6,2.1 0.6,4.9 z m -2.8,0 q 0,-2.5 -0.4,-4.1 -0.4,-1.7 -1.1,-2.7 -0.7,-1.0 -1.6,-1.5 -0.9,-0.5 -1.9,-0.5 -1.0,0 -1.9,0.5 -0.9,0.4 -1.6,1.5 -0.7,1.0 -1.1,2.7 -0.4,1.7 -0.4,4.1 0,2.5 0.4,4.1 0.4,1.7 1.1,2.7 0.7,1.0 1.6,1.5 0.9,0.4 1.9,0.4 1.0,0 1.9,-0.4 0.9,-0.5 1.6,-1.5 0.7,-1.0 1.1,-2.7 0.4,-1.7 0.4,-4.1 z"
                style="fill:#000000;stroke:none"
            />
        </g>
        <g id="dividend-30-1">
            <path
                id="dividend-30-1-3"
                d="m 816.4,584.0 q 1.4,0 2.5,0.4 1.2,0.4 2.0,1.1 0.8,0.7 1.3,1.7 0.5,1.0 0.5,2.3 0,1.0 -0.3,1.8 -0.3,0.8 -0.8,1.4 -0.5,0.6 -1.2,1.0 -0.7,0.4 -1.5,0.7 2.1,0.6 3.2,1.9 1.1,1.3 1.1,3.3 0,1.5 -0.6,2.7 -0.6,1.2 -1.5,2.0 -1.0,0.8 -2.3,1.3 -1.3,0.4 -2.8,0.4 -1.7,0 -2.9,-0.4 -1.2,-0.4 -2.1,-1.2 -0.8,-0.8 -1.4,-1.8 -0.5,-1.0 -0.9,-2.2 l 1.2,-0.5 q 0.5,-0.2 0.9,-0.1 0.4,0.1 0.6,0.5 0.2,0.4 0.5,1.0 0.3,0.6 0.8,1.1 0.5,0.5 1.3,0.9 0.8,0.4 2.0,0.4 1.1,0 2.0,-0.4 0.9,-0.4 1.4,-1.0 0.6,-0.6 0.9,-1.3 0.3,-0.7 0.3,-1.4 0,-0.9 -0.2,-1.6 -0.2,-0.7 -0.8,-1.2 -0.6,-0.5 -1.7,-0.8 -1.1,-0.3 -2.7,-0.3 v -1.9 q 1.4,0 2.3,-0.3 1.0,-0.3 1.6,-0.8 0.6,-0.5 0.9,-1.2 0.3,-0.7 0.3,-1.5 0,-0.9 -0.3,-1.6 -0.3,-0.7 -0.8,-1.1 -0.5,-0.5 -1.2,-0.7 -0.7,-0.2 -1.5,-0.2 -0.8,0 -1.5,0.2 -0.7,0.2 -1.2,0.7 -0.5,0.4 -0.9,1.0 -0.4,0.6 -0.5,1.3 -0.2,0.5 -0.5,0.7 -0.3,0.2 -0.8,0.1 l -1.4,-0.2 q 0.2,-1.5 0.8,-2.6 0.6,-1.1 1.5,-1.9 0.9,-0.8 2.1,-1.2 1.2,-0.4 2.6,-0.4 z"
                style="fill:#000000;stroke:none"
            />
            <path
                id="dividend-30-1-0"
                d="m 841.3,595.0 q 0,2.8 -0.6,4.9 -0.6,2.1 -1.7,3.4 -1.1,1.4 -2.5,2.0 -1.4,0.7 -3.1,0.7 -1.7,0 -3.1,-0.7 -1.4,-0.7 -2.5,-2.0 -1.1,-1.4 -1.7,-3.4 -0.6,-2.1 -0.6,-4.9 0,-2.8 0.6,-4.9 0.6,-2.1 1.7,-3.4 1.1,-1.4 2.5,-2.0 1.4,-0.7 3.1,-0.7 1.6,0 3.1,0.7 1.4,0.7 2.5,2.0 1.1,1.4 1.7,3.4 0.6,2.1 0.6,4.9 z m -2.8,0 q 0,-2.5 -0.4,-4.1 -0.4,-1.7 -1.1,-2.7 -0.7,-1.0 -1.6,-1.5 -0.9,-0.5 -1.9,-0.5 -1.0,0 -1.9,0.5 -0.9,0.4 -1.6,1.5 -0.7,1.0 -1.1,2.7 -0.4,1.7 -0.4,4.1 0,2.5 0.4,4.1 0.4,1.7 1.1,2.7 0.7,1.0 1.6,1.5 0.9,0.4 1.9,0.4 1.0,0 1.9,-0.4 0.9,-0.5 1.6,-1.5 0.7,-1.0 1.1,-2.7 0.4,-1.7 0.4,-4.1 z"
                style="fill:#000000;stroke:none"
            />
        </g>
        <rect
            id="stock-market-row-8"
            x="500"
            y="620"
            width="400"
            height="50"
            style="fill:#fcffa4;stroke:#000000;stroke-width:0.5px"
        />
        <g id="stock-price-100">
            <path
                id="stock-price-100-1"
                d="m 551.9,653.7 h 4.6 V 639.1 q 0,-0.6 0,-1.3 l -3.8,3.3 q -0.2,0.2 -0.4,0.2 -0.2,0 -0.4,0 -0.2,0 -0.3,-0.1 -0.1,-0.1 -0.2,-0.2 l -0.8,-1.2 6.4,-5.5 h 2.2 v 19.5 h 4.2 v 2.0 h -11.5 z"
                style="fill:#000000;stroke:none"
            />
            <path
                id="stock-price-100-0-1"
                d="m 582.0,645.0 q 0,2.8 -0.6,4.9 -0.6,2.1 -1.7,3.4 -1.1,1.4 -2.5,2.0 -1.4,0.7 -3.1,0.7 -1.7,0 -3.1,-0.7 -1.4,-0.7 -2.5,-2.0 -1.1,-1.4 -1.7,-3.4 -0.6,-2.1 -0.6,-4.9 0,-2.8 0.6,-4.9 0.6,-2.1 1.7,-3.4 1.1,-1.4 2.5,-2.0 1.4,-0.7 3.1,-0.7 1.6,0 3.1,0.7 1.4,0.7 2.5,2.0 1.1,1.4 1.7,3.4 0.6,2.1 0.6,4.9 z m -2.8,0 q 0,-2.5 -0.4,-4.1 -0.4,-1.7 -1.1,-2.7 -0.7,-1.0 -1.6,-1.5 -0.9,-0.5 -1.9,-0.5 -1.0,0 -1.9,0.5 -0.9,0.4 -1.6,1.5 -0.7,1.0 -1.1,2.7 -0.4,1.7 -0.4,4.1 0,2.5 0.4,4.1 0.4,1.7 1.1,2.7 0.7,1.0 1.6,1.5 0.9,0.4 1.9,0.4 1.0,0 1.9,-0.4 0.9,-0.5 1.6,-1.5 0.7,-1.0 1.1,-2.7 0.4,-1.7 0.4,-4.1 z"
                style="fill:#000000;stroke:none"
            />
            <path
                id="stock-price-100-0-2"
                d="m 599.4,645.0 q 0,2.8 -0.6,4.9 -0.6,2.1 -1.7,3.4 -1.1,1.4 -2.5,2.0 -1.4,0.7 -3.1,0.7 -1.7,0 -3.1,-0.7 -1.4,-0.7 -2.5,-2.0 -1.1,-1.4 -1.7,-3.4 -0.6,-2.1 -0.6,-4.9 0,-2.8 0.6,-4.9 0.6,-2.1 1.7,-3.4 1.1,-1.4 2.5,-2.0 1.4,-0.7 3.1,-0.7 1.6,0 3.1,0.7 1.4,0.7 2.5,2.0 1.1,1.4 1.7,3.4 0.6,2.1 0.6,4.9 z m -2.8,0 q 0,-2.5 -0.4,-4.1 -0.4,-1.7 -1.1,-2.7 -0.7,-1.0 -1.6,-1.5 -0.9,-0.5 -1.9,-0.5 -1.0,0 -1.9,0.5 -0.9,0.4 -1.6,1.5 -0.7,1.0 -1.1,2.7 -0.4,1.7 -0.4,4.1 0,2.5 0.4,4.1 0.4,1.7 1.1,2.7 0.7,1.0 1.6,1.5 0.9,0.4 1.9,0.4 1.0,0 1.9,-0.4 0.9,-0.5 1.6,-1.5 0.7,-1.0 1.1,-2.7 0.4,-1.7 0.4,-4.1 z"
                style="fill:#000000;stroke:none"
            />
        </g>
        <g id="dividend-30-2">
            <path
                id="dividend-30-2-3"
                d="m 816.4,634.0 q 1.4,0 2.5,0.4 1.2,0.4 2.0,1.1 0.8,0.7 1.3,1.7 0.5,1.0 0.5,2.3 0,1.0 -0.3,1.8 -0.3,0.8 -0.8,1.4 -0.5,0.6 -1.2,1.0 -0.7,0.4 -1.5,0.7 2.1,0.6 3.2,1.9 1.1,1.3 1.1,3.3 0,1.5 -0.6,2.7 -0.6,1.2 -1.5,2.0 -1.0,0.8 -2.3,1.3 -1.3,0.4 -2.8,0.4 -1.7,0 -2.9,-0.4 -1.2,-0.4 -2.1,-1.2 -0.8,-0.8 -1.4,-1.8 -0.5,-1.0 -0.9,-2.2 l 1.2,-0.5 q 0.5,-0.2 0.9,-0.1 0.4,0.1 0.6,0.5 0.2,0.4 0.5,1.0 0.3,0.6 0.8,1.1 0.5,0.5 1.3,0.9 0.8,0.4 2.0,0.4 1.1,0 2.0,-0.4 0.9,-0.4 1.4,-1.0 0.6,-0.6 0.9,-1.3 0.3,-0.7 0.3,-1.4 0,-0.9 -0.2,-1.6 -0.2,-0.7 -0.8,-1.2 -0.6,-0.5 -1.7,-0.8 -1.1,-0.3 -2.7,-0.3 v -1.9 q 1.4,0 2.3,-0.3 1.0,-0.3 1.6,-0.8 0.6,-0.5 0.9,-1.2 0.3,-0.7 0.3,-1.5 0,-0.9 -0.3,-1.6 -0.3,-0.7 -0.8,-1.1 -0.5,-0.5 -1.2,-0.7 -0.7,-0.2 -1.5,-0.2 -0.8,0 -1.5,0.2 -0.7,0.2 -1.2,0.7 -0.5,0.4 -0.9,1.0 -0.4,0.6 -0.5,1.3 -0.2,0.5 -0.5,0.7 -0.3,0.2 -0.8,0.1 l -1.4,-0.2 q 0.2,-1.5 0.8,-2.6 0.6,-1.1 1.5,-1.9 0.9,-0.8 2.1,-1.2 1.2,-0.4 2.6,-0.4 z"
                style="fill:#000000;stroke:none"
            />
            <path
                id="dividend-30-2-0"
                d="m 841.3,645.0 q 0,2.8 -0.6,4.9 -0.6,2.1 -1.7,3.4 -1.1,1.4 -2.5,2.0 -1.4,0.7 -3.1,0.7 -1.7,0 -3.1,-0.7 -1.4,-0.7 -2.5,-2.0 -1.1,-1.4 -1.7,-3.4 -0.6,-2.1 -0.6,-4.9 0,-2.8 0.6,-4.9 0.6,-2.1 1.7,-3.4 1.1,-1.4 2.5,-2.0 1.4,-0.7 3.1,-0.7 1.6,0 3.1,0.7 1.4,0.7 2.5,2.0 1.1,1.4 1.7,3.4 0.6,2.1 0.6,4.9 z m -2.8,0 q 0,-2.5 -0.4,-4.1 -0.4,-1.7 -1.1,-2.7 -0.7,-1.0 -1.6,-1.5 -0.9,-0.5 -1.9,-0.5 -1.0,0 -1.9,0.5 -0.9,0.4 -1.6,1.5 -0.7,1.0 -1.1,2.7 -0.4,1.7 -0.4,4.1 0,2.5 0.4,4.1 0.4,1.7 1.1,2.7 0.7,1.0 1.6,1.5 0.9,0.4 1.9,0.4 1.0,0 1.9,-0.4 0.9,-0.5 1.6,-1.5 0.7,-1.0 1.1,-2.7 0.4,-1.7 0.4,-4.1 z"
                style="fill:#000000;stroke:none"
            />
        </g>
        <rect
            id="stock-market-row-9"
            x="500"
            y="670"
            width="400"
            height="50"
            style="fill:none;stroke:#000000;stroke-width:0.5px"
        />
        <g id="stock-price-80">
            <path
                id="stock-price-80-8"
                d="m 566.0,706.0 q -1.6,0 -2.9,-0.4 -1.3,-0.4 -2.3,-1.2 -1.0,-0.8 -1.5,-1.9 -0.5,-1.1 -0.5,-2.6 0,-2.1 1.1,-3.4 1.1,-1.4 3.1,-1.9 -1.7,-0.6 -2.6,-1.9 -0.9,-1.3 -0.9,-3.0 0,-1.2 0.5,-2.2 0.5,-1.0 1.3,-1.8 0.9,-0.8 2.0,-1.2 1.2,-0.4 2.7,-0.4 1.5,0 2.7,0.4 1.2,0.4 2.1,1.2 0.9,0.8 1.3,1.8 0.5,1.0 0.5,2.2 0,1.7 -0.9,3.0 -0.9,1.2 -2.6,1.9 2.0,0.6 3.1,1.9 1.1,1.3 1.1,3.4 0,1.4 -0.5,2.6 -0.5,1.1 -1.5,1.9 -0.9,0.8 -2.3,1.2 -1.3,0.4 -2.9,0.4 z m 0,-2.1 q 1.1,0 1.9,-0.3 0.8,-0.3 1.4,-0.8 0.6,-0.5 0.9,-1.3 0.3,-0.8 0.3,-1.7 0,-1.1 -0.4,-1.9 -0.4,-0.8 -1.0,-1.3 -0.6,-0.5 -1.4,-0.7 -0.8,-0.2 -1.7,-0.2 -0.9,0 -1.7,0.2 -0.8,0.2 -1.4,0.7 -0.6,0.5 -1.0,1.3 -0.4,0.8 -0.4,1.9 0,0.9 0.3,1.7 0.3,0.7 0.9,1.3 0.6,0.5 1.4,0.8 0.8,0.3 1.9,0.3 z m 0,-10.3 q 1.1,0 1.8,-0.3 0.8,-0.3 1.2,-0.9 0.5,-0.5 0.7,-1.2 0.2,-0.7 0.2,-1.4 0,-0.8 -0.3,-1.4 -0.2,-0.7 -0.7,-1.2 -0.5,-0.5 -1.2,-0.8 -0.7,-0.3 -1.7,-0.3 -1.0,0 -1.7,0.3 -0.7,0.3 -1.2,0.8 -0.5,0.5 -0.7,1.2 -0.2,0.7 -0.2,1.4 0,0.7 0.2,1.4 0.2,0.7 0.7,1.2 0.5,0.5 1.2,0.9 0.8,0.3 1.8,0.3 z"
                style="fill:#000000;stroke:none"
            />
            <path
                id="stock-price-80-0"
                d="m 591.2,695.0 q 0,2.8 -0.6,4.9 -0.6,2.1 -1.7,3.4 -1.1,1.4 -2.5,2.0 -1.4,0.7 -3.1,0.7 -1.7,0 -3.1,-0.7 -1.4,-0.7 -2.5,-2.0 -1.1,-1.4 -1.7,-3.4 -0.6,-2.1 -0.6,-4.9 0,-2.8 0.6,-4.9 0.6,-2.1 1.7,-3.4 1.1,-1.4 2.5,-2.0 1.4,-0.7 3.1,-0.7 1.6,0 3.1,0.7 1.4,0.7 2.5,2.0 1.1,1.4 1.7,3.4 0.6,2.1 0.6,4.9 z m -2.8,0 q 0,-2.5 -0.4,-4.1 -0.4,-1.7 -1.1,-2.7 -0.7,-1.0 -1.6,-1.5 -0.9,-0.5 -1.9,-0.5 -1.0,0 -1.9,0.5 -0.9,0.4 -1.6,1.5 -0.7,1.0 -1.1,2.7 -0.4,1.7 -0.4,4.1 0,2.5 0.4,4.1 0.4,1.7 1.1,2.7 0.7,1.0 1.6,1.5 0.9,0.4 1.9,0.4 1.0,0 1.9,-0.4 0.9,-0.5 1.6,-1.5 0.7,-1.0 1.1,-2.7 0.4,-1.7 0.4,-4.1 z"
                style="fill:#000000;stroke:none"
            />
        </g>
        <g id="dividend-30-3">
            <path
                id="dividend-30-3-3"
                d="m 816.4,684.0 q 1.4,0 2.5,0.4 1.2,0.4 2.0,1.1 0.8,0.7 1.3,1.7 0.5,1.0 0.5,2.3 0,1.0 -0.3,1.8 -0.3,0.8 -0.8,1.4 -0.5,0.6 -1.2,1.0 -0.7,0.4 -1.5,0.7 2.1,0.6 3.2,1.9 1.1,1.3 1.1,3.3 0,1.5 -0.6,2.7 -0.6,1.2 -1.5,2.0 -1.0,0.8 -2.3,1.3 -1.3,0.4 -2.8,0.4 -1.7,0 -2.9,-0.4 -1.2,-0.4 -2.1,-1.2 -0.8,-0.8 -1.4,-1.8 -0.5,-1.0 -0.9,-2.2 l 1.2,-0.5 q 0.5,-0.2 0.9,-0.1 0.4,0.1 0.6,0.5 0.2,0.4 0.5,1.0 0.3,0.6 0.8,1.1 0.5,0.5 1.3,0.9 0.8,0.4 2.0,0.4 1.1,0 2.0,-0.4 0.9,-0.4 1.4,-1.0 0.6,-0.6 0.9,-1.3 0.3,-0.7 0.3,-1.4 0,-0.9 -0.2,-1.6 -0.2,-0.7 -0.8,-1.2 -0.6,-0.5 -1.7,-0.8 -1.1,-0.3 -2.7,-0.3 v -1.9 q 1.4,0 2.3,-0.3 1.0,-0.3 1.6,-0.8 0.6,-0.5 0.9,-1.2 0.3,-0.7 0.3,-1.5 0,-0.9 -0.3,-1.6 -0.3,-0.7 -0.8,-1.1 -0.5,-0.5 -1.2,-0.7 -0.7,-0.2 -1.5,-0.2 -0.8,0 -1.5,0.2 -0.7,0.2 -1.2,0.7 -0.5,0.4 -0.9,1.0 -0.4,0.6 -0.5,1.3 -0.2,0.5 -0.5,0.7 -0.3,0.2 -0.8,0.1 l -1.4,-0.2 q 0.2,-1.5 0.8,-2.6 0.6,-1.1 1.5,-1.9 0.9,-0.8 2.1,-1.2 1.2,-0.4 2.6,-0.4 z"
                style="fill:#000000;stroke:none"
            />
            <path
                id="dividend-30-3-0"
                d="m 841.3,695.0 q 0,2.8 -0.6,4.9 -0.6,2.1 -1.7,3.4 -1.1,1.4 -2.5,2.0 -1.4,0.7 -3.1,0.7 -1.7,0 -3.1,-0.7 -1.4,-0.7 -2.5,-2.0 -1.1,-1.4 -1.7,-3.4 -0.6,-2.1 -0.6,-4.9 0,-2.8 0.6,-4.9 0.6,-2.1 1.7,-3.4 1.1,-1.4 2.5,-2.0 1.4,-0.7 3.1,-0.7 1.6,0 3.1,0.7 1.4,0.7 2.5,2.0 1.1,1.4 1.7,3.4 0.6,2.1 0.6,4.9 z m -2.8,0 q 0,-2.5 -0.4,-4.1 -0.4,-1.7 -1.1,-2.7 -0.7,-1.0 -1.6,-1.5 -0.9,-0.5 -1.9,-0.5 -1.0,0 -1.9,0.5 -0.9,0.4 -1.6,1.5 -0.7,1.0 -1.1,2.7 -0.4,1.7 -0.4,4.1 0,2.5 0.4,4.1 0.4,1.7 1.1,2.7 0.7,1.0 1.6,1.5 0.9,0.4 1.9,0.4 1.0,0 1.9,-0.4 0.9,-0.5 1.6,-1.5 0.7,-1.0 1.1,-2.7 0.4,-1.7 0.4,-4.1 z"
                style="fill:#000000;stroke:none"
            />
        </g>
        <rect
            id="stock-market-row-10"
            x="500"
            y="720"
            width="400"
            height="50"
            style="fill:none;stroke:#000000;stroke-width:0.5px"
        />
        <g id="stock-price-60">
            <path
                id="stock-price-60-6"
                d="m 564.4,742.3 q -0.3,0.4 -0.6,0.7 -0.3,0.3 -0.5,0.7 0.8,-0.5 1.7,-0.8 0.9,-0.3 2.0,-0.3 1.3,0 2.5,0.4 1.2,0.4 2.0,1.2 0.9,0.8 1.4,2.0 0.5,1.2 0.5,2.7 0,1.5 -0.5,2.8 -0.5,1.3 -1.5,2.2 -1.0,0.9 -2.3,1.5 -1.4,0.5 -3.0,0.5 -1.6,0 -2.9,-0.5 -1.3,-0.5 -2.3,-1.5 -0.9,-1.0 -1.4,-2.3 -0.5,-1.4 -0.5,-3.0 0,-1.4 0.6,-3.0 0.6,-1.6 2.0,-3.4 l 5.5,-7.3 q 0.2,-0.3 0.6,-0.5 0.4,-0.2 0.9,-0.2 h 2.4 z m -2.9,6.8 q 0,1.0 0.3,1.9 0.3,0.9 0.9,1.5 0.6,0.6 1.4,1.0 0.8,0.3 1.9,0.3 1.1,0 2.0,-0.3 0.9,-0.3 1.5,-1.0 0.6,-0.6 1.0,-1.5 0.3,-0.8 0.3,-1.8 0,-1.1 -0.3,-1.9 -0.3,-0.9 -0.9,-1.4 -0.6,-0.6 -1.4,-0.9 -0.8,-0.3 -1.8,-0.3 -1.1,0 -2.0,0.4 -0.9,0.4 -1.5,1.0 -0.6,0.6 -0.9,1.4 -0.3,0.8 -0.3,1.7 z"
                style="fill:#000000;stroke:none"
            />
            <path
                id="stock-price-60-0"
                d="m 591.1,745.0 q 0,2.8 -0.6,4.9 -0.6,2.1 -1.7,3.4 -1.1,1.4 -2.5,2.0 -1.4,0.7 -3.1,0.7 -1.7,0 -3.1,-0.7 -1.4,-0.7 -2.5,-2.0 -1.1,-1.4 -1.7,-3.4 -0.6,-2.1 -0.6,-4.9 0,-2.8 0.6,-4.9 0.6,-2.1 1.7,-3.4 1.1,-1.4 2.5,-2.0 1.4,-0.7 3.1,-0.7 1.6,0 3.1,0.7 1.4,0.7 2.5,2.0 1.1,1.4 1.7,3.4 0.6,2.1 0.6,4.9 z m -2.8,0 q 0,-2.5 -0.4,-4.1 -0.4,-1.7 -1.1,-2.7 -0.7,-1.0 -1.6,-1.5 -0.9,-0.5 -1.9,-0.5 -1.0,0 -1.9,0.5 -0.9,0.4 -1.6,1.5 -0.7,1.0 -1.1,2.7 -0.4,1.7 -0.4,4.1 0,2.5 0.4,4.1 0.4,1.7 1.1,2.7 0.7,1.0 1.6,1.5 0.9,0.4 1.9,0.4 1.0,0 1.9,-0.4 0.9,-0.5 1.6,-1.5 0.7,-1.0 1.1,-2.7 0.4,-1.7 0.4,-4.1 z"
                style="fill:#000000;stroke:none"
            />
        </g>
        <g id="dividend-30-4">
            <path
                id="dividend-30-4-3"
                d="m 816.4,734.0 q 1.4,0 2.5,0.4 1.2,0.4 2.0,1.1 0.8,0.7 1.3,1.7 0.5,1.0 0.5,2.3 0,1.0 -0.3,1.8 -0.3,0.8 -0.8,1.4 -0.5,0.6 -1.2,1.0 -0.7,0.4 -1.5,0.7 2.1,0.6 3.2,1.9 1.1,1.3 1.1,3.3 0,1.5 -0.6,2.7 -0.6,1.2 -1.5,2.0 -1.0,0.8 -2.3,1.3 -1.3,0.4 -2.8,0.4 -1.7,0 -2.9,-0.4 -1.2,-0.4 -2.1,-1.2 -0.8,-0.8 -1.4,-1.8 -0.5,-1.0 -0.9,-2.2 l 1.2,-0.5 q 0.5,-0.2 0.9,-0.1 0.4,0.1 0.6,0.5 0.2,0.4 0.5,1.0 0.3,0.6 0.8,1.1 0.5,0.5 1.3,0.9 0.8,0.4 2.0,0.4 1.1,0 2.0,-0.4 0.9,-0.4 1.4,-1.0 0.6,-0.6 0.9,-1.3 0.3,-0.7 0.3,-1.4 0,-0.9 -0.2,-1.6 -0.2,-0.7 -0.8,-1.2 -0.6,-0.5 -1.7,-0.8 -1.1,-0.3 -2.7,-0.3 v -1.9 q 1.4,0 2.3,-0.3 1.0,-0.3 1.6,-0.8 0.6,-0.5 0.9,-1.2 0.3,-0.7 0.3,-1.5 0,-0.9 -0.3,-1.6 -0.3,-0.7 -0.8,-1.1 -0.5,-0.5 -1.2,-0.7 -0.7,-0.2 -1.5,-0.2 -0.8,0 -1.5,0.2 -0.7,0.2 -1.2,0.7 -0.5,0.4 -0.9,1.0 -0.4,0.6 -0.5,1.3 -0.2,0.5 -0.5,0.7 -0.3,0.2 -0.8,0.1 l -1.4,-0.2 q 0.2,-1.5 0.8,-2.6 0.6,-1.1 1.5,-1.9 0.9,-0.8 2.1,-1.2 1.2,-0.4 2.6,-0.4 z"
                style="fill:#000000;stroke:none"
            />
            <path
                id="dividend-30-4-0"
                d="m 841.3,745.0 q 0,2.8 -0.6,4.9 -0.6,2.1 -1.7,3.4 -1.1,1.4 -2.5,2.0 -1.4,0.7 -3.1,0.7 -1.7,0 -3.1,-0.7 -1.4,-0.7 -2.5,-2.0 -1.1,-1.4 -1.7,-3.4 -0.6,-2.1 -0.6,-4.9 0,-2.8 0.6,-4.9 0.6,-2.1 1.7,-3.4 1.1,-1.4 2.5,-2.0 1.4,-0.7 3.1,-0.7 1.6,0 3.1,0.7 1.4,0.7 2.5,2.0 1.1,1.4 1.7,3.4 0.6,2.1 0.6,4.9 z m -2.8,0 q 0,-2.5 -0.4,-4.1 -0.4,-1.7 -1.1,-2.7 -0.7,-1.0 -1.6,-1.5 -0.9,-0.5 -1.9,-0.5 -1.0,0 -1.9,0.5 -0.9,0.4 -1.6,1.5 -0.7,1.0 -1.1,2.7 -0.4,1.7 -0.4,4.1 0,2.5 0.4,4.1 0.4,1.7 1.1,2.7 0.7,1.0 1.6,1.5 0.9,0.4 1.9,0.4 1.0,0 1.9,-0.4 0.9,-0.5 1.6,-1.5 0.7,-1.0 1.1,-2.7 0.4,-1.7 0.4,-4.1 z"
                style="fill:#000000;stroke:none"
            />
        </g>
        <rect
            id="stock-market-row-11"
            x="500"
            y="770"
            width="400"
            height="50"
            style="fill:none;stroke:#000000;stroke-width:0.5px"
        />
        <g id="stock-price-40">
            <path
                id="stock-price-40-4"
                d="m 571.2,798.0 h 3.3 v 1.5 q 0,0.2 -0.2,0.4 -0.1,0.2 -0.4,0.2 h -2.7 v 5.7 h -2.3 V 800.1 h -9.5 q -0.3,0 -0.5,-0.2 -0.2,-0.2 -0.3,-0.4 l -0.3,-1.4 10.5,-13.9 h 2.5 z m -2.3,-8.9 q 0,-0.4 0,-0.8 0,-0.5 0.1,-0.9 l -7.8,10.7 h 7.7 z"
                style="fill:#000000;stroke:none"
            />
            <path
                id="stock-price-40-0"
                d="m 591.8,795.0 q 0,2.8 -0.6,4.9 -0.6,2.1 -1.7,3.4 -1.1,1.4 -2.5,2.0 -1.4,0.7 -3.1,0.7 -1.7,0 -3.1,-0.7 -1.4,-0.7 -2.5,-2.0 -1.1,-1.4 -1.7,-3.4 -0.6,-2.1 -0.6,-4.9 0,-2.8 0.6,-4.9 0.6,-2.1 1.7,-3.4 1.1,-1.4 2.5,-2.0 1.4,-0.7 3.1,-0.7 1.6,0 3.1,0.7 1.4,0.7 2.5,2.0 1.1,1.4 1.7,3.4 0.6,2.1 0.6,4.9 z m -2.8,0 q 0,-2.5 -0.4,-4.1 -0.4,-1.7 -1.1,-2.7 -0.7,-1.0 -1.6,-1.5 -0.9,-0.5 -1.9,-0.5 -1.0,0 -1.9,0.5 -0.9,0.4 -1.6,1.5 -0.7,1.0 -1.1,2.7 -0.4,1.7 -0.4,4.1 0,2.5 0.4,4.1 0.4,1.7 1.1,2.7 0.7,1.0 1.6,1.5 0.9,0.4 1.9,0.4 1.0,0 1.9,-0.4 0.9,-0.5 1.6,-1.5 0.7,-1.0 1.1,-2.7 0.4,-1.7 0.4,-4.1 z"
                style="fill:#000000;stroke:none"
            />
        </g>
        <g id="dividend-30-5">
            <path
                id="dividend-30-5-3"
                d="m 816.4,784.0 q 1.4,0 2.5,0.4 1.2,0.4 2.0,1.1 0.8,0.7 1.3,1.7 0.5,1.0 0.5,2.3 0,1.0 -0.3,1.8 -0.3,0.8 -0.8,1.4 -0.5,0.6 -1.2,1.0 -0.7,0.4 -1.5,0.7 2.1,0.6 3.2,1.9 1.1,1.3 1.1,3.3 0,1.5 -0.6,2.7 -0.6,1.2 -1.5,2.0 -1.0,0.8 -2.3,1.3 -1.3,0.4 -2.8,0.4 -1.7,0 -2.9,-0.4 -1.2,-0.4 -2.1,-1.2 -0.8,-0.8 -1.4,-1.8 -0.5,-1.0 -0.9,-2.2 l 1.2,-0.5 q 0.5,-0.2 0.9,-0.1 0.4,0.1 0.6,0.5 0.2,0.4 0.5,1.0 0.3,0.6 0.8,1.1 0.5,0.5 1.3,0.9 0.8,0.4 2.0,0.4 1.1,0 2.0,-0.4 0.9,-0.4 1.4,-1.0 0.6,-0.6 0.9,-1.3 0.3,-0.7 0.3,-1.4 0,-0.9 -0.2,-1.6 -0.2,-0.7 -0.8,-1.2 -0.6,-0.5 -1.7,-0.8 -1.1,-0.3 -2.7,-0.3 v -1.9 q 1.4,0 2.3,-0.3 1.0,-0.3 1.6,-0.8 0.6,-0.5 0.9,-1.2 0.3,-0.7 0.3,-1.5 0,-0.9 -0.3,-1.6 -0.3,-0.7 -0.8,-1.1 -0.5,-0.5 -1.2,-0.7 -0.7,-0.2 -1.5,-0.2 -0.8,0 -1.5,0.2 -0.7,0.2 -1.2,0.7 -0.5,0.4 -0.9,1.0 -0.4,0.6 -0.5,1.3 -0.2,0.5 -0.5,0.7 -0.3,0.2 -0.8,0.1 l -1.4,-0.2 q 0.2,-1.5 0.8,-2.6 0.6,-1.1 1.5,-1.9 0.9,-0.8 2.1,-1.2 1.2,-0.4 2.6,-0.4 z"
                style="fill:#000000;stroke:none"
            />
            <path
                id="dividend-30-5-0"
                d="m 841.3,795.0 q 0,2.8 -0.6,4.9 -0.6,2.1 -1.7,3.4 -1.1,1.4 -2.5,2.0 -1.4,0.7 -3.1,0.7 -1.7,0 -3.1,-0.7 -1.4,-0.7 -2.5,-2.0 -1.1,-1.4 -1.7,-3.4 -0.6,-2.1 -0.6,-4.9 0,-2.8 0.6,-4.9 0.6,-2.1 1.7,-3.4 1.1,-1.4 2.5,-2.0 1.4,-0.7 3.1,-0.7 1.6,0 3.1,0.7 1.4,0.7 2.5,2.0 1.1,1.4 1.7,3.4 0.6,2.1 0.6,4.9 z m -2.8,0 q 0,-2.5 -0.4,-4.1 -0.4,-1.7 -1.1,-2.7 -0.7,-1.0 -1.6,-1.5 -0.9,-0.5 -1.9,-0.5 -1.0,0 -1.9,0.5 -0.9,0.4 -1.6,1.5 -0.7,1.0 -1.1,2.7 -0.4,1.7 -0.4,4.1 0,2.5 0.4,4.1 0.4,1.7 1.1,2.7 0.7,1.0 1.6,1.5 0.9,0.4 1.9,0.4 1.0,0 1.9,-0.4 0.9,-0.5 1.6,-1.5 0.7,-1.0 1.1,-2.7 0.4,-1.7 0.4,-4.1 z"
                style="fill:#000000;stroke:none"
            />
        </g>
        <rect
            id="stock-market-row-12"
            x="500"
            y="820"
            width="400"
            height="80"
            style="fill:#ffe4e1;stroke:#000000;stroke-width:0.5px"
        />
        <g id="stock-market-text-bankrupt">
            <path
                id="stock-market-text-bankrupt-b"
                d="m 622.2,870.6 v -21.5 h 6.9 q 2.0,0 3.4,0.4 1.4,0.4 2.4,1.1 0.9,0.7 1.4,1.8 0.4,1.0 0.4,2.3 0,0.8 -0.3,1.5 -0.2,0.7 -0.7,1.4 -0.5,0.6 -1.3,1.1 -0.8,0.5 -1.8,0.8 2.4,0.5 3.6,1.7 1.2,1.2 1.2,3.2 0,1.4 -0.5,2.5 -0.5,1.1 -1.5,1.9 -1.0,0.8 -2.4,1.3 -1.4,0.4 -3.2,0.4 z m 2.9,-9.8 v 7.5 h 4.7 q 1.2,0 2.1,-0.3 0.9,-0.3 1.5,-0.8 0.6,-0.5 0.9,-1.2 0.3,-0.7 0.3,-1.6 0,-1.7 -1.2,-2.6 -1.2,-1.0 -3.6,-1.0 z m 0,-2.1 h 3.8 q 1.2,0 2.1,-0.3 0.9,-0.3 1.5,-0.8 0.6,-0.5 0.9,-1.2 0.3,-0.7 0.3,-1.5 0,-1.9 -1.1,-2.8 -1.1,-0.9 -3.5,-0.9 h -4.0 z"
                style="fill:#000000;stroke:none"
            />
            <path
                id="stock-market-text-bankrupt-a"
                d="m 658.8,870.6 h -2.3 q -0.4,0 -0.6,-0.2 -0.2,-0.2 -0.4,-0.5 l -2.0,-5.2 h -9.6 l -2.0,5.2 q -0.1,0.3 -0.3,0.5 -0.3,0.2 -0.6,0.2 h -2.3 l 8.6,-21.5 h 2.9 z m -14.1,-8.0 h 8.0 l -3.4,-8.7 q -0.2,-0.4 -0.3,-0.9 -0.2,-0.5 -0.3,-1.1 -0.2,0.6 -0.3,1.1 -0.2,0.5 -0.3,0.9 z"
                style="fill:#000000;stroke:none"
            />
            <path
                id="stock-market-text-bankrupt-n"
                d="m 663.1,849.1 q 0.2,0 0.3,0 0.1,0 0.2,0.1 0.1,0 0.2,0.2 0.1,0.1 0.2,0.2 l 12.4,16.2 q 0,-0.4 -0.1,-0.8 0,-0.4 0,-0.7 v -15.2 h 2.6 v 21.5 h -1.5 q -0.3,0 -0.6,-0.1 -0.2,-0.1 -0.5,-0.4 l -12.4,-16.2 q 0,0.4 0,0.7 0,0.4 0,0.7 v 15.3 h -2.6 v -21.5 z"
                style="fill:#000000;stroke:none"
            />
            <path
                id="stock-market-text-bankrupt-k"
                d="m 687.4,858.5 h 1.1 q 0.6,0 0.9,-0.1 0.3,-0.2 0.6,-0.5 l 7.2,-8.1 q 0.3,-0.4 0.6,-0.5 0.3,-0.2 0.8,-0.2 h 2.5 l -8.2,9.3 q -0.3,0.4 -0.6,0.6 -0.3,0.2 -0.6,0.4 0.4,0.1 0.7,0.4 0.3,0.3 0.6,0.7 l 8.6,10.2 h -2.5 q -0.3,0 -0.5,0 -0.2,0 -0.3,-0.1 -0.2,-0.1 -0.3,-0.2 -0.1,-0.1 -0.2,-0.3 l -7.4,-8.5 q -0.3,-0.4 -0.6,-0.5 -0.3,-0.2 -1.1,-0.2 h -1.3 v 9.8 h -2.9 v -21.5 h 2.9 z"
                style="fill:#000000;stroke:none"
            />
            <path
                id="stock-market-text-bankrupt-r"
                d="m 707.3,861.7 v 9.0 h -2.9 v -21.5 h 6.1 q 2.0,0 3.5,0.4 1.5,0.4 2.4,1.2 1.0,0.8 1.4,1.9 0.5,1.1 0.5,2.5 0,1.1 -0.4,2.1 -0.4,1.0 -1.1,1.8 -0.7,0.8 -1.7,1.4 -1.0,0.6 -2.2,0.8 0.6,0.4 1.0,0.9 l 6.3,8.5 h -2.6 q -0.8,0 -1.2,-0.6 l -5.6,-7.7 q -0.3,-0.4 -0.6,-0.5 -0.3,-0.2 -0.9,-0.2 z m 0,-2.1 h 3.1 q 1.3,0 2.2,-0.3 1.0,-0.3 1.6,-0.9 0.7,-0.6 1.0,-1.4 0.3,-0.8 0.3,-1.7 0,-1.9 -1.3,-2.9 -1.3,-1.0 -3.8,-1.0 h -3.2 z"
                style="fill:#000000;stroke:none"
            />
            <path
                id="stock-market-text-bankrupt-u"
                d="m 731.5,868.3 q 1.3,0 2.4,-0.5 1.1,-0.5 1.8,-1.3 0.7,-0.8 1.1,-1.9 0.4,-1.1 0.4,-2.5 v -13.1 h 2.9 v 13.1 q 0,1.9 -0.6,3.5 -0.6,1.6 -1.7,2.8 -1.1,1.2 -2.7,1.8 -1.6,0.7 -3.6,0.7 -2.0,0 -3.6,-0.7 -1.6,-0.7 -2.7,-1.8 -1.1,-1.2 -1.7,-2.8 -0.6,-1.6 -0.6,-3.5 v -13.1 h 2.9 v 13.1 q 0,1.4 0.4,2.5 0.4,1.1 1.1,1.9 0.7,0.8 1.8,1.3 1.1,0.5 2.4,0.5 z"
                style="fill:#000000;stroke:none"
            />
            <path
                id="stock-market-text-bankrupt-p"
                d="m 748.1,862.6 v 8.0 h -2.9 v -21.5 h 6.3 q 2.0,0 3.5,0.5 1.5,0.5 2.5,1.3 1.0,0.9 1.5,2.1 0.5,1.2 0.5,2.7 0,1.5 -0.5,2.7 -0.5,1.2 -1.5,2.1 -1.0,0.9 -2.5,1.4 -1.5,0.5 -3.4,0.5 z m 0,-2.3 h 3.5 q 1.2,0 2.2,-0.3 1.0,-0.3 1.6,-0.9 0.7,-0.6 1.0,-1.4 0.3,-0.8 0.3,-1.8 0,-2.1 -1.3,-3.2 -1.3,-1.2 -3.8,-1.2 h -3.5 z"
                style="fill:#000000;stroke:none"
            />
            <path
                id="stock-market-text-bankrupt-t"
                d="m 777.8,849.1 v 2.4 h -7.0 v 19.1 h -2.9 v -19.1 h -7.0 v -2.4 z"
                style="fill:#000000;stroke:none"
            />
        </g>
    </g>
    <g id="squares">
        <rect
            id="segment1-square1"
            x="0"
            y="500"
            width="100"
            height="100"
            style="fill:none;stroke:#000000;stroke-width:0.5px"
        />
        <rect
            id="segment1-square2"
            x="0"
            y="600"
            width="100"
            height="100"
            style="fill:none;stroke:#000000;stroke-width:0.5px"
        />
        <rect
            id="segment1-square3"
            x="0"
            y="700"
            width="100"
            height="100"
            style="fill:none;stroke:#000000;stroke-width:0.5px"
        />
        <rect
            id="segment1-square4"
            x="0"
            y="800"
            width="100"
            height="100"
            style="fill:none;stroke:#000000;stroke-width:0.5px"
        />
        <rect
            id="segment1-square5"
            x="0"
            y="900"
            width="100"
            height="100"
            style="fill:none;stroke:#000000;stroke-width:0.5px"
        />
        <rect
            id="segment1-square6"
            x="100"
            y="900"
            width="100"
            height="100"
            style="fill:none;stroke:#000000;stroke-width:0.5px"
        />
        <rect
            id="segment1-square7"
            x="200"
            y="900"
            width="100"
            height="100"
            style="fill:none;stroke:#000000;stroke-width:0.5px"
        />
        <rect
            id="segment1-square8"
            x="300"
            y="900"
            width="100"
            height="100"
            style="fill:none;stroke:#000000;stroke-width:0.5px"
        />
        <rect
            id="segment1-square9"
            x="400"
            y="900"
            width="100"
            height="100"
            style="fill:none;stroke:#000000;stroke-width:0.5px"
        />
        <rect
            id="segment2-square1"
            x="400"
            y="0"
            width="100"
            height="100"
            style="fill:none;stroke:#000000;stroke-width:0.5px"
        />
        <rect
            id="segment2-square2"
            x="300"
            y="0"
            width="100"
            height="100"
            style="fill:none;stroke:#000000;stroke-width:0.5px"
        />
        <rect
            id="segment2-square3"
            x="200"
            y="0"
            width="100"
            height="100"
            style="fill:none;stroke:#000000;stroke-width:0.5px"
        />
        <rect
            id="segment2-square4"
            x="100"
            y="0"
            width="100"
            height="100"
            style="fill:none;stroke:#000000;stroke-width:0.5px"
        />
        <rect
            id="segment2-square5"
            x="0"
            y="0"
            width="100"
            height="100"
            style="fill:none;stroke:#000000;stroke-width:0.5px"
        />
        <rect
            id="segment1-square6"
            x="0"
            y="100"
            width="100"
            height="100"
            style="fill:none;stroke:#000000;stroke-width:0.5px"
        />
        <rect
            id="segment1-square7"
            x="0"
            y="200"
            width="100"
            height="100"
            style="fill:none;stroke:#000000;stroke-width:0.5px"
        />
        <rect
            id="segment1-square8"
            x="0"
            y="300"
            width="100"
            height="100"
            style="fill:none;stroke:#000000;stroke-width:0.5px"
        />
        <rect
            id="segment1-square9"
            x="0"
            y="400"
            width="100"
            height="100"
            style="fill:none;stroke:#000000;stroke-width:0.5px"
        />
        <rect
            id="segment3-square1"
            x="900"
            y="400"
            width="100"
            height="100"
            style="fill:none;stroke:#000000;stroke-width:0.5px"
        />
        <rect
            id="segment3-square2"
            x="900"
            y="300"
            width="100"
            height="100"
            style="fill:none;stroke:#000000;stroke-width:0.5px"
        />
        <rect
            id="segment3-square3"
            x="900"
            y="200"
            width="100"
            height="100"
            style="fill:none;stroke:#000000;stroke-width:0.5px"
        />
        <rect
            id="segment3-square4"
            x="900"
            y="100"
            width="100"
            height="100"
            style="fill:none;stroke:#000000;stroke-width:0.5px"
        />
        <rect
            id="segment3-square5"
            x="900"
            y="0"
            width="100"
            height="100"
            style="fill:none;stroke:#000000;stroke-width:0.5px"
        />
        <rect
            id="segment3-square6"
            x="800"
            y="0"
            width="100"
            height="100"
            style="fill:none;stroke:#000000;stroke-width:0.5px"
        />
        <rect
            id="segment3-square7"
            x="700"
            y="0"
            width="100"
            height="100"
            style="fill:none;stroke:#000000;stroke-width:0.5px"
        />
        <rect
            id="segment3-square8"
            x="600"
            y="0"
            width="100"
            height="100"
            style="fill:none;stroke:#000000;stroke-width:0.5px"
        />
        <rect
            id="segment3-square9"
            x="500"
            y="0"
            width="100"
            height="100"
            style="fill:none;stroke:#000000;stroke-width:0.5px"
        />
        <rect
            id="segment4-square1"
            x="500"
            y="900"
            width="100"
            height="100"
            style="fill:none;stroke:#000000;stroke-width:0.5px"
        />
        <rect
            id="segment4-square2"
            x="600"
            y="900"
            width="100"
            height="100"
            style="fill:none;stroke:#000000;stroke-width:0.5px"
        />
        <rect
            id="segment4-square3"
            x="700"
            y="900"
            width="100"
            height="100"
            style="fill:none;stroke:#000000;stroke-width:0.5px"
        />
        <rect
            id="segment4-square4"
            x="800"
            y="900"
            width="100"
            height="100"
            style="fill:none;stroke:#000000;stroke-width:0.5px"
        />
        <rect
            id="segment4-square5"
            x="900"
            y="900"
            width="100"
            height="100"
            style="fill:none;stroke:#000000;stroke-width:0.5px"
        />
        <rect
            id="segment4-square6"
            x="900"
            y="800"
            width="100"
            height="100"
            style="fill:none;stroke:#000000;stroke-width:0.5px"
        />
        <rect
            id="segment4-square7"
            x="900"
            y="700"
            width="100"
            height="100"
            style="fill:none;stroke:#000000;stroke-width:0.5px"
        />
        <rect
            id="segment4-square8"
            x="900"
            y="600"
            width="100"
            height="100"
            style="fill:none;stroke:#000000;stroke-width:0.5px"
        />
        <rect
            id="segment4-square9"
            x="900"
            y="500"
            width="100"
            height="100"
            style="fill:none;stroke:#000000;stroke-width:0.5px"
        />
    </g>
</svg>
