<svg
    xmlns="http://www.w3.org/2000/svg"
    height="100"
    width="100"
    viewbox="0 0 100 100"
>
    <rect
        x="0"
        y="0"
        width="100"
        height="100"
        style="fill:#36454f;stroke:#000000;stroke-width:0.5px"
    />
    <path
        id="arrow"
        d="m 47.137507,64.0 v -36.825 h -9.3 l 12.3,-21.0749997 12.225,21.0749997 h -9.3 v 36.825 z"
        style="fill:#ffffff;stroke:none"
    />
    <path
        id="s"
        d="m 29.6,74.5 q -0.1,0.2 -0.2,0.2 -0.1,0.1 -0.3,0.1 -0.2,0 -0.4,-0.2 -0.23,-0.17 -0.58,-0.37 -0.34,-0.21 -0.83,-0.38 -0.48,-0.17 -1.17,-0.17 -0.65,0 -1.15,0.18 -0.49,0.17 -0.83,0.47 -0.33,0.3 -0.5,0.71 -0.17,0.4 -0.17,0.87 0,0.6 0.29,1 0.3,0.39 0.78,0.67 0.49,0.28 1.1,0.49 0.62,0.2 1.26,0.42 0.65,0.22 1.26,0.5 0.62,0.27 1.1,0.69 0.49,0.42 0.78,1.03 0.3,0.61 0.3,1.5 0,0.94 -0.32,1.77 -0.32,0.82 -0.94,1.43 -0.61,0.61 -1.51,0.96 -0.89,0.35 -2.03,0.35 -1.4,0 -2.54,-0.5 -1.14,-0.51 -1.95,-1.37 l 0.56,-0.92 q 0.08,-0.11 0.19,-0.18 0.12,-0.08 0.26,-0.08 0.13,0 0.29,0.11 0.17,0.1 0.38,0.26 0.21,0.16 0.48,0.35 0.27,0.19 0.61,0.35 0.35,0.16 0.79,0.27 0.44,0.1 0.99,0.1 0.69,0 1.23,-0.19 0.54,-0.19 0.91,-0.53 0.38,-0.35 0.58,-0.83 0.2,-0.48 0.2,-1.07 0,-0.65 -0.3,-1.06 -0.29,-0.42 -0.77,-0.7 -0.48,-0.28 -1.1,-0.47 -0.62,-0.2 -1.26,-0.4 -0.64,-0.21 -1.26,-0.48 -0.62,-0.27 -1.1,-0.7 -0.48,-0.43 -0.78,-1.07 -0.29,-0.65 -0.29,-1.6 0,-0.76 0.29,-1.47 0.3,-0.71 0.86,-1.26 0.57,-0.55 1.39,-0.88 0.83,-0.33 1.9,-0.33 1.2,0 2.18,0.38 0.99,0.38 1.74,1.1 z"
        style="fill:#ffffff;stroke:none"
    />
    <path
        id="t-1"
        d="m 42.9,72.2 v 1.6 h -4.6 v 12.7 h -1.9 v -12.7 h -4.7 v -1.6 z"
        style="fill:#ffffff;stroke:none"
    />
    <path
        id="a"
        d="m 55.2,86.6 h -1.5 q -0.3,0 -0.4,-0.1 -0.2,-0.1 -0.2,-0.3 l -1.3,-3.5 h -6.4 l -1.3,3.5 q -0.1,0.2 -0.2,0.3 -0.2,0.1 -0.4,0.1 h -1.5 l 5.7,-14.3 h 2.0 z m -9.4,-5.3 h 5.4 l -2.3,-5.8 q -0.1,-0.3 -0.2,-0.6 -0.1,-0.3 -0.2,-0.7 -0.1,0.4 -0.2,0.7 -0.1,0.3 -0.2,0.6 z"
        style="fill:#ffffff;stroke:none"
    />
    <path
        id="r"
        d="m 59.0,80.6 v 6.0 h -1.9 v -14.3 h 4.1 q 1.4,0 2.4,0.3 1.0,0.3 1.6,0.8 0.7,0.5 1.0,1.3 0.3,0.7 0.3,1.6 0,0.8 -0.2,1.4 -0.2,0.7 -0.7,1.2 -0.5,0.5 -1.1,0.9 -0.7,0.4 -1.5,0.6 0.4,0.2 0.6,0.6 l 4.2,5.7 h -1.7 q -0.5,0 -0.8,-0.4 l -3.7,-5.1 q -0.2,-0.2 -0.4,-0.3 -0.2,-0.1 -0.6,-0.1 z m 0,-1.4 h 2.0 q 0.8,0 1.5,-0.2 0.7,-0.2 1.1,-0.6 0.4,-0.4 0.7,-0.9 0.2,-0.5 0.2,-1.2 0,-1.3 -0.8,-1.9 -0.8,-0.7 -2.5,-0.7 h -2.1 z"
        style="fill:#ffffff;stroke:none"
    />
    <path
        id="t-2"
        d="m 78.9,72.2 v 1.6 h -4.6 v 12.7 h -1.9 v -12.7 h -4.7 v -1.6 z"
        style="fill:#ffffff;stroke:none"
    />
</svg>