<svg
    xmlns="http://www.w3.org/2000/svg"
    width="130"
    height="130"
    viewBox="0 0 130 130"
>
    <g>
        <polygon
            points="65,65 98,9 32,9"
            style="fill:#f5f5f5;stroke:#000000;stroke-width:0.5px"
        />
        <path
            d="m 61.1,27.4 h -0.8 q -0.1,0 -0.2,-0.1 -0.1,-0.1 -0.1,-0.2 L 59.2,25.3 H 55.8 L 55.1,27.2 q 0,0.1 -0.1,0.2 -0.1,0.1 -0.2,0.1 H 53.9 l 3.1,-7.6 h 1.0 z M 56.1,24.6 h 2.9 l -1.2,-3.1 q -0.1,-0.1 -0.1,-0.3 -0.1,-0.2 -0.1,-0.4 -0.1,0.2 -0.1,0.4 -0.1,0.2 -0.1,0.3 z"
            style="fill:#000000;stroke:none"
        />
        <path
            d="m 62.6,19.8 q 0.1,0 0.1,0 0,0 0.1,0 0,0 0.1,0.1 0,0 0.1,0.1 l 4.4,5.8 q 0,-0.1 0,-0.3 0,-0.1 0,-0.3 v -5.4 h 0.9 v 7.6 h -0.5 q -0.1,0 -0.2,0 -0.1,0 -0.2,-0.1 l -4.4,-5.8 q 0,0.1 0,0.3 0,0.1 0,0.2 v 5.4 H 62.1 v -7.6 h 0.5 z"
            style="fill:#000000;stroke:none"
        />
        <path
            d="m 73.1,24.4 v 3.0 h -1.0 v -3.0 l -2.8,-4.6 h 0.9 q 0.1,0 0.2,0.1 0.1,0.1 0.1,0.2 l 1.7,3.0 q 0.1,0.2 0.2,0.4 0.1,0.2 0.1,0.3 0.1,-0.2 0.1,-0.3 0.1,-0.2 0.2,-0.4 l 1.7,-3.0 q 0,-0.1 0.1,-0.2 0.1,-0.1 0.2,-0.1 h 0.9 z"
            style="fill:#000000;stroke:none"
        />
        <path
            d="m 60.5,37.1 h 2.6 v 0.8 h -2.6 z"
            style="fill:#000000;stroke:none"
        />
        <path
            d="m 66.9,33.0 q 0.5,0 0.9,0.1 0.4,0.1 0.7,0.4 0.3,0.3 0.5,0.7 0.2,0.4 0.2,0.9 0,0.4 -0.1,0.8 -0.1,0.4 -0.3,0.7 -0.2,0.3 -0.5,0.6 -0.3,0.3 -0.6,0.6 l -2.0,2.1 q 0.2,-0.1 0.4,-0.1 0.2,0 0.4,0 h 2.6 q 0.2,0 0.2,0.1 0.1,0.1 0.1,0.2 v 0.6 h -5.1 v -0.3 q 0,-0.1 0,-0.2 0,-0.1 0.1,-0.2 l 2.4,-2.5 q 0.3,-0.3 0.6,-0.6 0.3,-0.3 0.4,-0.6 0.2,-0.3 0.3,-0.6 0.1,-0.3 0.1,-0.6 0,-0.3 -0.1,-0.6 -0.1,-0.3 -0.3,-0.4 -0.2,-0.2 -0.4,-0.2 -0.3,-0.1 -0.5,-0.1 -0.3,0 -0.5,0.1 -0.2,0.1 -0.4,0.2 -0.2,0.1 -0.3,0.4 -0.1,0.2 -0.2,0.5 -0.1,0.2 -0.2,0.3 -0.1,0.1 -0.3,0 l -0.5,-0.1 q 0.1,-0.5 0.3,-0.9 0.2,-0.4 0.5,-0.7 0.3,-0.3 0.8,-0.4 0.4,-0.1 0.9,-0.1 z"
            style="fill:#000000;stroke:none"
        />
    </g>
    <g>
        <polygon
            points="65,65 32,9 0,65"
            style="fill:#f5f5f5;stroke:#000000;stroke-width:0.5px"
        />
        <path
            d="m 22.3,40.9 q 0,0.1 -0.1,0.1 -0.1,0 -0.1,0 -0.1,0 -0.2,-0.1 -0.1,-0.1 -0.3,-0.2 -0.2,-0.1 -0.4,-0.2 -0.3,-0.1 -0.6,-0.1 -0.3,0 -0.6,0.1 -0.3,0.1 -0.4,0.3 -0.2,0.2 -0.3,0.4 -0.1,0.2 -0.1,0.5 0,0.3 0.2,0.5 0.2,0.2 0.4,0.4 0.3,0.1 0.6,0.3 0.3,0.1 0.7,0.2 0.3,0.1 0.7,0.3 0.3,0.1 0.6,0.4 0.3,0.2 0.4,0.5 0.2,0.3 0.2,0.8 0,0.5 -0.2,0.9 -0.2,0.4 -0.5,0.8 -0.3,0.3 -0.8,0.5 -0.5,0.2 -1.1,0.2 -0.7,0 -1.4,-0.3 -0.6,-0.3 -1.0,-0.7 l 0.3,-0.5 q 0,-0.1 0.1,-0.1 0.1,0 0.1,0 0.1,0 0.2,0.1 0.1,0.1 0.2,0.1 0.1,0.1 0.3,0.2 0.1,0.1 0.3,0.2 0.2,0.1 0.4,0.1 0.2,0.1 0.5,0.1 0.4,0 0.7,-0.1 0.3,-0.1 0.5,-0.3 0.2,-0.2 0.3,-0.4 0.1,-0.3 0.1,-0.6 0,-0.3 -0.2,-0.6 -0.2,-0.2 -0.4,-0.4 -0.3,-0.1 -0.6,-0.3 -0.3,-0.1 -0.7,-0.2 -0.3,-0.1 -0.7,-0.3 -0.3,-0.1 -0.6,-0.4 -0.3,-0.2 -0.4,-0.6 -0.2,-0.3 -0.2,-0.8 0,-0.4 0.2,-0.8 0.2,-0.4 0.5,-0.7 0.3,-0.3 0.7,-0.5 0.4,-0.2 1.0,-0.2 0.6,0 1.2,0.2 0.5,0.2 0.9,0.6 z"
            style="fill:#000000;stroke:none"
        />
        <path
            d="m 23.3,39.7 h 0.9 q 0.1,0 0.2,0.1 0.1,0.1 0.1,0.2 l 1.6,5.3 q 0,0.1 0.1,0.3 0,0.2 0.1,0.3 0,-0.2 0.1,-0.3 0,-0.2 0.1,-0.3 l 1.8,-5.3 q 0,-0.1 0.1,-0.2 0.1,-0.1 0.2,-0.1 h 0.3 q 0.1,0 0.2,0.1 0.1,0.1 0.1,0.2 l 1.8,5.3 q 0,0.1 0.1,0.3 0,0.2 0.1,0.3 0,-0.2 0.1,-0.3 0,-0.2 0.1,-0.3 l 1.6,-5.3 q 0,-0.1 0.1,-0.2 0.1,-0.1 0.2,-0.1 h 0.8 l -2.4,7.6 h -0.9 l -1.9,-5.8 q -0.1,-0.2 -0.1,-0.4 0,0.1 -0.1,0.2 0,0.1 0,0.2 l -1.9,5.8 h -0.9 z"
            style="fill:#000000;stroke:none"
        />
        <path
            d="m 40.9,47.4 h -0.8 q -0.1,0 -0.2,-0.1 -0.1,-0.1 -0.1,-0.2 l -0.7,-1.8 h -3.4 l -0.7,1.8 q 0,0.1 -0.1,0.2 -0.1,0.1 -0.2,0.1 h -0.8 l 3.1,-7.6 h 1.0 z m -5.0,-2.8 h 2.9 l -1.2,-3.1 q -0.1,-0.1 -0.1,-0.3 -0.1,-0.2 -0.1,-0.4 -0.1,0.2 -0.1,0.4 -0.1,0.2 -0.1,0.3 z"
            style="fill:#000000;stroke:none"
        />
        <path
            d="m 43.0,44.5 v 2.9 h -1.0 v -7.6 h 2.3 q 0.7,0 1.3,0.2 0.5,0.2 0.9,0.5 0.4,0.3 0.5,0.7 0.2,0.4 0.2,1.0 0,0.5 -0.2,1.0 -0.2,0.4 -0.5,0.8 -0.4,0.3 -0.9,0.5 -0.5,0.2 -1.2,0.2 z m 0,-0.8 h 1.2 q 0.4,0 0.8,-0.1 0.3,-0.1 0.6,-0.3 0.2,-0.2 0.4,-0.5 0.1,-0.3 0.1,-0.6 0,-0.7 -0.5,-1.1 -0.4,-0.4 -1.4,-0.4 h -1.2 z"
            style="fill:#000000;stroke:none"
        />
        <path
            d="m 20.0,54.2 q 0,0.1 -0.1,0.1 -0.1,0 -0.1,0 -0.1,0 -0.2,-0.1 -0.1,-0.1 -0.3,-0.2 -0.2,-0.1 -0.4,-0.2 -0.3,-0.1 -0.6,-0.1 -0.3,0 -0.6,0.1 -0.3,0.1 -0.4,0.3 -0.2,0.2 -0.3,0.4 -0.1,0.2 -0.1,0.5 0,0.3 0.2,0.5 0.2,0.2 0.4,0.4 0.3,0.1 0.6,0.3 0.3,0.1 0.7,0.2 0.3,0.1 0.7,0.3 0.3,0.1 0.6,0.4 0.3,0.2 0.4,0.5 0.2,0.3 0.2,0.8 0,0.5 -0.2,0.9 -0.2,0.4 -0.5,0.8 -0.3,0.3 -0.8,0.5 -0.5,0.2 -1.1,0.2 -0.7,0 -1.4,-0.3 -0.6,-0.3 -1.0,-0.7 l 0.3,-0.5 q 0,-0.1 0.1,-0.1 0.1,0 0.1,0 0.1,0 0.2,0.1 0.1,0.1 0.2,0.1 0.1,0.1 0.3,0.2 0.1,0.1 0.3,0.2 0.2,0.1 0.4,0.1 0.2,0.1 0.5,0.1 0.4,0 0.7,-0.1 0.3,-0.1 0.5,-0.3 0.2,-0.2 0.3,-0.4 0.1,-0.3 0.1,-0.6 0,-0.3 -0.2,-0.6 -0.2,-0.2 -0.4,-0.4 -0.3,-0.1 -0.6,-0.3 -0.3,-0.1 -0.7,-0.2 -0.3,-0.1 -0.7,-0.3 -0.3,-0.1 -0.6,-0.4 -0.3,-0.2 -0.4,-0.6 -0.2,-0.3 -0.2,-0.9 0,-0.4 0.2,-0.8 0.2,-0.4 0.5,-0.7 0.3,-0.3 0.7,-0.5 0.4,-0.2 1.0,-0.2 0.6,0 1.2,0.2 0.5,0.2 0.9,0.6 z"
            style="fill:#000000;stroke:none"
        />
        <path
            d="m 27.1,53.0 v 0.9 h -2.5 v 6.8 h -1.0 v -6.8 h -2.5 v -0.9 z"
            style="fill:#000000;stroke:none"
        />
        <path
            d="m 34.9,56.9 q 0,0.9 -0.3,1.6 -0.3,0.7 -0.8,1.2 -0.5,0.5 -1.2,0.8 -0.7,0.3 -1.5,0.3 -0.8,0 -1.5,-0.3 -0.7,-0.3 -1.2,-0.8 -0.5,-0.5 -0.8,-1.2 -0.3,-0.7 -0.3,-1.6 0,-0.9 0.3,-1.6 0.3,-0.7 0.8,-1.2 0.5,-0.5 1.2,-0.8 0.7,-0.3 1.5,-0.3 0.8,0 1.5,0.3 0.7,0.3 1.2,0.8 0.5,0.5 0.8,1.2 0.3,0.7 0.3,1.6 z m -1.1,0 q 0,-0.7 -0.2,-1.3 -0.2,-0.6 -0.5,-0.9 -0.4,-0.4 -0.9,-0.6 -0.5,-0.2 -1.1,-0.2 -0.6,0 -1.1,0.2 -0.5,0.2 -0.9,0.6 -0.4,0.4 -0.5,0.9 -0.2,0.6 -0.2,1.3 0,0.7 0.2,1.3 0.2,0.6 0.5,0.9 0.4,0.4 0.9,0.6 0.5,0.2 1.1,0.2 0.6,0 1.1,-0.2 0.5,-0.2 0.9,-0.6 0.4,-0.4 0.5,-0.9 0.2,-0.6 0.2,-1.3 z"
            style="fill:#000000;stroke:none"
        />
        <path
            d="m 41.8,59.1 q 0.1,0 0.1,0.1 l 0.4,0.4 q -0.5,0.5 -1.1,0.8 -0.7,0.3 -1.6,0.3 -0.8,0 -1.5,-0.3 -0.7,-0.3 -1.1,-0.8 -0.5,-0.5 -0.7,-1.2 -0.3,-0.7 -0.3,-1.6 0,-0.9 0.3,-1.6 0.3,-0.7 0.8,-1.2 0.5,-0.5 1.2,-0.8 0.7,-0.3 1.5,-0.3 0.8,0 1.4,0.3 0.6,0.3 1.1,0.7 l -0.3,0.5 q 0,0.1 -0.1,0.1 0,0 -0.1,0 -0.1,0 -0.2,-0.1 -0.1,-0.1 -0.4,-0.2 -0.2,-0.1 -0.6,-0.2 -0.3,-0.1 -0.8,-0.1 -0.6,0 -1.1,0.2 -0.5,0.2 -0.8,0.6 -0.4,0.4 -0.5,0.9 -0.2,0.6 -0.2,1.3 0,0.7 0.2,1.3 0.2,0.6 0.6,0.9 0.4,0.4 0.8,0.6 0.5,0.2 1.0,0.2 0.3,0 0.6,0 0.3,0 0.5,-0.1 0.2,-0.1 0.4,-0.2 0.2,-0.1 0.4,-0.3 0.1,-0.1 0.2,-0.1 z"
            style="fill:#000000;stroke:none"
        />
        <path
            d="m 44.5,56.4 h 0.4 q 0.2,0 0.3,0 0.1,-0.1 0.2,-0.2 l 2.5,-2.9 q 0.1,-0.1 0.2,-0.2 0.1,-0.1 0.3,-0.1 h 0.9 l -2.9,3.3 q -0.1,0.1 -0.2,0.2 -0.1,0.1 -0.2,0.1 0.1,0 0.3,0.1 0.1,0.1 0.2,0.2 l 3.0,3.6 H 48.7 q -0.1,0 -0.2,0 -0.1,0 -0.1,0 -0.1,0 -0.1,-0.1 0,0 -0.1,-0.1 L 45.6,57.4 q -0.1,-0.1 -0.2,-0.2 -0.1,-0.1 -0.4,-0.1 h -0.5 v 3.5 H 43.5 v -7.6 h 1.0 z"
            style="fill:#000000;stroke:none"
        />
    </g>
    <g>
        <polygon
            points="65,65 0,65 33,121"
            style="fill:#f5f5f5;stroke:#000000;stroke-width:0.5px"
        />
        <path
            d="m 22.7,74.2 q -0.6,-0.1 -1.2,-0.3 -0.5,-0.3 -0.9,-0.7 l 0.3,-0.4 q 0,-0.1 0.1,-0.1 0.1,0 0.1,0 0.1,0 0.2,0.1 0.1,0.1 0.3,0.2 0.2,0.1 0.4,0.3 0.3,0.1 0.6,0.2 l 0.2,-2.8 q -0.4,-0.1 -0.7,-0.3 -0.4,-0.1 -0.6,-0.4 -0.3,-0.2 -0.5,-0.6 -0.2,-0.3 -0.2,-0.9 0,-0.4 0.1,-0.8 0.2,-0.4 0.4,-0.7 0.3,-0.3 0.7,-0.5 0.4,-0.2 1.0,-0.2 l 0.1,-0.8 q 0,-0.1 0.1,-0.2 0.1,-0.1 0.2,-0.1 h 0.4 l -0.1,1.1 q 0.6,0.1 1.0,0.3 0.4,0.2 0.7,0.5 l -0.2,0.4 q -0.1,0.2 -0.2,0.2 -0.1,0 -0.2,-0.1 -0.1,-0.1 -0.3,-0.2 -0.1,-0.1 -0.4,-0.2 -0.2,-0.1 -0.5,-0.1 l -0.2,2.6 q 0.4,0.1 0.8,0.256 0.4,0.1 0.7,0.4 0.3,0.2 0.5,0.5 0.2,0.3 0.2,0.8 0,0.5 -0.2,0.9 -0.2,0.4 -0.5,0.7 -0.3,0.3 -0.8,0.5 -0.4,0.2 -1.0,0.2 l -0.1,0.9 q 0,0.1 -0.1,0.2 -0.1,0.1 -0.2,0.1 H 22.6 Z m 2.1,-2.2 q 0,-0.3 -0.1,-0.5 -0.1,-0.2 -0.3,-0.3 -0.2,-0.1 -0.4,-0.2 -0.2,-0.1 -0.5,-0.2 l -0.2,2.7 q 0.4,0 0.6,-0.1 0.3,-0.1 0.4,-0.3 0.2,-0.2 0.3,-0.4 0.1,-0.3 0.1,-0.5 z m -3.0,-3.5 q 0,0.3 0.1,0.4 0.1,0.2 0.3,0.3 0.2,0.1 0.4,0.3 0.2,0.1 0.5,0.2 l 0.2,-2.4 q -0.3,0 -0.6,0.1 -0.3,0.1 -0.4,0.3 -0.2,0.2 -0.2,0.4 -0.1,0.2 -0.1,0.4 z"
            style="fill:#000000;stroke:none"
        />
        <path
            d="M 27.6,73.4 H 29.2 V 68.2 q 0,-0.2 0,-0.5 l -1.4,1.2 q -0.1,0.1 -0.1,0.1 -0.1,0 -0.1,0 -0.1,0 -0.1,0 0,0 -0.1,-0.1 l -0.3,-0.4 2.3,-2.0 h 0.8 v 6.9 h 1.5 v 0.7 h -4.1 z"
            style="fill:#000000;stroke:none"
        />
        <path
            d="m 38.3,70.3 q 0,1.0 -0.2,1.7 -0.2,0.7 -0.6,1.2 -0.4,0.5 -0.9,0.7 -0.5,0.2 -1.1,0.2 -0.6,0 -1.1,-0.2 -0.5,-0.2 -0.9,-0.7 -0.4,-0.5 -0.6,-1.2 -0.2,-0.7 -0.2,-1.7 0,-1.0 0.2,-1.7 0.2,-0.7 0.6,-1.2 0.4,-0.5 0.9,-0.7 0.5,-0.2 1.1,-0.2 0.6,0 1.1,0.2 0.5,0.2 0.9,0.7 0.4,0.5 0.6,1.2 0.2,0.7 0.2,1.7 z m -1.0,0 q 0,-0.9 -0.1,-1.5 -0.1,-0.6 -0.4,-1.0 -0.2,-0.4 -0.6,-0.5 -0.3,-0.2 -0.7,-0.2 -0.4,0 -0.7,0.2 -0.3,0.2 -0.6,0.5 -0.2,0.4 -0.4,1.0 -0.1,0.6 -0.1,1.5 0,0.9 0.1,1.5 0.1,0.6 0.4,1.0 0.2,0.4 0.6,0.5 0.3,0.2 0.7,0.2 0.4,0 0.7,-0.2 0.3,-0.2 0.6,-0.5 0.3,-0.4 0.4,-1.0 0.1,-0.6 0.1,-1.5 z"
            style="fill:#000000;stroke:none"
        />
        <path
            d="m 44.5,70.3 q 0,1.0 -0.2,1.7 -0.2,0.7 -0.6,1.2 -0.4,0.5 -0.9,0.7 -0.5,0.2 -1.1,0.2 -0.6,0 -1.1,-0.2 -0.5,-0.2 -0.9,-0.7 -0.4,-0.5 -0.6,-1.2 -0.2,-0.7 -0.2,-1.7 0,-1.0 0.2,-1.7 0.2,-0.7 0.6,-1.2 0.4,-0.5 0.9,-0.7 0.5,-0.2 1.1,-0.2 0.6,0 1.1,0.2 0.5,0.2 0.9,0.7 0.4,0.5 0.6,1.2 0.2,0.7 0.2,1.7 z m -1.0,0 q 0,-0.9 -0.1,-1.5 -0.1,-0.6 -0.4,-1.0 -0.2,-0.4 -0.6,-0.5 -0.3,-0.2 -0.7,-0.2 -0.4,0 -0.7,0.2 -0.3,0.2 -0.6,0.5 -0.2,0.4 -0.4,1.0 -0.1,0.6 -0.1,1.5 0,0.9 0.1,1.5 0.1,0.6 0.4,1.0 0.2,0.4 0.6,0.5 0.3,0.2 0.7,0.2 0.4,0 0.7,-0.2 0.3,-0.2 0.6,-0.5 0.3,-0.4 0.4,-1.0 0.1,-0.6 0.1,-1.5 z"
            style="fill:#000000;stroke:none"
        />
        <path
            d="m 22.6,77.9 v 0.8 h -3.7 v 2.7 h 3.1 v 0.8 h -3.1 v 3.3 h -1.0 v -7.6 z"
            style="fill:#000000;stroke:none"
        />
        <path
            d="m 25.0,82.3 v 3.2 H 23.9 v -7.6 h 2.2 q 0.7,0 1.3,0.1 0.5,0.1 0.9,0.4 0.3,0.3 0.5,0.7 0.2,0.4 0.2,0.9 0,0.4 -0.1,0.8 -0.1,0.4 -0.4,0.6 -0.2,0.3 -0.6,0.5 -0.3,0.2 -0.8,0.3 0.2,0.1 0.3,0.3 l 2.2,3.0 h -0.9 q -0.3,0 -0.4,-0.2 l -2.0,-2.7 q -0.1,-0.1 -0.2,-0.2 -0.1,-0.1 -0.3,-0.1 z m 0,-0.8 h 1.1 q 0.4,0 0.8,-0.1 0.3,-0.1 0.6,-0.3 0.2,-0.2 0.4,-0.5 0.1,-0.3 0.1,-0.6 0,-0.7 -0.4,-1.0 -0.4,-0.3 -1.3,-0.3 h -1.1 z"
            style="fill:#000000;stroke:none"
        />
        <path
            d="m 37.6,81.7 q 0,0.9 -0.3,1.6 -0.3,0.7 -0.8,1.2 -0.5,0.5 -1.2,0.8 -0.7,0.3 -1.5,0.3 -0.8,0 -1.5,-0.3 -0.7,-0.3 -1.2,-0.8 -0.5,-0.5 -0.8,-1.2 -0.3,-0.7 -0.3,-1.6 0,-0.9 0.3,-1.6 0.3,-0.7 0.8,-1.2 0.5,-0.5 1.2,-0.8 0.7,-0.3 1.5,-0.3 0.8,0 1.5,0.3 0.7,0.3 1.2,0.8 0.5,0.5 0.8,1.2 0.3,0.7 0.3,1.6 z m -1.1,0 q 0,-0.7 -0.2,-1.3 -0.2,-0.6 -0.5,-0.9 -0.4,-0.4 -0.9,-0.6 -0.5,-0.2 -1.1,-0.2 -0.6,0 -1.1,0.2 -0.5,0.2 -0.9,0.6 -0.4,0.4 -0.5,0.9 -0.2,0.6 -0.2,1.3 0,0.7 0.2,1.3 0.2,0.6 0.5,0.9 0.4,0.4 0.9,0.6 0.5,0.2 1.1,0.2 0.6,0 1.1,-0.2 0.5,-0.2 0.9,-0.6 0.4,-0.4 0.5,-0.9 0.2,-0.6 0.2,-1.3 z"
            style="fill:#000000;stroke:none"
        />
        <path
            d="m 42.8,82.7 q 0.1,0.1 0.1,0.3 0.1,0.1 0.1,0.3 0.1,-0.1 0.1,-0.3 0.1,-0.1 0.1,-0.3 l 2.6,-4.7 q 0.1,-0.1 0.1,-0.1 0.1,0 0.2,0 h 0.8 v 7.6 H 46.1 v -5.6 q 0,-0.1 0,-0.2 0,-0.1 0,-0.3 l -2.6,4.8 q -0.1,0.2 -0.4,0.2 H 43.0 q -0.3,0 -0.4,-0.2 l -2.7,-4.8 q 0,0.1 0,0.3 0,0.1 0,0.2 v 5.6 h -0.9 V 77.9 h 0.8 q 0.1,0 0.2,0 0.1,0 0.1,0.1 z"
            style="fill:#000000;stroke:none"
        />
        <path
            d="m 18.8,96.8 v -7.6 h 2.4 q 0.7,0 1.2,0.1 0.5,0.1 0.8,0.4 0.3,0.3 0.5,0.6 0.2,0.4 0.2,0.8 0,0.3 -0.1,0.5 -0.1,0.3 -0.3,0.5 -0.2,0.2 -0.4,0.4 -0.3,0.2 -0.6,0.3 0.8,0.2 1.3,0.6 0.4,0.4 0.4,1.2 0,0.5 -0.2,0.9 -0.2,0.4 -0.5,0.7 -0.3,0.3 -0.8,0.4 -0.5,0.2 -1.1,0.2 z m 1.0,-3.5 v 2.7 h 1.7 q 0.4,0 0.8,-0.1 0.3,-0.1 0.5,-0.3 0.2,-0.2 0.3,-0.4 0.1,-0.3 0.1,-0.6 0,-0.6 -0.4,-0.9 -0.4,-0.3 -1.3,-0.3 z m 0,-0.7 h 1.4 q 0.4,0 0.8,-0.1 0.3,-0.1 0.5,-0.3 0.2,-0.2 0.3,-0.4 0.1,-0.2 0.1,-0.5 0,-0.7 -0.4,-1.0 -0.4,-0.3 -1.3,-0.3 h -1.4 z"
            style="fill:#000000;stroke:none"
        />
        <path
            d="m 31.8,96.8 h -0.8 q -0.1,0 -0.2,-0.1 -0.1,-0.1 -0.1,-0.2 l -0.7,-1.8 h -3.4 l -0.7,1.8 q 0,0.1 -0.1,0.2 -0.1,0.1 -0.2,0.1 h -0.8 l 3.1,-7.6 h 1.0 z m -5.0,-2.8 h 2.9 l -1.2,-3.1 q -0.1,-0.1 -0.1,-0.3 -0.1,-0.2 -0.1,-0.4 -0.1,0.2 -0.1,0.4 -0.1,0.2 -0.1,0.3 z"
            style="fill:#000000;stroke:none"
        />
        <path
            d="m 33.4,89.2 q 0.1,0 0.1,0 0,0 0.1,0 0,0 0.1,0.1 0,0 0.1,0.1 l 4.4,5.8 q 0,-0.1 0,-0.3 0,-0.1 0,-0.3 v -5.4 h 0.9 V 96.8 H 38.5 q -0.1,0 -0.2,0 -0.1,0 -0.2,-0.1 l -4.4,-5.8 q 0,0.1 0,0.3 0,0.1 0,0.2 v 5.4 h -0.9 v -7.6 h 0.5 z"
            style="fill:#000000;stroke:none"
        />
        <path
            d="m 42.0,92.5 h 0.4 q 0.2,0 0.3,0 0.1,-0.1 0.2,-0.2 l 2.5,-2.9 q 0.1,-0.1 0.2,-0.2 0.1,-0.1 0.3,-0.1 h 0.9 l -2.9,3.3 q -0.1,0.1 -0.2,0.2 -0.1,0.1 -0.2,0.1 0.1,0 0.3,0.1 0.1,0.1 0.2,0.2 l 3.0,3.6 h -0.9 q -0.1,0 -0.2,0 -0.1,0 -0.1,0 -0.1,0 -0.1,-0.1 0,0 -0.1,-0.1 L 43.1,93.6 q -0.1,-0.1 -0.2,-0.2 -0.1,-0.1 -0.4,-0.1 H 42.0 V 96.8 H 41.0 v -7.6 h 1.0 z"
            style="fill:#000000;stroke:none"
        />
    </g>
    <g>
        <polygon
            points="65,65 33,121 97,121 130,65"
            style="fill:#f5f5f5;stroke:#000000;stroke-width:0.5px"
        />
        <path
            d="M 85.8,77.4 Q 85.2,77.3 84.6,77.1 84.1,76.8 83.7,76.4 L 84,76 q 0,-0.1 0.1,-0.1 0.1,0 0.1,0 0.1,0 0.2,0.1 0.1,0.1 0.3,0.2 0.2,0.1 0.4,0.3 0.3,0.1 0.6,0.2 l 0.2,-2.8 q -0.4,-0.1 -0.7,-0.3 -0.4,-0.1 -0.6,-0.4 -0.3,-0.2 -0.5,-0.6 -0.2,-0.3 -0.2,-0.9 0,-0.4 0.1,-0.8 0.2,-0.4 0.4,-0.7 0.3,-0.3 0.7,-0.5 0.4,-0.2 1,-0.2 l 0.1,-0.8 q 0,-0.1 0.1,-0.2 0.1,-0.1 0.2,-0.1 h 0.4 l -0.1,1.1 q 0.6,0.1 1,0.3 0.4,0.2 0.7,0.5 l -0.1,0.5 Q 88.3,71 88.2,71 88.1,71 88,70.9 87.9,70.8 87.7,70.7 87.6,70.6 87.3,70.5 87.1,70.4 86.8,70.4 L 86.6,73 q 0.4,0.1 0.8,0.3 0.4,0.1 0.7,0.4 0.3,0.2 0.5,0.5 0.2,0.3 0.2,0.8 0,0.5 -0.2,0.9 -0.2,0.4 -0.5,0.7 -0.3,0.3 -0.8,0.5 -0.4,0.2 -1,0.2 l -0.1,0.9 q 0,0.1 -0.1,0.2 -0.1,0.1 -0.2,0.1 h -0.4 z m 2.1,-2.2 q 0,-0.3 -0.1,-0.5 -0.1,-0.2 -0.3,-0.3 -0.2,-0.1 -0.4,-0.2 -0.2,-0.1 -0.5,-0.2 l -0.2,2.7 q 0.4,0 0.6,-0.1 0.3,-0.1 0.4,-0.3 0.2,-0.2 0.3,-0.4 0.1,-0.3 0.1,-0.5 z m -3,-3.5 q 0,0.3 0.1,0.4 0.1,0.2 0.3,0.3 0.2,0.1 0.4,0.3 0.2,0.1 0.5,0.2 l 0.2,-2.4 q -0.3,0 -0.6,0.1 -0.3,0.1 -0.4,0.3 -0.2,0.2 -0.2,0.4 -0.1,0.2 -0.1,0.4 z"
            style="fill:#000000;stroke:none"
        />
        <path
            d="m 94.6,70.1 q 0,0.2 -0.1,0.3 -0.1,0.1 -0.4,0.1 h -2.4 l -0.4,2 q 0.3,-0.1 0.6,-0.1 0.3,0 0.5,0 0.6,0 1.1,0.2 0.5,0.2 0.8,0.5 0.3,0.3 0.5,0.7 0.2,0.4 0.2,0.9 0,0.6 -0.2,1.1 -0.2,0.5 -0.6,0.8 -0.4,0.3 -0.9,0.5 -0.5,0.2 -1.1,0.2 -0.3,0 -0.6,-0.1 Q 91.3,77.1 91,77 90.7,76.9 90.5,76.7 90.3,76.6 90.1,76.4 L 90.4,76 q 0.1,-0.1 0.3,-0.1 0.1,0 0.2,0.1 0.1,0.1 0.3,0.2 0.2,0.1 0.4,0.2 0.3,0.1 0.6,0.1 0.4,0 0.7,-0.1 0.3,-0.1 0.5,-0.4 0.2,-0.2 0.4,-0.6 0.1,-0.3 0.1,-0.7 0,-0.4 -0.1,-0.6 -0.1,-0.3 -0.3,-0.5 -0.2,-0.2 -0.5,-0.3 -0.3,-0.1 -0.7,-0.1 -0.3,0 -0.6,0 -0.3,0 -0.6,0.2 l -0.6,-0.2 0.6,-3.6 h 3.6 z"
            style="fill:#000000;stroke:none"
        />
        <path
            d="m 101.4,73.5 q 0,1 -0.2,1.7 -0.2,0.7 -0.6,1.2 -0.4,0.5 -0.9,0.7 -0.5,0.2 -1.1,0.2 -0.6,0 -1.1,-0.2 -0.5,-0.2 -0.9,-0.7 -0.4,-0.5 -0.6,-1.2 -0.2,-0.7 -0.2,-1.7 0,-1 0.2,-1.7 0.2,-0.7 0.6,-1.2 0.4,-0.5 0.9,-0.7 0.5,-0.2 1.1,-0.2 0.6,0 1.1,0.2 0.5,0.2 0.9,0.7 0.4,0.5 0.6,1.2 0.2,0.7 0.2,1.7 z m -1,0 q 0,-0.9 -0.1,-1.5 -0.1,-0.6 -0.4,-1 -0.2,-0.4 -0.6,-0.5 -0.3,-0.2 -0.7,-0.2 -0.4,0 -0.7,0.2 -0.3,0.2 -0.6,0.5 -0.2,0.4 -0.4,1 -0.1,0.6 -0.1,1.5 0,0.9 0.1,1.5 0.1,0.6 0.4,1 0.2,0.4 0.6,0.5 0.3,0.2 0.7,0.2 0.4,0 0.7,-0.2 0.3,-0.2 0.6,-0.5 0.3,-0.4 0.4,-1 0.1,-0.6 0.1,-1.5 z"
            style="fill:#000000;stroke:none"
        />
        <path
            d="m 112.26964,73.505333 q 0,0.85867 -0.272,1.578672 -0.272,0.714669 -0.768,1.232004 -0.49601,0.517335 -1.19467,0.805336 -0.69334,0.282667 -1.53601,0.282667 -0.84267,0 -1.536,-0.282667 -0.69334,-0.288001 -1.18934,-0.805336 -0.496,-0.517335 -0.768,-1.232004 -0.27201,-0.720002 -0.27201,-1.578672 0,-0.858669 0.27201,-1.573338 0.272,-0.720002 0.768,-1.237337 0.496,-0.522668 1.18934,-0.810669 0.69333,-0.288001 1.536,-0.288001 0.84267,0 1.53601,0.288001 0.69866,0.288001 1.19467,0.810669 0.496,0.517335 0.768,1.237337 0.272,0.714669 0.272,1.573338 z m -1.06134,0 q 0,-0.704002 -0.192,-1.264004 -0.192,-0.560001 -0.544,-0.944002 -0.352,-0.389335 -0.85334,-0.597336 -0.50133,-0.208 -1.12,-0.208 -0.61333,0 -1.11467,0.208 -0.50133,0.208001 -0.85867,0.597336 -0.352,0.384001 -0.544,0.944002 -0.192,0.560002 -0.192,1.264004 0,0.704003 0.192,1.264004 0.192,0.554669 0.544,0.944003 0.35734,0.384002 0.85867,0.592002 0.50134,0.202668 1.11467,0.202668 0.61867,0 1.12,-0.202668 0.50134,-0.208 0.85334,-0.592002 0.352,-0.389334 0.544,-0.944003 0.192,-0.560001 0.192,-1.264004 z"
            style="fill:#000000;stroke:none"
        />
        <path
            d="m 118.45633,69.681321 v 0.84267 h -3.67467 v 2.672008 h 3.14134 v 0.84267 h -3.14134 v 3.285343 h -1.03467 v -7.642691 z"
            style="fill:#000000;stroke:none"
        />
        <path
            d="m 64.8,83.0 v 0.8 h -3.7 v 2.7 h 3.1 v 0.8 h -3.1 v 3.3 h -1.0 v -7.6 z"
            style="fill:#000000;stroke:none"
        />
        <path
            d="m 69.1,89.8 q 0.5,0 0.8,-0.2 0.4,-0.2 0.6,-0.4 0.3,-0.3 0.4,-0.7 0.1,-0.4 0.1,-0.9 v -4.6 h 1.0 v 4.6 q 0,0.7 -0.2,1.2 -0.2,0.6 -0.6,1.0 -0.4,0.4 -1.0,0.6 -0.6,0.2 -1.3,0.2 -0.7,0 -1.3,-0.2 -0.6,-0.2 -1.0,-0.6 -0.4,-0.4 -0.6,-1.0 -0.2,-0.6 -0.2,-1.2 v -4.6 h 1.0 v 4.6 q 0,0.5 0.1,0.9 0.1,0.4 0.4,0.7 0.3,0.3 0.6,0.5 0.4,0.2 0.9,0.2 z"
            style="fill:#000000;stroke:none"
        />
        <path
            d="m 74.5,83.0 q 0.1,0 0.1,0 0,0 0.1,0 0,0 0.1,0.1 0,0 0.1,0.1 l 4.4,5.8 q 0,-0.1 0,-0.3 0,-0.1 0,-0.3 v -5.4 h 0.9 v 7.6 H 79.7 q -0.1,0 -0.2,0 -0.1,0 -0.2,-0.1 l -4.4,-5.8 q 0,0.1 0,0.3 0,0.1 0,0.2 v 5.4 h -0.9 V 83.0 h 0.5 z"
            style="fill:#000000;stroke:none"
        />
        <path
            d="m 88.7,86.8 q 0,0.9 -0.3,1.6 -0.3,0.7 -0.8,1.2 -0.5,0.5 -1.2,0.8 -0.7,0.3 -1.5,0.3 h -2.9 v -7.6 h 2.9 q 0.8,0 1.5,0.3 0.7,0.3 1.2,0.8 0.5,0.5 0.8,1.2 0.3,0.7 0.3,1.6 z m -1.1,0 q 0,-0.7 -0.2,-1.3 -0.2,-0.6 -0.5,-0.9 -0.4,-0.4 -0.9,-0.6 -0.5,-0.2 -1.1,-0.2 h -1.8 v 6.0 h 1.8 q 0.6,0 1.1,-0.2 0.5,-0.2 0.9,-0.6 0.4,-0.4 0.5,-0.9 0.2,-0.6 0.2,-1.3 z"
            style="fill:#000000;stroke:none"
        />
        <path
            d="m 95.5,82.9 q 0.4,0 0.8,0.1 0.3,0.1 0.6,0.4 0.3,0.2 0.4,0.5 0.1,0.3 0.2,0.6 l -0.6,0.1 q -0.2,0 -0.3,-0.2 0,-0.1 -0.1,-0.3 -0.1,-0.1 -0.2,-0.3 -0.1,-0.1 -0.3,-0.2 -0.2,-0.1 -0.4,-0.1 -0.3,0 -0.5,0.1 -0.2,0.1 -0.4,0.2 -0.1,0.1 -0.2,0.4 -0.1,0.2 -0.1,0.4 0,0.2 0,0.4 0,0.2 0.1,0.3 0.1,0.2 0.2,0.4 0.1,0.2 0.3,0.4 l 2.2,2.2 q 0.2,-0.4 0.3,-0.8 0.1,-0.4 0.2,-0.8 0,-0.1 0.1,-0.2 0.1,-0.1 0.1,-0.1 h 0.6 q 0,0.6 -0.2,1.2 -0.2,0.6 -0.5,1.1 l 1.6,1.6 H 98.6 q -0.2,0 -0.3,0 -0.1,0 -0.2,-0.2 L 97.3,89.7 q -0.5,0.5 -1.2,0.8 -0.7,0.3 -1.4,0.3 -0.4,0 -0.8,-0.1 -0.4,-0.1 -0.7,-0.4 -0.3,-0.3 -0.5,-0.7 -0.2,-0.4 -0.2,-0.9 0,-0.4 0.1,-0.7 0.1,-0.3 0.3,-0.6 0.2,-0.3 0.5,-0.5 0.3,-0.2 0.7,-0.4 -0.3,-0.4 -0.5,-0.8 -0.1,-0.4 -0.1,-0.8 0,-0.4 0.1,-0.7 0.1,-0.3 0.4,-0.6 0.3,-0.3 0.6,-0.4 0.4,-0.1 0.9,-0.1 z m -0.6,7.0 q 0.6,0 1.1,-0.2 0.5,-0.2 0.8,-0.6 l -2.3,-2.3 q -0.6,0.3 -0.9,0.7 -0.3,0.4 -0.3,0.9 0,0.3 0.1,0.6 0.1,0.3 0.3,0.4 0.2,0.2 0.5,0.3 0.3,0.1 0.5,0.1 z"
            style="fill:#000000;stroke:none"
        />
        <path
            d="m 60.9,100.8 v 3.2 h -1.0 v -7.6 h 2.2 q 0.7,0 1.3,0.1 0.5,0.1 0.9,0.4 0.3,0.3 0.5,0.7 0.2,0.4 0.2,0.9 0,0.4 -0.1,0.8 -0.1,0.4 -0.4,0.6 -0.2,0.3 -0.6,0.5 -0.3,0.2 -0.8,0.3 0.2,0.1 0.3,0.3 l 2.2,3.0 h -0.9 q -0.3,0 -0.4,-0.2 l -2.0,-2.7 q -0.1,-0.1 -0.2,-0.2 -0.1,-0.1 -0.3,-0.1 z m 0,-0.8 h 1.1 q 0.4,0 0.8,-0.1 0.3,-0.1 0.6,-0.3 0.2,-0.2 0.4,-0.5 0.1,-0.3 0.1,-0.6 0,-0.7 -0.4,-1.0 -0.4,-0.3 -1.3,-0.3 h -1.1 z"
            style="fill:#000000;stroke:none"
        />
        <path
            d="m 73.6,100.2 q 0,0.9 -0.3,1.6 -0.3,0.7 -0.8,1.2 -0.5,0.5 -1.2,0.8 -0.7,0.3 -1.5,0.3 -0.8,0 -1.5,-0.3 -0.7,-0.3 -1.2,-0.8 -0.5,-0.5 -0.8,-1.2 -0.3,-0.7 -0.3,-1.6 0,-0.9 0.3,-1.6 0.3,-0.7 0.8,-1.2 0.5,-0.5 1.2,-0.8 0.7,-0.3 1.5,-0.3 0.8,0 1.5,0.3 0.7,0.3 1.2,0.8 0.5,0.5 0.8,1.2 0.3,0.7 0.3,1.6 z m -1.1,0 q 0,-0.7 -0.2,-1.3 -0.2,-0.6 -0.5,-0.9 -0.4,-0.4 -0.9,-0.6 -0.5,-0.2 -1.1,-0.2 -0.6,0 -1.1,0.2 -0.5,0.2 -0.9,0.6 -0.4,0.4 -0.5,0.9 -0.2,0.6 -0.2,1.3 0,0.7 0.2,1.3 0.2,0.6 0.5,0.9 0.4,0.4 0.9,0.6 0.5,0.2 1.1,0.2 0.6,0 1.1,-0.2 0.5,-0.2 0.9,-0.6 0.4,-0.4 0.5,-0.9 0.2,-0.6 0.2,-1.3 z"
            style="fill:#000000;stroke:none"
        />
        <path
            d="m 76.1,103.1 h 3.3 v 0.9 h -4.3 v -7.6 h 1.0 z"
            style="fill:#000000;stroke:none"
        />
        <path
            d="m 81.5,103.1 h 3.3 v 0.9 h -4.3 v -7.6 h 1.0 z"
            style="fill:#000000;stroke:none"
        />
        <path
            d="m 62.6,117.3 h -0.8 q -0.1,0 -0.2,-0.1 -0.1,-0.1 -0.1,-0.2 l -0.7,-1.8 h -3.4 l -0.7,1.8 q 0,0.1 -0.1,0.2 -0.1,0.1 -0.2,0.1 h -0.8 l 3.1,-7.6 h 1.0 z m -5.0,-2.8 h 2.9 l -1.2,-3.1 q -0.1,-0.1 -0.1,-0.3 -0.1,-0.2 -0.1,-0.4 -0.1,0.2 -0.1,0.4 -0.1,0.2 -0.1,0.3 z"
            style="fill:#000000;stroke:none"
        />
        <path
            d="m 69.6,116.6 q -0.6,0.4 -1.2,0.6 -0.7,0.2 -1.4,0.2 -0.9,0 -1.7,-0.3 -0.7,-0.3 -1.3,-0.8 -0.5,-0.5 -0.8,-1.2 -0.3,-0.7 -0.3,-1.6 0,-0.9 0.3,-1.6 0.3,-0.7 0.8,-1.2 0.5,-0.5 1.2,-0.8 0.7,-0.3 1.6,-0.3 0.5,0 0.8,0.1 0.4,0.1 0.7,0.2 0.3,0.1 0.6,0.3 0.3,0.2 0.5,0.4 l -0.3,0.5 q -0.1,0.1 -0.2,0.1 -0.1,0 -0.2,-0.1 -0.1,-0.1 -0.3,-0.2 -0.2,-0.1 -0.4,-0.2 -0.2,-0.1 -0.6,-0.2 -0.3,-0.1 -0.8,-0.1 -0.6,0 -1.2,0.2 -0.5,0.2 -0.9,0.6 -0.4,0.4 -0.6,0.9 -0.2,0.6 -0.2,1.2 0,0.7 0.2,1.3 0.2,0.6 0.6,1.0 0.4,0.4 0.9,0.6 0.5,0.2 1.2,0.2 0.3,0 0.5,0 0.2,0 0.4,-0.1 0.2,-0.1 0.4,-0.1 0.2,-0.1 0.4,-0.2 v -1.7 h -1.2 q -0.1,0 -0.2,-0.1 -0.1,-0.1 -0.1,-0.1 v -0.6 h 2.3 v 2.9 z"
            style="fill:#000000;stroke:none"
        />
        <path
            d="M 77.4,117.3 H 76.6 q -0.1,0 -0.2,-0.1 -0.1,-0.1 -0.1,-0.2 L 75.5,115.2 h -3.4 l -0.7,1.8 q 0,0.1 -0.1,0.2 -0.1,0.1 -0.2,0.1 h -0.8 l 3.1,-7.6 h 1.0 z m -5.0,-2.8 h 2.9 l -1.2,-3.1 q -0.1,-0.1 -0.1,-0.3 -0.1,-0.2 -0.1,-0.4 -0.1,0.2 -0.1,0.4 -0.1,0.2 -0.1,0.3 z"
            style="fill:#000000;stroke:none"
        />
        <path
            d="m 79.4,117.3 h -1.0 v -7.6 h 1.0 z"
            style="fill:#000000;stroke:none"
        />
        <path
            d="m 81.9,109.7 q 0.1,0 0.1,0 0,0 0.1,0 0,0 0.1,0.1 0,0 0.1,0.1 l 4.4,5.8 q 0,-0.1 0,-0.3 0,-0.1 0,-0.3 v -5.4 h 0.9 v 7.6 h -0.5 q -0.1,0 -0.2,0 -0.1,0 -0.2,-0.1 l -4.4,-5.8 q 0,0.1 0,0.3 0,0.1 0,0.2 v 5.4 h -0.9 v -7.6 h 0.5 z"
            style="fill:#000000;stroke:none"
        />
    </g>
    <g>
        <polygon
            points="65,65 130,65 98,9"
            style="fill:#f5f5f5;stroke:#000000;stroke-width:0.5px"
        />
        <path
            d="m 95.7,47.4 h -0.8 q -0.1,0 -0.2,-0.1 -0.1,-0.1 -0.1,-0.2 l -0.7,-1.8 h -3.4 l -0.7,1.8 q 0,0.1 -0.1,0.2 -0.1,0.1 -0.2,0.1 h -0.8 l 3.1,-7.6 h 1.0 z m -5.0,-2.8 h 2.9 l -1.2,-3.1 q -0.1,-0.1 -0.1,-0.3 -0.1,-0.2 -0.1,-0.4 -0.1,0.2 -0.1,0.4 -0.1,0.2 -0.1,0.3 z"
            style="fill:#000000;stroke:none"
        />
        <path
            d="m 97.7,46.5 h 3.3 v 0.9 h -4.3 v -7.6 h 1.0 z"
            style="fill:#000000;stroke:none"
        />
        <path
            d="m 103.2,46.5 h 3.3 v 0.9 h -4.3 v -7.6 h 1.0 z"
            style="fill:#000000;stroke:none"
        />
        <path
            d="m 93.2,57.1 h 2.6 v 0.8 h -2.6 z"
            style="fill:#000000;stroke:none"
        />
        <path
            d="m 97.8,60.0 h 1.6 v -5.2 q 0,-0.2 0,-0.5 l -1.4,1.2 q -0.1,0.1 -0.1,0.1 -0.1,0 -0.1,0 -0.1,0 -0.1,0 0,0 -0.1,-0.1 L 97.3,55.0 99.6,53.0 h 0.8 v 6.9 h 1.5 v 0.7 H 97.8 Z"
            style="fill:#000000;stroke:none"
        />
    </g>
</svg>