<svg
    xmlns="http://www.w3.org/2000/svg"
    height="100"
    width="100"
    viewbox="0 0 100 100"
>
    <rect
        x="0"
        y="0"
        width="100"
        height="100"
        style="fill:#7cfc00;stroke:#000000;stroke-width:0.5px"
    />
    <path
        d="m 50.2,13.4 q 9.9,0 15.0,10.1 1.2,3.4 1.2,6.2 0,6.4 -5.6,14.6 L 59.8,45.3 q 1.5,-0.3 4.5,-0.3 h 2.0 q 12.1,0 16.6,10.5 0.8,2.7 0.8,5.6 0,10.3 -10.3,15.2 -1.7,0.6 -5.2,0.9 -11.8,0 -16.7,-13.5 h -0.1 v 0.4 q 0,16.8 4.0,22.2 v 0.3 H 45.1 l -0.3,-0.3 q 4.2,-6.3 4.2,-22.6 v -0.2 h -0.1 q -4.9,13.7 -16.9,13.7 -9.4,0 -14.4,-9.9 -1.2,-3.4 -1.2,-6.2 0,-11.5 12.1,-15.5 3.3,-0.6 5.8,-0.6 h 1.9 q 3.0,0 4.5,0.3 -4.8,-5.5 -6.2,-14.1 v -1.9 q 0,-9.9 10.5,-15.0 3.5,-0.9 5.4,-0.9 z M 36.6,29.6 q 0,7.6 8.3,17.5 l 0.6,0.6 v 0.1 Q 40.2,47.5 34.4,47.5 h -0.4 q -11.9,0 -14.8,10.4 l -0.3,3.3 q 0,7.2 6.6,11.8 3.0,1.9 6.8,1.9 10.3,0 15.8,-14.4 0.8,-1.3 1.9,-4.5 h 0.3 q 1.8,5.9 5.9,12.4 4.4,6.5 12.1,6.5 8.2,0 12.4,-9.3 0.6,-2.2 0.6,-4.3 v -0.3 q 0,-10.8 -12.4,-13.2 l -2.6,-0.1 h -0.3 q -5.8,0 -11.0,0.4 v -0.1 q 6.3,-6.7 7.9,-12.1 1.3,-3.8 1.3,-5.9 0,-8.9 -9.1,-13.1 -2.6,-0.8 -4.6,-0.8 -9.0,0 -13.0,9.8 z m 13.5,48.4 q 0,1.4 -1.4,6.1 h 2.9 v -0.1 q -1.4,-4.8 -1.4,-5.9 z"
        style="fill:#060d00;stroke:none"
    />
</svg>
