<svg
    xmlns="http://www.w3.org/2000/svg"
    width="130"
    height="130"
    viewBox="0 0 130 130"
>
    <g>
        <polygon
            points="65,65 98,9 32,9"
            style="fill:#7cfc00;stroke:#000000;stroke-width:0.5px"
        />
        <path
            d="m 52.0,24.6 v 2.9 h -1 v -7.6 h 2.3 q 0.7,0 1.3,0.2 0.5,0.2 0.9,0.5 0.4,0.3 0.5,0.7 0.2,0.4 0.2,1 0,0.5 -0.2,1 -0.2,0.4 -0.5,0.8 -0.4,0.3 -0.9,0.5 -0.5,0.2 -1.2,0.2 z m 0,-0.8 h 1.2 q 0.4,0 0.8,-0.1 0.3,-0.1 0.6,-0.3 0.2,-0.2 0.4,-0.5 0.1,-0.3 0.1,-0.6 0,-0.7 -0.5,-1.1 -0.4,-0.4 -1.4,-0.4 H 52 Z"
            style="fill:#000000;stroke:none"
        />
        <path
            d="m 58.4,24.3 v 3.2 h -1 v -7.6 h 2.2 q 0.7,0 1.3,0.1 0.5,0.1 0.9,0.4 0.3,0.3 0.5,0.7 0.2,0.4 0.2,0.9 0,0.4 -0.1,0.8 -0.1,0.4 -0.4,0.6 -0.2,0.3 -0.6,0.5 -0.3,0.2 -0.8,0.3 0.2,0.1 0.3,0.3 l 2.2,3 h -0.9 q -0.3,0 -0.4,-0.2 l -2,-2.7 q -0.1,-0.1 -0.2,-0.2 -0.1,-0.1 -0.3,-0.1 z m 0,-0.8 h 1.1 q 0.4,0 0.8,-0.1 0.3,-0.1 0.6,-0.3 0.2,-0.2 0.4,-0.5 0.1,-0.3 0.1,-0.6 0,-0.7 -0.4,-1 -0.4,-0.3 -1.3,-0.3 h -1.1 z"
            style="fill:#000000;stroke:none"
        />
        <path
            d="m 65.1,27.5 h -1 v -7.6 h 1 z"
            style="fill:#000000;stroke:none"
        />
        <path
            d="m 72.4,25.9 q 0.1,0 0.1,0.1 l 0.4,0.4 q -0.5,0.5 -1.1,0.8 -0.7,0.3 -1.6,0.3 -0.8,0 -1.5,-0.3 -0.7,-0.3 -1.1,-0.8 -0.5,-0.5 -0.7,-1.2 -0.3,-0.7 -0.3,-1.6 0,-0.9 0.3,-1.6 0.3,-0.7 0.8,-1.2 0.5,-0.5 1.2,-0.8 0.7,-0.3 1.5,-0.3 0.8,0 1.4,0.3 0.6,0.3 1.1,0.7 l -0.3,0.5 q 0,0.1 -0.1,0.1 0,0 -0.1,0 -0.1,0 -0.2,-0.1 -0.1,-0.1 -0.4,-0.2 -0.2,-0.1 -0.6,-0.2 -0.3,-0.1 -0.8,-0.1 -0.6,0 -1.1,0.2 -0.5,0.2 -0.8,0.6 -0.4,0.4 -0.5,0.9 -0.2,0.6 -0.2,1.3 0,0.7 0.2,1.3 0.2,0.6 0.6,0.9 0.4,0.4 0.8,0.6 0.5,0.2 1,0.2 0.3,0 0.6,0 0.3,0 0.5,-0.1 0.2,-0.1 0.4,-0.2 0.2,-0.1 0.4,-0.3 0.1,-0.1 0.2,-0.1 z"
            style="fill:#000000;stroke:none"
        />
        <path
            d="m 78.9,19.9 v 0.8 h -3.7 v 2.5 h 3 V 24 h -3 v 2.6 h 3.7 v 0.8 h -4.8 v -7.6 z"
            style="fill:#000000;stroke:none"
        />
        <path
            d="m 61.9,34.6 v 2.3 h 2.2 v 0.7 h -2.2 v 2.3 h -0.8 v -2.3 h -2.2 v -0.7 h 2.2 v -2.3 z"
            style="fill:#000000;stroke:none"
        />
        <path
            d="m 67.8,33.1 q 0.5,0 0.9,0.1 0.4,0.1 0.7,0.4 0.3,0.3 0.5,0.7 0.2,0.4 0.2,0.9 0,0.4 -0.1,0.8 -0.1,0.4 -0.3,0.7 -0.2,0.3 -0.5,0.6 -0.3,0.3 -0.6,0.6 l -2,2.1 q 0.2,-0.1 0.4,-0.1 0.2,0 0.4,0 H 70 q 0.2,0 0.2,0.1 0.1,0.1 0.1,0.2 v 0.6 h -5.1 v -0.3 q 0,-0.1 0,-0.2 0,-0.1 0.1,-0.2 l 2.4,-2.5 q 0.3,-0.3 0.6,-0.6 0.3,-0.3 0.4,-0.6 0.2,-0.3 0.3,-0.6 0.1,-0.3 0.1,-0.6 0,-0.3 -0.1,-0.6 Q 68.9,34.3 68.7,34.2 68.5,34 68.3,34 68,33.9 67.8,33.9 q -0.3,0 -0.5,0.1 -0.2,0.1 -0.4,0.2 -0.2,0.1 -0.3,0.4 -0.1,0.2 -0.2,0.5 -0.1,0.2 -0.2,0.3 -0.1,0.1 -0.3,0 l -0.6,-0.1 q 0.1,-0.5 0.3,-0.9 0.2,-0.4 0.5,-0.7 0.3,-0.3 0.8,-0.4 0.4,-0.1 0.9,-0.1 z"
            style="fill:#000000;stroke:none"
        />
    </g>
    <g>
        <polygon
            points="65,65 32,9 0,65"
            style="fill:#7cfc00;stroke:#000000;stroke-width:0.5px"
        />
        <path
            d="m 18.4,40.4 q 0,0.1 -0.1,0.1 -0.1,0 -0.1,0 -0.1,0 -0.2,-0.1 -0.1,-0.1 -0.3,-0.2 -0.2,-0.1 -0.4,-0.2 -0.2,-0.1 -0.6,-0.1 -0.3,0 -0.6,0.1 -0.3,0.1 -0.4,0.2 -0.2,0.2 -0.3,0.4 -0.1,0.2 -0.1,0.5 0,0.3 0.2,0.5 0.2,0.2 0.4,0.3 0.3,0.1 0.6,0.3 0.3,0.1 0.7,0.2 0.3,0.1 0.7,0.3 0.3,0.1 0.6,0.4 0.3,0.2 0.4,0.5 0.2,0.3 0.2,0.8 0,0.5 -0.2,0.9 -0.2,0.4 -0.5,0.7 -0.3,0.3 -0.8,0.5 -0.5,0.2 -1.1,0.2 -0.7,0 -1.3,-0.3 -0.6,-0.3 -1.0,-0.7 l 0.3,-0.5 q 0,-0.1 0.1,-0.1 0.1,0 0.1,0 0.1,0 0.2,0.1 0.1,0.1 0.2,0.1 0.1,0.1 0.2,0.2 0.1,0.1 0.3,0.2 0.2,0.1 0.4,0.1 0.2,0.1 0.5,0.1 0.4,0 0.6,-0.1 0.3,-0.1 0.5,-0.3 0.2,-0.2 0.3,-0.4 0.1,-0.2 0.1,-0.6 0,-0.3 -0.2,-0.6 -0.2,-0.2 -0.4,-0.4 -0.2,-0.1 -0.6,-0.2 -0.3,-0.1 -0.7,-0.2 -0.3,-0.1 -0.7,-0.2 -0.3,-0.1 -0.6,-0.4 -0.2,-0.2 -0.4,-0.6 -0.2,-0.3 -0.2,-0.8 0,-0.4 0.2,-0.8 0.2,-0.4 0.4,-0.7 0.3,-0.3 0.7,-0.5 0.4,-0.2 1.0,-0.2 0.6,0 1.1,0.2 0.5,0.2 0.9,0.6 z"
            style="fill:#000000;stroke:none"
        />
        <path
            d="m 25.3,39.2 v 0.8 h -2.4 v 6.6 h -1.0 v -6.6 h -2.4 v -0.8 z"
            style="fill:#000000;stroke:none"
        />
        <path
            d="m 31.8,46.7 h -0.8 q -0.1,0 -0.2,-0.1 -0.1,-0.1 -0.1,-0.2 l -0.7,-1.8 h -3.3 l -0.7,1.8 q 0,0.1 -0.1,0.2 -0.1,0.1 -0.2,0.1 h -0.8 l 3.0,-7.5 h 1.0 z m -4.9,-2.8 h 2.8 l -1.2,-3.0 q -0.1,-0.1 -0.1,-0.3 -0.1,-0.2 -0.1,-0.4 -0.1,0.2 -0.1,0.4 -0.1,0.2 -0.1,0.3 z"
            style="fill:#000000;stroke:none"
        />
        <path
            d="m 37.0,39.2 v 0.8 h -2.4 v 6.6 h -1.0 v -6.6 h -2.4 v -0.8 z"
            style="fill:#000000;stroke:none"
        />
        <path
            d="m 41.0,45.9 q 0.5,0 0.8,-0.2 0.4,-0.2 0.6,-0.4 0.3,-0.3 0.4,-0.7 0.1,-0.4 0.1,-0.9 v -4.5 h 1.0 v 4.5 q 0,0.6 -0.2,1.2 -0.2,0.6 -0.6,1.0 -0.4,0.4 -0.9,0.6 -0.6,0.2 -1.2,0.2 -0.7,0 -1.2,-0.2 -0.6,-0.2 -0.9,-0.6 -0.4,-0.4 -0.6,-1.0 -0.2,-0.6 -0.2,-1.2 v -4.5 h 1.0 v 4.5 q 0,0.5 0.1,0.9 0.1,0.4 0.4,0.7 0.3,0.3 0.6,0.4 0.4,0.2 0.8,0.2 z"
            style="fill:#000000;stroke:none"
        />
        <path
            d="m 49.6,40.4 q 0,0.1 -0.1,0.1 -0.1,0 -0.1,0 -0.1,0 -0.2,-0.1 -0.1,-0.1 -0.3,-0.2 -0.2,-0.1 -0.4,-0.2 -0.2,-0.1 -0.6,-0.1 -0.3,0 -0.6,0.1 -0.3,0.1 -0.4,0.2 -0.2,0.2 -0.3,0.4 -0.1,0.2 -0.1,0.5 0,0.3 0.2,0.5 0.2,0.2 0.4,0.3 0.3,0.1 0.6,0.3 0.3,0.1 0.7,0.2 0.3,0.1 0.7,0.3 0.3,0.1 0.6,0.4 0.3,0.2 0.4,0.5 0.2,0.3 0.2,0.8 0,0.5 -0.2,0.9 -0.2,0.4 -0.5,0.7 -0.3,0.3 -0.8,0.5 -0.5,0.2 -1.1,0.2 -0.7,0 -1.3,-0.3 -0.6,-0.3 -1.0,-0.7 l 0.3,-0.5 q 0,-0.1 0.1,-0.1 0.1,0 0.1,0 0.1,0 0.2,0.1 0.1,0.1 0.2,0.1 0.1,0.1 0.2,0.2 0.1,0.1 0.3,0.2 0.2,0.1 0.4,0.1 0.2,0.1 0.5,0.1 0.4,0 0.6,-0.1 0.3,-0.1 0.5,-0.3 0.2,-0.2 0.3,-0.4 0.1,-0.2 0.1,-0.6 0,-0.3 -0.2,-0.6 -0.2,-0.2 -0.4,-0.4 -0.2,-0.1 -0.6,-0.2 -0.3,-0.1 -0.7,-0.2 -0.3,-0.1 -0.7,-0.2 -0.3,-0.1 -0.6,-0.4 -0.2,-0.2 -0.4,-0.6 -0.2,-0.3 -0.2,-0.8 0,-0.4 0.2,-0.8 0.2,-0.4 0.4,-0.7 0.3,-0.3 0.7,-0.5 0.4,-0.2 1.0,-0.2 0.6,0 1.1,0.2 0.5,0.2 0.9,0.6 z"
            style="fill:#000000;stroke:none"
        />
        <path
            d="m 27.8,56.0 q 0,0.5 -0.1,1.0 -0.1,0.5 -0.3,0.9 -0.2,0.4 -0.5,0.7 -0.3,0.3 -0.7,0.6 l 1.9,2.1 h -0.8 q -0.2,0 -0.3,-0.1 -0.1,-0.1 -0.3,-0.2 l -1.3,-1.4 q -0.3,0.1 -0.6,0.1 -0.3,0.1 -0.7,0.1 -0.8,0 -1.5,-0.3 -0.7,-0.3 -1.2,-0.8 -0.5,-0.5 -0.7,-1.2 -0.3,-0.7 -0.3,-1.5 0,-0.8 0.3,-1.5 0.3,-0.7 0.7,-1.2 0.5,-0.5 1.2,-0.8 0.7,-0.3 1.5,-0.3 0.8,0 1.5,0.3 0.7,0.3 1.2,0.8 0.5,0.5 0.7,1.2 0.3,0.7 0.3,1.5 z m -1.0,0 q 0,-0.7 -0.2,-1.2 -0.2,-0.5 -0.5,-0.9 -0.3,-0.4 -0.8,-0.6 -0.5,-0.2 -1.1,-0.2 -0.6,0 -1.1,0.2 -0.5,0.2 -0.8,0.6 -0.3,0.4 -0.5,0.9 -0.2,0.5 -0.2,1.2 0,0.7 0.2,1.2 0.2,0.5 0.5,0.9 0.3,0.4 0.8,0.6 0.5,0.2 1.1,0.2 0.6,0 1.1,-0.2 0.5,-0.2 0.8,-0.6 0.3,-0.4 0.5,-0.9 0.2,-0.5 0.2,-1.2 z"
            style="fill:#000000;stroke:none"
        />
        <path
            d="m 32.1,58.9 q 0.5,0 0.8,-0.2 0.4,-0.2 0.6,-0.4 0.3,-0.3 0.4,-0.7 0.1,-0.4 0.1,-0.9 v -4.5 h 1.0 v 4.5 q 0,0.6 -0.2,1.2 -0.2,0.6 -0.6,1.0 -0.4,0.4 -0.9,0.6 -0.6,0.2 -1.2,0.2 -0.7,0 -1.2,-0.2 -0.6,-0.2 -0.9,-0.6 -0.4,-0.4 -0.6,-1.0 -0.2,-0.6 -0.2,-1.2 v -4.5 h 1.0 v 4.5 q 0,0.5 0.1,0.9 0.1,0.4 0.4,0.7 0.3,0.3 0.6,0.4 0.4,0.2 0.8,0.2 z"
            style="fill:#000000;stroke:none"
        />
        <path
            d="m 43.7,56.0 q 0,0.8 -0.3,1.5 -0.3,0.7 -0.7,1.2 -0.5,0.5 -1.2,0.8 -0.7,0.3 -1.5,0.3 -0.8,0 -1.5,-0.3 -0.7,-0.3 -1.2,-0.8 -0.5,-0.5 -0.7,-1.2 -0.3,-0.7 -0.3,-1.5 0,-0.8 0.3,-1.5 0.3,-0.7 0.7,-1.2 0.5,-0.5 1.2,-0.8 0.7,-0.3 1.5,-0.3 0.8,0 1.5,0.3 0.7,0.3 1.2,0.8 0.5,0.5 0.7,1.2 0.3,0.7 0.3,1.5 z m -1.0,0 q 0,-0.7 -0.2,-1.2 -0.2,-0.5 -0.5,-0.9 -0.3,-0.4 -0.8,-0.6 -0.5,-0.2 -1.1,-0.2 -0.6,0 -1.1,0.2 -0.5,0.2 -0.8,0.6 -0.3,0.4 -0.5,0.9 -0.2,0.5 -0.2,1.2 0,0.7 0.2,1.2 0.2,0.5 0.5,0.9 0.3,0.4 0.8,0.6 0.5,0.2 1.1,0.2 0.6,0 1.1,-0.2 0.5,-0.2 0.8,-0.6 0.3,-0.4 0.5,-0.9 0.2,-0.5 0.2,-1.2 z"
            style="fill:#000000;stroke:none"
        />
    </g>
    <g>
        <polygon
            points="65,65 0,65 33,121"
            style="fill:#7cfc00;stroke:#000000;stroke-width:0.5px"
        />
        <path
            d="m 30.6,85.1 q 0,0.9 -0.3,1.6 -0.3,0.7 -0.8,1.2 -0.5,0.5 -1.2,0.8 -0.7,0.3 -1.5,0.3 h -2.9 v -7.6 h 2.9 q 0.8,0 1.5,0.3 0.7,0.3 1.2,0.8 0.5,0.5 0.8,1.2 0.3,0.7 0.3,1.6 z m -1.1,0 q 0,-0.7 -0.2,-1.3 -0.2,-0.6 -0.5,-0.9 -0.4,-0.4 -0.9,-0.6 -0.5,-0.2 -1.1,-0.2 h -1.8 v 6 h 1.8 q 0.6,0 1.1,-0.2 0.5,-0.2 0.9,-0.6 0.4,-0.4 0.5,-0.9 0.2,-0.6 0.2,-1.3 z"
            style="fill:#000000;stroke:none"
        />
        <path
            d="m 33.1,88.9 h -1 v -7.6 h 1 z"
            style="fill:#000000;stroke:none"
        />
        <path
            d="m 34.1,81.3 h 0.8 q 0.1,0 0.2,0.1 0.1,0.1 0.1,0.2 l 2.2,5.4 q 0.1,0.2 0.1,0.4 0.1,0.2 0.1,0.4 0,-0.2 0.1,-0.4 0.1,-0.2 0.1,-0.4 l 2.1,-5.4 q 0,-0.1 0.1,-0.2 0.1,-0.1 0.2,-0.1 h 0.8 l -3.1,7.6 h -0.9 z"
            style="fill:#000000;stroke:none"
        />
    </g>
    <g>
        <polygon
            points="65,65 33,121 97,121"
            style="fill:#7cfc00;stroke:#000000;stroke-width:0.5px"
        />
        <path
            d="m 63.0,98.9 q 0,0.9 -0.3,1.6 -0.3,0.7 -0.8,1.2 -0.5,0.5 -1.2,0.8 -0.7,0.3 -1.5,0.3 H 56.3 v -7.6 h 2.9 q 0.8,0 1.5,0.3 0.7,0.3 1.2,0.8 0.5,0.5 0.8,1.2 0.3,0.7 0.3,1.6 z m -1.1,0 q 0,-0.7 -0.2,-1.3 -0.2,-0.6 -0.5,-0.9 -0.4,-0.4 -0.9,-0.6 -0.5,-0.2 -1.1,-0.2 H 57.4 v 6.0 h 1.8 q 0.6,0 1.1,-0.2 0.5,-0.2 0.9,-0.6 0.4,-0.4 0.5,-0.9 0.2,-0.6 0.2,-1.3 z"
            style="fill:#000000;stroke:none"
        />
        <path
            d="m 65.5,102.7 h -1.0 v -7.6 h 1.0 z"
            style="fill:#000000;stroke:none"
        />
        <path
            d="m 66.5,95.1 h 0.8 q 0.1,0 0.2,0.1 0.1,0.1 0.1,0.2 l 2.2,5.4 q 0.1,0.2 0.1,0.4 0.1,0.2 0.1,0.4 0,-0.2 0.1,-0.4 0.1,-0.2 0.1,-0.4 l 2.1,-5.4 q 0,-0.1 0.1,-0.2 0.1,-0.1 0.2,-0.1 h 0.8 l -3.1,7.6 h -0.9 z"
            style="fill:#000000;stroke:none"
        />
    </g>
    <g>
        <polygon
            points="65,65 97,121 130,65"
            style="fill:#7cfc00;stroke:#000000;stroke-width:0.5px"
        />
        <path
            d="m 95.7,85.1 q 0,0.9 -0.3,1.6 -0.3,0.7 -0.8,1.2 -0.5,0.5 -1.2,0.8 -0.7,0.3 -1.5,0.3 H 89.1 V 81.3 h 2.9 q 0.8,0 1.5,0.3 0.7,0.3 1.2,0.8 0.5,0.5 0.8,1.2 0.3,0.7 0.3,1.6 z m -1.1,0 q 0,-0.7 -0.2,-1.3 -0.2,-0.6 -0.5,-0.9 -0.4,-0.4 -0.9,-0.6 -0.5,-0.2 -1.1,-0.2 h -1.8 v 6.0 h 1.8 q 0.6,0 1.1,-0.2 0.5,-0.2 0.9,-0.6 0.4,-0.4 0.5,-0.9 0.2,-0.6 0.2,-1.3 z"
            style="fill:#000000;stroke:none"
        />
        <path
            d="m 98.2,88.9 h -1.0 V 81.3 h 1.0 z"
            style="fill:#000000;stroke:none"
        />
        <path
            d="m 99.2,81.3 h 0.8 q 0.1,0 0.2,0.1 0.1,0.1 0.1,0.2 l 2.2,5.4 q 0.1,0.2 0.1,0.4 0.1,0.2 0.1,0.4 0,-0.2 0.1,-0.4 0.1,-0.2 0.1,-0.4 l 2.1,-5.4 q 0,-0.1 0.1,-0.2 0.1,-0.1 0.2,-0.1 h 0.8 l -3.1,7.6 h -0.9 z"
            style="fill:#000000;stroke:none"
        />
    </g>
    <g>
        <polygon
            points="65,65 130,65 98,9"
            style="fill:#7cfc00;stroke:#000000;stroke-width:0.5px"
        />
        <path
            d="m 84.6,44.6 v 2.9 h -1 v -7.6 h 2.3 q 0.7,0 1.3,0.2 0.5,0.2 0.9,0.5 0.4,0.3 0.5,0.7 0.2,0.4 0.2,1 0,0.5 -0.2,1 -0.2,0.4 -0.5,0.8 -0.4,0.3 -0.9,0.5 -0.5,0.2 -1.2,0.2 z m 0,-0.8 h 1.2 q 0.4,0 0.8,-0.1 0.3,-0.1 0.6,-0.3 0.2,-0.2 0.4,-0.5 0.1,-0.3 0.1,-0.6 0,-0.7 -0.5,-1.1 -0.4,-0.4 -1.4,-0.4 h -1.2 z"
            style="fill:#000000;stroke:none"
        />
        <path
            d="m 91.0,44.3 v 3.2 h -1 v -7.6 h 2.2 q 0.7,0 1.3,0.1 0.5,0.1 0.9,0.4 0.3,0.3 0.5,0.7 0.2,0.4 0.2,0.9 0,0.4 -0.1,0.8 -0.1,0.4 -0.4,0.6 -0.2,0.3 -0.6,0.5 -0.3,0.2 -0.8,0.3 0.2,0.1 0.3,0.3 l 2.2,3 h -0.9 q -0.3,0 -0.4,-0.2 l -2,-2.7 q -0.1,-0.1 -0.2,-0.2 -0.1,-0.1 -0.3,-0.1 z m 0,-0.8 h 1.1 q 0.4,0 0.8,-0.1 0.3,-0.1 0.6,-0.3 0.2,-0.2 0.4,-0.5 0.1,-0.3 0.1,-0.6 0,-0.7 -0.4,-1 -0.4,-0.3 -1.3,-0.3 h -1.1 z"
            style="fill:#000000;stroke:none"
        />
        <path
            d="m 97.7,47.5 h -1 v -7.6 h 1 z"
            style="fill:#000000;stroke:none"
        />
        <path
            d="m 105.0,45.9 q 0.1,0 0.1,0.1 l 0.4,0.4 q -0.5,0.5 -1.1,0.8 -0.7,0.3 -1.6,0.3 -0.8,0 -1.5,-0.3 -0.7,-0.3 -1.1,-0.8 -0.5,-0.5 -0.7,-1.2 -0.3,-0.7 -0.3,-1.6 0,-0.9 0.3,-1.6 0.3,-0.7 0.8,-1.2 0.5,-0.5 1.2,-0.8 0.7,-0.3 1.5,-0.3 0.8,0 1.4,0.3 0.6,0.3 1.1,0.7 l -0.3,0.5 q 0,0.1 -0.1,0.1 0,0 -0.1,0 -0.1,0 -0.2,-0.1 -0.1,-0.1 -0.4,-0.2 -0.2,-0.1 -0.6,-0.2 -0.3,-0.1 -0.8,-0.1 -0.6,0 -1.1,0.2 -0.5,0.2 -0.8,0.6 -0.4,0.4 -0.5,0.9 -0.2,0.6 -0.2,1.3 0,0.7 0.2,1.3 0.2,0.6 0.6,0.9 0.4,0.4 0.8,0.6 0.5,0.2 1,0.2 0.3,0 0.6,0 0.3,0 0.5,-0.1 0.2,-0.1 0.4,-0.2 0.2,-0.1 0.4,-0.3 0.1,-0.1 0.2,-0.1 z"
            style="fill:#000000;stroke:none"
        />
        <path
            d="m 111.5,39.9 v 0.8 h -3.7 v 2.5 h 3 V 44 h -3 v 2.6 h 3.7 v 0.8 h -4.8 v -7.6 z"
            style="fill:#000000;stroke:none"
        />
        <path
            d="m 94.6,54.5 v 2.3 h 2.2 v 0.7 h -2.2 v 2.3 H 93.8 v -2.3 h -2.2 v -0.7 h 2.2 v -2.3 z"
            style="fill:#000000;stroke:none"
        />
        <path
            d="m 98.6,60.0 h 1.6 v -5.2 q 0,-0.2 0,-0.5 l -1.4,1.2 q -0.1,0.1 -0.1,0.1 -0.1,0 -0.1,0 -0.1,0 -0.1,0 0,0 -0.1,-0.1 l -0.3,-0.4 2.3,-2.0 h 0.8 v 6.9 h 1.5 v 0.7 h -4.1 z"
            style="fill:#000000;stroke:none"
        />
    </g>
</svg>