<svg
     xmlns="http://www.w3.org/2000/svg"
     height="20"
     width="20"
     viewbox="0 0 20 20"
>
  <path
      d="m 7.2,2.3 c -0.8,0 -1.5,0.7 -1.5,1.5 0,0.7 0.5,1.3 1.1,1.4 L 5.3,8.6 c 0.7,0.1 1.2,0.7 1.2,1.4 0,0.8 -0.7,1.4 -1.4,1.4 -0.8,0 -1.4,-0.7 -1.4,-1.4 0,-0.7 0.3,-1.0 0.8,-1.3 L 2.3,5.4 C 2.6,5.2 2.8,4.8 2.8,4.3 c 0,-0.7 -0.6,-1.3 -1.3,-1.3 -0.7,0 -1.3,0.6 -1.3,1.3 0,0.7 0.6,1.3 1.3,1.3 0,0 0.1,0 0.1,0 L 3.3,15.2 H 16.7 l 1.8,-9.6 c 0,0 0.1,0 0.1,0 0.7,0 1.3,-0.6 1.3,-1.3 0,-0.7 -0.6,-1.3 -1.3,-1.3 -0.7,0 -1.3,0.6 -1.3,1.3 0,0.5 0.2,0.8 0.6,1.1 l -2.1,3.3 c 0.5,0.2 0.7,0.7 0.8,1.3 0,0.8 -0.7,1.4 -1.4,1.4 -0.8,0 -1.4,-0.7 -1.4,-1.4 0,-0.7 0.5,-1.3 1.2,-1.4 L 13.3,5.2 c 0.7,-0.2 1.1,-0.7 1.1,-1.4 0,-0.8 -0.7,-1.5 -1.5,-1.5 -0.8,0 -1.5,0.7 -1.5,1.5 0,0.6 0.4,1.1 1.0,1.4 l -1.9,3.2 c 0.6,0.2 1.1,0.8 1.1,1.5 0,0.8 -0.7,1.5 -1.5,1.5 -0.8,0 -1.5,-0.7 -1.5,-1.5 0,-0.8 0.4,-1.2 1.0,-1.4 L 7.7,5.2 C 8.3,5.0 8.7,4.5 8.7,3.8 8.7,3.0 8.0,2.3 7.2,2.3 Z M 3.3,16.0 C 2.3,16.2 2.4,17.7 3.5,17.7 h 0.3 v 0 h 12.4 v 0 h 0.3 c 1.1,0 1.2,-1.5 0.2,-1.7 z"
      style="fill:#000000;stroke:none" 
  />
</svg>
