<svg
    xmlns="http://www.w3.org/2000/svg"
    height="100"
    width="100"
    viewbox="0 0 100 100"
>
    <rect
        x="0"
        y="0"
        width="100"
        height="100"
        style="fill:#da9100;stroke:#000000;stroke-width:0.5px"
    />
    <path
        id="crown"
        d="m 42.6,8.9 c -2.1,0 -3.8,1.7 -3.8,3.8 0,1.8 1.2,3.3 2.8,3.7 l -3.9,9.0 c 1.7,0.3 3.1,1.8 3.1,3.7 0,2.1 -1.7,3.7 -3.7,3.7 -2.1,0 -3.7,-1.7 -3.7,-3.7 0,-1.5 0.8,-2.7 2.1,-3.4 L 29.8,17.0 c 0.9,-0.6 1.5,-1.7 1.5,-2.8 0,-1.9 -1.6,-3.5 -3.5,-3.5 -1.9,0 -3.5,1.6 -3.5,3.5 0,1.9 1.6,3.5 3.5,3.5 0.1,0 0.2,0 0.2,0 l 4.6,25.0 h 34.8 l 4.6,-25.0 c 0.1,0 0.2,0 0.2,0 1.9,0 3.5,-1.6 3.5,-3.5 0,-1.9 -1.6,-3.5 -3.5,-3.5 -1.9,0 -3.5,1.6 -3.5,3.5 0,1.2 0.6,2.2 1.5,2.9 l -5.6,8.7 c 1.2,0.6 2.0,1.9 2.0,3.3 0,2.1 -1.7,3.7 -3.7,3.7 -2.1,0 -3.7,-1.7 -3.7,-3.7 0,-1.9 1.4,-3.4 3.2,-3.7 l -3.8,-9.0 c 1.7,-0.4 2.9,-1.9 2.9,-3.7 0,-2.1 -1.7,-3.8 -3.8,-3.8 -2.1,0 -3.8,1.7 -3.8,3.8 0,1.6 1.0,3.0 2.5,3.6 l -4.9,8.4 c 1.6,0.5 2.8,2.0 2.8,3.8 0,2.2 -1.8,3.9 -3.9,3.9 -2.2,0 -3.9,-1.8 -3.9,-3.9 0,-1.7 1.0,-3.1 2.5,-3.7 l -4.9,-8.4 c 1.5,-0.5 2.5,-1.9 2.5,-3.6 0,-2.1 -1.7,-3.8 -3.8,-3.8 z M 32.6,44.7 c -2.6,0.4 -2.5,4.4 0.5,4.4 h 0.7 l 0,0 h 32.4 l 0,0 h 0.8 c 2.9,0 3.1,-4.0 0.5,-4.4 H 32.6 Z"
        style="fill:#000000;stroke:none"
    />
    <path
        id="x"
        d="m 13.2,79.9 -6.8,-9.9 h 3.4 q 0.4,0 0.6,0.1 0.2,0.1 0.4,0.4 l 5.0,7.6 q 0.2,-0.6 0.5,-1.1 l 4.4,-6.4 q 0.2,-0.3 0.4,-0.4 0.2,-0.2 0.5,-0.2 h 3.3 l -6.8,9.7 7.1,10.6 h -3.4 q -0.4,0 -0.7,-0.2 -0.2,-0.2 -0.4,-0.5 l -5.1,-7.9 q -0.1,0.6 -0.4,1.0 l -4.7,6.9 q -0.2,0.3 -0.4,0.5 -0.2,0.2 -0.6,0.2 h -3.2 z"
        style="fill:#000000;stroke:none"
    />
    <path
        id="1"
        d="m 30.5,87.5 h 6.1 v -19.5 q 0,-0.8 0.1,-1.8 l -5.1,4.4 q -0.3,0.2 -0.5,0.3 -0.3,0 -0.5,0 -0.2,0 -0.4,-0.2 -0.2,-0.1 -0.3,-0.3 l -1.1,-1.5 8.5,-7.4 h 2.9 v 26.0 h 5.6 v 2.7 h -15.4 z"
        style="fill:#000000;stroke:none"
    />
    <path
        id="0-1"
        d="m 70.7,75.9 q 0,3.8 -0.8,6.5 -0.8,2.7 -2.2,4.5 -1.4,1.8 -3.3,2.7 -1.9,0.9 -4.1,0.9 -2.2,0 -4.1,-0.9 -1.9,-0.9 -3.3,-2.7 -1.4,-1.8 -2.2,-4.5 -0.8,-2.8 -0.8,-6.5 0,-3.8 0.8,-6.5 0.8,-2.8 2.2,-4.6 1.4,-1.8 3.3,-2.7 1.9,-0.9 4.1,-0.9 2.2,0 4.1,0.9 1.9,0.9 3.3,2.7 1.4,1.8 2.2,4.6 0.8,2.8 0.8,6.5 z m -3.7,0 q 0,-3.3 -0.6,-5.5 -0.5,-2.2 -1.5,-3.6 -0.9,-1.4 -2.1,-1.9 -1.2,-0.6 -2.5,-0.6 -1.3,0 -2.5,0.6 -1.2,0.6 -2.1,1.9 -0.9,1.4 -1.5,3.6 -0.5,2.2 -0.5,5.5 0,3.3 0.5,5.5 0.6,2.2 1.5,3.6 0.9,1.4 2.1,2.0 1.2,0.6 2.5,0.6 1.3,0 2.5,-0.6 1.2,-0.6 2.1,-2.0 0.9,-1.4 1.5,-3.6 0.6,-2.2 0.6,-5.5 z"
        style="fill:#000000;stroke:none"
    />
    <path
        id="0-2"
        d="m 93.9,75.9 q 0,3.8 -0.8,6.5 -0.8,2.7 -2.2,4.5 -1.4,1.8 -3.3,2.7 -1.9,0.9 -4.1,0.9 -2.2,0 -4.1,-0.9 -1.9,-0.9 -3.3,-2.7 -1.4,-1.8 -2.2,-4.5 -0.8,-2.8 -0.8,-6.5 0,-3.8 0.8,-6.5 0.8,-2.8 2.2,-4.6 1.4,-1.8 3.3,-2.7 1.9,-0.9 4.1,-0.9 2.2,0 4.1,0.9 1.9,0.9 3.3,2.7 1.4,1.8 2.2,4.6 0.8,2.8 0.8,6.5 z m -3.7,0 q 0,-3.3 -0.6,-5.5 -0.5,-2.2 -1.5,-3.6 -0.9,-1.4 -2.1,-1.9 -1.2,-0.6 -2.5,-0.6 -1.3,0 -2.5,0.6 -1.2,0.6 -2.1,1.9 -0.9,1.4 -1.5,3.6 -0.5,2.2 -0.5,5.5 0,3.3 0.5,5.5 0.6,2.2 1.5,3.6 0.9,1.4 2.1,2.0 1.2,0.6 2.5,0.6 1.3,0 2.5,-0.6 1.2,-0.6 2.1,-2.0 0.9,-1.4 1.5,-3.6 0.6,-2.2 0.6,-5.5 z"
        style="fill:#000000;stroke:none"
    />
</svg>