<svg
    xmlns="http://www.w3.org/2000/svg"
    height="100"
    width="200"
    viewbox="0 0 200 100"
>
    <rect
        x="0"
        y="0"
        width="200"
        height="100"
        style="fill:#85bb65;stroke:none"
    />
    <path
        id="border"
        d="M 176.2,100.0 H 23.4 c -0.8,0 -1.6,-0.3 -2.2,-1.0 -0.6,-0.6 -0.9,-1.4 -0.9,-2.3 0,-0.1 0,-0.2 0,-0.2 C 20.4,86.4 12.7,78.1 3.0,77.8 1.3,77.7 0,76.3 0,74.6 V 24.7 c 0,-1.7 1.3,-3.2 3.0,-3.2 C 12.4,21.1 20.1,13.1 20.3,3.1 20.4,1.4 21.8,0 23.4,0 h 152.8 c 1.7,0 3.0,1.4 3.1,3.1 0.3,10.1 8.1,18.2 17.7,18.3 1.7,0 3.0,1.5 3.0,3.2 v 49.8 c 0,1.8 -1.3,3.2 -3.0,3.2 -9.8,0.1 -17.7,8.6 -17.7,18.9 0,0.9 -0.3,1.7 -0.9,2.3 C 177.8,99.6 177.0,100.0 176.2,100.0 Z M 26.3,93.5 H 173.3 C 174.7,82.2 183.2,73.1 193.9,71.6 V 27.7 C 183.4,26.2 175.0,17.5 173.4,6.5 H 26.2 C 24.6,17.3 16.5,26.0 6.1,27.6 V 71.6 C 16.8,73.3 25.0,82.2 26.3,93.5 Z M 196.9,74.6 h 0 z"
        style="fill:#78866b;stroke:none"
    />
    <path
        id="corner-top-left"
        d="m 3.1,27.9 c -0.8,0 -1.6,-0.3 -2.1,-0.9 C 0.3,26.4 0,25.6 0,24.7 V 3.2 C 0,1.5 1.4,0 3.1,0 H 23.4 c 0.8,0 1.6,0.4 2.2,1.0 0.6,0.6 0.9,1.5 0.9,2.4 C 26.1,16.7 15.9,27.5 3.2,27.9 c 0,0 -0.1,0 -0.1,0 z M 6.1,6.5 V 21.1 C 13.1,19.5 18.5,13.8 20.0,6.5 Z"
        style="fill:#78866b;stroke:none"
    />
    <path
        id="corner-top-right"
        d="m 196.9,27.9 h 0 c -12.9,-0.2 -23.3,-11.0 -23.7,-24.6 0,-0.9 0.3,-1.7 0.9,-2.4 0.6,-0.6 1.4,-1.0 2.2,-1.0 h 20.7 c 1.7,0 3.1,1.4 3.1,3.2 V 24.7 c 0,0.9 -0.3,1.7 -0.9,2.3 -0.6,0.6 -1.3,0.9 -2.2,0.9 z M 179.7,6.5 c 1.5,7.5 7.1,13.3 14.2,14.7 V 6.5 Z"
        style="fill:#78866b;stroke:none"
    />
    <path
        id="corner-bottom-left"
        d="M 23.4,100.0 H 3.1 c -1.7,0 -3.1,-1.4 -3.1,-3.2 V 74.6 c 0,-0.9 0.3,-1.7 0.9,-2.3 C 1.5,71.6 2.3,71.3 3.2,71.3 16.3,71.7 26.5,82.9 26.5,96.7 c 0,0.1 0,0.2 0,0.3 -0.1,1.7 -1.5,3.0 -3.1,3.0 z M 6.1,93.5 H 20.2 C 19.0,85.9 13.4,79.8 6.1,78.2 Z"
        style="fill:#78866b;stroke:none"
    />
    <path
        id="corner-bottom-right"
        d="m 196.9,100.0 h -20.7 c -1.7,0 -3.1,-1.4 -3.1,-3.2 0,-13.9 10.7,-25.3 23.8,-25.5 0.8,0 1.6,0.3 2.2,0.9 C 199.7,72.9 200.0,73.7 200,74.5 v 22.2 c 0,1.8 -1.4,3.2 -3.1,3.2 z m -17.4,-6.5 h 14.3 V 78.1 c -7.3,1.5 -13.1,7.7 -14.3,15.4 z"
        style="fill:#78866b;stroke:none"
    />
    <path
        id="circle"
        d="m 100.0,100.0 c -26.1,0 -47.4,-22.4 -47.4,-50.0 0,-27.6 21.3,-50.0 47.4,-50.0 26.2,0 47.4,22.4 47.4,50.0 0,27.6 -21.3,50.0 -47.4,50.0 z m 0,-93.5 c -22.8,0 -41.3,19.5 -41.3,43.5 0,24.0 18.5,43.5 41.3,43.5 22.8,0 41.3,-19.5 41.3,-43.5 0,-24.0 -18.5,-43.5 -41.3,-43.5 z"
        style="fill:#78866b;stroke:none"
    />
    <path
        id="dollar-s"
        d="m 99.7,73.1 c -4.6,0 -9.9,-1.8 -14.1,-7.5 -1.0,-1.4 -0.8,-3.4 0.6,-4.5 1.3,-1.1 3.3,-0.8 4.3,0.6 6.1,8.4 14.8,3.7 15.1,3.5 0.1,0 0.2,-0.1 0.3,-0.1 0.5,-0.2 3.2,-1.7 2.8,-5.8 -0.4,-4.6 -4.5,-5.9 -4.6,-5.9 0,0 -5.1,-1.6 -10.1,-3.2 C 86.7,47.9 85.2,42.5 85.3,38.4 85.3,35.6 86.5,26.4 100.0,26.4 h 0.3 c 9.2,0.1 13.5,7.0 14.5,10.6 0.5,1.7 -0.5,3.5 -2.1,4.0 -1.6,0.5 -3.3,-0.5 -3.8,-2.2 -0.2,-0.6 -1.9,-5.9 -8.7,-6.0 H 100.0 c -5.7,0 -8.6,1.9 -8.6,5.6 0,2.1 0.5,4.3 4.4,5.5 5.0,1.6 10.1,3.2 10.1,3.2 0.3,0.1 8.2,2.6 9.0,11.5 0.6,7.1 -3.9,11.1 -6.5,12.3 -2.0,1.1 -5.2,2.1 -8.7,2.1 z"
        style="fill:#78866b;stroke:none"
    />
    <path
        id="dollar-top"
        d="m 100.3,32.8 c -1.7,0 -3.1,-1.4 -3.1,-3.2 v -8.4 c 0,-1.8 1.4,-3.2 3.1,-3.2 1.7,0 3.1,1.5 3.1,3.2 v 8.4 c 0,1.8 -1.4,3.2 -3.1,3.2 z"
        style="fill:#78866b;stroke:none"
    />
    <path
        id="dollar-bottom"
        d="m 100.3,82.0 c -1.7,0 -3.1,-1.4 -3.1,-3.2 v -8.4 c 0,-1.8 1.4,-3.2 3.1,-3.2 1.7,0 3.1,1.5 3.1,3.2 v 8.4 c 0,1.8 -1.4,3.2 -3.1,3.2 z"
        style="fill:#78866b;stroke:none"
    />
</svg>