<svg
    xmlns="http://www.w3.org/2000/svg"
    width="130"
    height="130"
    viewBox="0 0 130 130"
>
    <g>
        <polygon
            points="65,65 130,65 98,9 32,9"
            style="fill:#36454f;stroke:#000000;stroke-width:0.5px"
        />
        <path
            d="m 68.1,24.7 v 2.9 h -1.0 v -7.6 h 2.3 q 0.7,0 1.3,0.2 0.5,0.2 0.9,0.5 0.4,0.3 0.5,0.7 0.2,0.4 0.2,1.0 0,0.5 -0.2,1.0 -0.2,0.4 -0.5,0.8 -0.4,0.3 -0.9,0.5 -0.5,0.2 -1.2,0.2 z m 0,-0.8 h 1.2 q 0.4,0 0.8,-0.1 0.3,-0.1 0.6,-0.3 0.2,-0.2 0.4,-0.5 0.1,-0.3 0.1,-0.6 0,-0.7 -0.5,-1.1 -0.4,-0.4 -1.4,-0.4 h -1.2 z"
            style="fill:#ffffff;stroke:none"
        />
        <path
            d="m 74.5,24.3 v 3.2 h -1.0 v -7.6 h 2.2 q 0.7,0 1.3,0.1 0.5,0.1 0.9,0.4 0.3,0.3 0.5,0.7 0.2,0.4 0.2,0.9 0,0.4 -0.1,0.8 -0.1,0.4 -0.4,0.6 -0.2,0.3 -0.6,0.5 -0.3,0.2 -0.8,0.3 0.2,0.1 0.3,0.3 l 2.2,3.0 h -0.9 q -0.3,0 -0.4,-0.2 l -2.0,-2.7 q -0.1,-0.1 -0.2,-0.2 -0.1,-0.1 -0.3,-0.1 z m 0,-0.8 h 1.1 q 0.4,0 0.8,-0.1 0.3,-0.1 0.6,-0.3 0.2,-0.2 0.4,-0.5 0.1,-0.3 0.1,-0.6 0,-0.7 -0.4,-1.0 -0.4,-0.3 -1.3,-0.3 h -1.1 z"
            style="fill:#ffffff;stroke:none"
        />
        <path
            d="m 81.2,27.5 h -1.0 v -7.6 h 1.0 z"
            style="fill:#ffffff;stroke:none"
        />
        <path
            d="m 88.5,26.0 q 0.1,0 0.1,0.1 l 0.4,0.4 q -0.5,0.5 -1.1,0.8 -0.7,0.3 -1.6,0.3 -0.8,0 -1.5,-0.3 -0.7,-0.3 -1.1,-0.8 -0.5,-0.5 -0.7,-1.2 -0.3,-0.7 -0.3,-1.6 0,-0.9 0.3,-1.6 0.3,-0.7 0.8,-1.2 0.5,-0.5 1.2,-0.8 0.7,-0.3 1.5,-0.3 0.8,0 1.4,0.3 0.6,0.3 1.1,0.7 l -0.3,0.5 q 0,0.1 -0.1,0.1 0,0 -0.1,0 -0.1,0 -0.2,-0.1 -0.1,-0.1 -0.4,-0.2 -0.2,-0.1 -0.6,-0.2 -0.3,-0.1 -0.8,-0.1 -0.6,0 -1.1,0.2 -0.5,0.2 -0.8,0.6 -0.4,0.4 -0.5,0.9 -0.2,0.6 -0.2,1.3 0,0.7 0.2,1.3 0.2,0.6 0.6,0.9 0.4,0.4 0.8,0.6 0.5,0.2 1.0,0.2 0.3,0 0.6,0 0.3,0 0.5,-0.1 0.2,-0.1 0.4,-0.2 0.2,-0.1 0.4,-0.3 0.1,-0.1 0.2,-0.1 z"
            style="fill:#ffffff;stroke:none"
        />
        <path
            d="m 94.9,19.9 v 0.8 h -3.7 v 2.5 h 3.0 v 0.8 h -3.0 v 2.6 h 3.7 l 0,0.8 h -4.7 v -7.6 z"
            style="fill:#ffffff;stroke:none"
        />
        <path
            d="m 80.3,37.3 h 2.6 v 0.8 h -2.6 z"
            style="fill:#ffffff;stroke:none"
        />
        <path
            d="m 86.8,33.1 q 0.5,0 0.9,0.1 0.4,0.1 0.7,0.4 0.3,0.3 0.5,0.7 0.2,0.4 0.2,0.9 0,0.4 -0.1,0.8 -0.1,0.4 -0.3,0.7 -0.2,0.3 -0.5,0.6 -0.3,0.3 -0.6,0.6 l -2.0,2.1 q 0.2,-0.1 0.4,-0.1 0.2,0 0.4,0 h 2.6 q 0.2,0 0.2,0.1 0.1,0.1 0.1,0.2 v 0.6 h -5.1 v -0.3 q 0,-0.1 0,-0.2 0,-0.1 0.1,-0.2 l 2.4,-2.5 q 0.3,-0.3 0.6,-0.6 0.3,-0.3 0.4,-0.6 0.2,-0.3 0.3,-0.6 0.1,-0.3 0.1,-0.6 0,-0.3 -0.1,-0.6 -0.1,-0.3 -0.3,-0.4 -0.2,-0.2 -0.4,-0.2 -0.3,-0.1 -0.5,-0.1 -0.3,0 -0.5,0.1 -0.2,0.1 -0.4,0.2 -0.2,0.1 -0.3,0.4 -0.1,0.2 -0.2,0.5 -0.1,0.2 -0.2,0.3 -0.1,0.1 -0.3,0 l -0.5,-0.1 q 0.1,-0.5 0.3,-0.9 0.2,-0.4 0.5,-0.7 0.3,-0.3 0.8,-0.4 0.4,-0.1 0.9,-0.1 z"
            style="fill:#ffffff;stroke:none"
        />
        <path
            d="m 82.2,51.0 v 3.2 h -1 v -7.6 h 2.2 q 0.7,0 1.3,0.1 0.5,0.1 0.9,0.4 0.3,0.3 0.5,0.7 0.2,0.4 0.2,0.9 0,0.4 -0.1,0.8 -0.1,0.4 -0.4,0.6 -0.2,0.3 -0.6,0.5 -0.3,0.2 -0.8,0.3 0.2,0.1 0.3,0.3 l 2.2,3 H 86 q -0.3,0 -0.4,-0.2 l -2,-2.7 Q 83.5,51.2 83.4,51.1 83.3,51 83.1,51 Z m 0,-0.8 h 1.1 q 0.4,0 0.8,-0.1 0.3,-0.1 0.6,-0.3 0.2,-0.2 0.4,-0.5 0.1,-0.3 0.1,-0.6 0,-0.7 -0.4,-1 -0.4,-0.3 -1.3,-0.3 h -1.1 z"
            style="fill:#ffffff;stroke:none"
        />
        <path
            d="m 94.1,54.2 h -0.8 q -0.1,0 -0.2,-0.1 Q 93,54 93,53.9 l -0.8,-1.8 h -3.4 l -0.7,1.8 q 0,0.1 -0.1,0.2 -0.1,0.1 -0.2,0.1 H 87 l 3.1,-7.6 h 1 z m -5,-2.8 H 92 l -1.2,-3.1 q -0.1,-0.1 -0.1,-0.3 -0.1,-0.2 -0.1,-0.4 -0.1,0.2 -0.1,0.4 -0.1,0.2 -0.1,0.3 z"
            style="fill:#ffffff;stroke:none"
        />
        <path
            d="m 96.2,54.2 h -1 v -7.6 h 1 z"
            style="fill:#ffffff;stroke:none"
        />
        <path
            d="m 104.7,50.4 q 0,0.9 -0.3,1.6 -0.3,0.7 -0.8,1.2 -0.5,0.5 -1.2,0.8 -0.7,0.3 -1.5,0.3 h -2.8 v -7.6 h 2.9 q 0.8,0 1.5,0.3 0.7,0.3 1.2,0.8 0.5,0.5 0.8,1.2 0.3,0.7 0.3,1.6 z m -1.1,0 q 0,-0.7 -0.2,-1.3 -0.2,-0.6 -0.5,-0.9 -0.4,-0.4 -0.9,-0.6 -0.5,-0.2 -1.1,-0.2 h -1.8 v 6 h 1.8 q 0.6,0 1.1,-0.2 0.5,-0.2 0.9,-0.6 0.4,-0.4 0.5,-0.9 0.2,-0.6 0.2,-1.3 z"
            style="fill:#ffffff;stroke:none"
        />
    </g>
    <g>
        <polygon
            points="32,9 0,65 33,121 97,121"
            style="fill:#36454f;stroke:#000000;stroke-width:0.5px"
        />
        <path
            d="m 15.6,64.5 v 2.9 h -1 v -7.6 h 2.3 q 0.7,0 1.3,0.2 0.5,0.2 0.9,0.5 0.4,0.3 0.5,0.7 0.2,0.4 0.2,1 0,0.5 -0.2,1 -0.2,0.4 -0.5,0.8 -0.4,0.3 -0.9,0.5 -0.5,0.2 -1.2,0.2 z m 0,-0.8 h 1.2 q 0.4,0 0.8,-0.1 0.3,-0.1 0.6,-0.3 0.2,-0.2 0.4,-0.5 0.1,-0.3 0.1,-0.6 0,-0.7 -0.5,-1.1 -0.4,-0.4 -1.4,-0.4 h -1.2 z"
            style="fill:#ffffff;stroke:none"
        />
        <path
            d="m 22.0,64.2 v 3.2 h -1 v -7.6 h 2.2 q 0.7,0 1.3,0.1 0.5,0.1 0.9,0.4 0.3,0.3 0.5,0.7 0.2,0.4 0.2,0.9 0,0.4 -0.1,0.8 -0.1,0.4 -0.4,0.6 -0.2,0.3 -0.6,0.5 -0.3,0.2 -0.8,0.3 0.2,0.1 0.3,0.3 l 2.2,3 h -0.9 q -0.3,0 -0.4,-0.2 l -2,-2.7 q -0.1,-0.1 -0.2,-0.2 -0.1,-0.1 -0.3,-0.1 z m 0,-0.8 h 1.1 q 0.4,0 0.8,-0.1 0.3,-0.1 0.6,-0.3 0.2,-0.2 0.4,-0.5 0.1,-0.3 0.1,-0.6 0,-0.7 -0.4,-1 -0.4,-0.3 -1.3,-0.3 h -1.1 z"
            style="fill:#ffffff;stroke:none"
        />
        <path
            d="m 28.7,67.4 h -1 v -7.6 h 1 z"
            style="fill:#ffffff;stroke:none"
        />
        <path
            d="m 36.1,65.8 q 0.1,0 0.1,0.1 l 0.4,0.4 q -0.5,0.5 -1.1,0.8 -0.7,0.3 -1.6,0.3 -0.8,0 -1.5,-0.3 -0.7,-0.3 -1.1,-0.8 -0.5,-0.5 -0.7,-1.2 -0.3,-0.7 -0.3,-1.6 0,-0.9 0.3,-1.6 0.3,-0.7 0.8,-1.2 0.5,-0.5 1.2,-0.8 0.7,-0.3 1.5,-0.3 0.8,0 1.4,0.3 0.6,0.3 1.1,0.7 l -0.3,0.5 q 0,0.1 -0.1,0.1 0,0 -0.1,0 -0.1,0 -0.2,-0.1 -0.1,-0.1 -0.4,-0.2 -0.2,-0.1 -0.6,-0.2 -0.3,-0.1 -0.8,-0.1 -0.6,0 -1.1,0.2 -0.5,0.2 -0.8,0.6 -0.4,0.4 -0.5,0.9 -0.2,0.6 -0.2,1.3 0,0.7 0.2,1.3 0.2,0.6 0.6,0.9 0.4,0.4 0.8,0.6 0.5,0.2 1,0.2 0.3,0 0.6,0 0.3,0 0.5,-0.1 0.2,-0.1 0.4,-0.2 0.2,-0.1 0.4,-0.3 0.1,-0.1 0.2,-0.1 z"
            style="fill:#ffffff;stroke:none"
        />
        <path
            d="m 42.5,59.8 v 0.8 h -3.7 v 2.5 h 3 v 0.8 h -3 v 2.6 h 3.7 v 0.8 h -4.7 v -7.6 z"
            style="fill:#ffffff;stroke:none"
        />
        <path
            d="m 27.9,77.1 h 2.6 v 0.8 h -2.6 z"
            style="fill:#ffffff;stroke:none"
        />
        <path
            d="m 32.5,80.0 h 1.6 v -5.2 q 0,-0.2 0,-0.5 l -1.4,1.2 q -0.1,0.1 -0.1,0.1 -0.1,0 -0.1,0 -0.1,0 -0.1,0 0,0 -0.1,-0.1 L 32.1,75 34.4,73.1 h 0.8 V 80 h 1.5 v 0.7 h -4.1 z"
            style="fill:#ffffff;stroke:none"
        />
        <path
            d="m 29.8,90.9 v 3.2 h -1.0 v -7.6 h 2.2 q 0.7,0 1.3,0.1 0.5,0.1 0.9,0.4 0.3,0.3 0.5,0.7 0.2,0.4 0.2,0.9 0,0.4 -0.1,0.8 -0.1,0.4 -0.4,0.6 -0.2,0.3 -0.6,0.5 -0.3,0.2 -0.8,0.3 0.2,0.1 0.3,0.3 l 2.2,3.0 h -0.9 q -0.3,0 -0.4,-0.2 l -2.0,-2.7 q -0.1,-0.1 -0.2,-0.2 -0.1,-0.1 -0.3,-0.1 z m 0,-0.8 h 1.1 q 0.4,0 0.8,-0.1 0.3,-0.1 0.6,-0.3 0.2,-0.2 0.4,-0.5 0.1,-0.3 0.1,-0.6 0,-0.7 -0.4,-1.0 -0.4,-0.3 -1.3,-0.3 h -1.1 z"
            style="fill:#ffffff;stroke:none"
        />
        <path
            d="m 41.7,94.1 h -0.8 q -0.1,0 -0.2,-0.1 -0.1,-0.1 -0.1,-0.2 L 39.8,92.0 H 36.4 l -0.7,1.8 q 0,0.1 -0.1,0.2 -0.1,0.1 -0.2,0.1 h -0.8 l 3.1,-7.6 h 1.0 z m -5.0,-2.8 h 2.9 L 38.3,88.1 q -0.1,-0.1 -0.1,-0.3 -0.1,-0.2 -0.1,-0.4 -0.1,0.2 -0.1,0.4 -0.1,0.2 -0.1,0.3 z"
            style="fill:#ffffff;stroke:none"
        />
        <path
            d="m 43.7,94.1 h -1.0 v -7.6 h 1.0 z"
            style="fill:#ffffff;stroke:none"
        />
        <path
            d="m 52.3,90.3 q 0,0.9 -0.3,1.6 -0.3,0.7 -0.8,1.2 -0.5,0.5 -1.2,0.8 -0.7,0.3 -1.5,0.3 h -2.9 v -7.6 h 2.9 q 0.8,0 1.5,0.3 0.7,0.3 1.2,0.8 0.5,0.5 0.8,1.2 0.3,0.7 0.3,1.6 z m -1.1,0 q 0,-0.7 -0.2,-1.3 -0.2,-0.6 -0.5,-0.9 -0.4,-0.4 -0.9,-0.6 -0.5,-0.2 -1.1,-0.2 h -1.8 v 6.0 h 1.8 q 0.6,0 1.1,-0.2 0.5,-0.2 0.9,-0.6 0.4,-0.4 0.5,-0.9 0.2,-0.6 0.2,-1.3 z"
            style="fill:#ffffff;stroke:none"
        />
    </g>
    <g>
        <polygon
            points="65,65 97,121 130,65"
            style="fill:#36454f;stroke:#000000;stroke-width:0.5px"
        />
        <path
            d="m 83.8,75.5 q 0,0.1 -0.1,0.1 -0.1,0 -0.1,0 -0.1,0 -0.2,-0.1 -0.1,-0.1 -0.3,-0.2 -0.2,-0.1 -0.4,-0.2 -0.2,-0.1 -0.6,-0.1 -0.3,0 -0.6,0.1 -0.3,0.1 -0.4,0.2 -0.2,0.2 -0.3,0.4 -0.1,0.2 -0.1,0.5 0,0.3 0.2,0.5 0.2,0.2 0.4,0.3 0.3,0.1 0.6,0.3 0.3,0.1 0.7,0.2 0.3,0.1 0.7,0.3 0.3,0.1 0.6,0.4 0.3,0.2 0.4,0.5 0.2,0.3 0.2,0.8 0,0.5 -0.2,0.9 -0.2,0.4 -0.5,0.7 -0.3,0.3 -0.8,0.5 -0.5,0.2 -1.1,0.2 -0.7,0 -1.3,-0.3 -0.6,-0.3 -1,-0.7 l 0.3,-0.5 q 0,-0.1 0.1,-0.1 0.1,0 0.1,0 0.1,0 0.2,0.1 0.1,0.1 0.2,0.1 0.1,0.1 0.2,0.2 0.1,0.1 0.3,0.2 0.2,0.1 0.4,0.1 0.2,0.1 0.5,0.1 0.4,0 0.6,-0.1 0.3,-0.1 0.5,-0.3 0.2,-0.2 0.3,-0.4 0.1,-0.2 0.1,-0.6 0,-0.3 -0.2,-0.6 -0.2,-0.2 -0.4,-0.4 -0.2,-0.1 -0.6,-0.2 -0.3,-0.1 -0.7,-0.2 -0.3,-0.1 -0.7,-0.2 -0.3,-0.1 -0.6,-0.4 -0.2,-0.2 -0.4,-0.6 -0.2,-0.3 -0.2,-0.8 0,-0.4 0.2,-0.8 0.2,-0.4 0.4,-0.7 0.3,-0.3 0.7,-0.5 0.4,-0.2 1,-0.2 0.6,0 1.1,0.2 0.5,0.2 0.9,0.6 z"
            style="fill:#ffffff;stroke:none"
        />
        <path
            d="m 90.7,74.3 v 0.8 h -2.4 v 6.6 h -1 v -6.6 h -2.4 v -0.8 z"
            style="fill:#ffffff;stroke:none"
        />
        <path
            d="m 97.2,81.8 h -0.8 q -0.1,0 -0.2,-0.1 -0.1,-0.1 -0.1,-0.2 l -0.7,-1.8 h -3.3 l -0.7,1.8 q 0,0.1 -0.1,0.2 -0.1,0.1 -0.2,0.1 h -0.8 l 3,-7.5 h 1 z m -4.9,-2.8 h 2.8 l -1.2,-3 q -0.1,-0.1 -0.1,-0.3 -0.1,-0.2 -0.1,-0.4 -0.1,0.2 -0.1,0.4 -0.1,0.2 -0.1,0.3 z"
            style="fill:#ffffff;stroke:none"
        />
        <path
            d="m 102.4,74.3 v 0.8 h -2.4 v 6.6 h -1 v -6.6 h -2.4 v -0.8 z"
            style="fill:#ffffff;stroke:none"
        />
        <path
            d="m 106.4,81.0 q 0.5,0 0.8,-0.2 0.4,-0.2 0.6,-0.4 0.3,-0.3 0.4,-0.7 0.1,-0.4 0.1,-0.9 v -4.5 h 1 v 4.5 q 0,0.6 -0.2,1.2 -0.2,0.6 -0.6,1 -0.4,0.4 -0.9,0.6 -0.6,0.2 -1.2,0.2 -0.7,0 -1.2,-0.2 -0.6,-0.2 -0.9,-0.6 -0.4,-0.4 -0.6,-1 -0.2,-0.6 -0.2,-1.2 v -4.5 h 1 v 4.5 q 0,0.5 0.1,0.9 0.1,0.4 0.4,0.7 0.3,0.3 0.6,0.4 0.4,0.2 0.8,0.2 z"
            style="fill:#ffffff;stroke:none"
        />
        <path
            d="m 115.0,75.5 q 0,0.1 -0.1,0.1 -0.1,0 -0.1,0 -0.1,0 -0.2,-0.1 -0.1,-0.1 -0.3,-0.2 -0.2,-0.1 -0.4,-0.2 -0.2,-0.1 -0.6,-0.1 -0.3,0 -0.6,0.1 -0.3,0.1 -0.4,0.2 -0.2,0.2 -0.3,0.4 -0.1,0.2 -0.1,0.5 0,0.3 0.2,0.5 0.2,0.2 0.4,0.3 0.3,0.1 0.6,0.3 0.3,0.1 0.7,0.2 0.3,0.1 0.7,0.3 0.3,0.1 0.6,0.4 0.3,0.2 0.4,0.5 0.2,0.3 0.2,0.8 0,0.5 -0.2,0.9 -0.2,0.4 -0.5,0.7 -0.3,0.3 -0.8,0.5 -0.5,0.2 -1.1,0.2 -0.7,0 -1.3,-0.3 -0.6,-0.3 -1,-0.7 l 0.3,-0.5 q 0,-0.1 0.1,-0.1 0.1,0 0.1,0 0.1,0 0.2,0.1 0.1,0.1 0.2,0.1 0.1,0.1 0.2,0.2 0.1,0.1 0.3,0.2 0.2,0.1 0.4,0.1 0.2,0.1 0.5,0.1 0.4,0 0.6,-0.1 0.3,-0.1 0.5,-0.3 0.2,-0.2 0.3,-0.4 0.1,-0.2 0.1,-0.6 0,-0.3 -0.2,-0.6 -0.2,-0.2 -0.4,-0.4 -0.2,-0.1 -0.6,-0.2 -0.3,-0.1 -0.7,-0.2 -0.3,-0.1 -0.7,-0.2 -0.3,-0.1 -0.6,-0.4 -0.2,-0.2 -0.4,-0.6 -0.2,-0.3 -0.2,-0.8 0,-0.4 0.2,-0.8 0.2,-0.4 0.4,-0.7 0.3,-0.3 0.7,-0.5 0.4,-0.2 1,-0.2 0.6,0 1.1,0.2 0.5,0.2 0.9,0.6 z"
            style="fill:#ffffff;stroke:none"
        />
        <path
            d="m 93.2,91.1 q 0,0.5 -0.1,1 -0.1,0.5 -0.3,0.9 -0.2,0.4 -0.5,0.7 -0.3,0.3 -0.7,0.6 l 1.9,2.1 h -0.8 q -0.2,0 -0.3,-0.1 -0.1,-0.1 -0.3,-0.2 l -1.3,-1.4 q -0.3,0.1 -0.6,0.1 -0.3,0.1 -0.7,0.1 -0.8,0 -1.5,-0.3 -0.7,-0.3 -1.2,-0.8 -0.5,-0.5 -0.7,-1.2 -0.3,-0.7 -0.3,-1.5 0,-0.8 0.3,-1.5 0.3,-0.7 0.7,-1.2 0.5,-0.5 1.2,-0.8 0.7,-0.3 1.5,-0.3 0.8,0 1.5,0.3 0.7,0.3 1.2,0.8 0.5,0.5 0.7,1.2 0.3,0.7 0.3,1.5 z m -1,0 q 0,-0.7 -0.2,-1.2 -0.2,-0.5 -0.5,-0.9 -0.3,-0.4 -0.8,-0.6 -0.5,-0.2 -1.1,-0.2 -0.6,0 -1.1,0.2 -0.5,0.2 -0.8,0.6 -0.3,0.4 -0.5,0.9 -0.2,0.5 -0.2,1.2 0,0.7 0.2,1.2 0.2,0.5 0.5,0.9 0.3,0.4 0.8,0.6 0.5,0.2 1.1,0.2 0.6,0 1.1,-0.2 0.5,-0.2 0.8,-0.6 0.3,-0.4 0.5,-0.9 0.2,-0.5 0.2,-1.2 z"
            style="fill:#ffffff;stroke:none"
        />
        <path
            d="m 97.5,94.0 q 0.5,0 0.8,-0.2 0.4,-0.2 0.6,-0.4 0.3,-0.3 0.4,-0.7 0.1,-0.4 0.1,-0.9 v -4.5 h 1 v 4.5 q 0,0.6 -0.2,1.2 -0.2,0.6 -0.6,1 -0.4,0.4 -0.9,0.6 -0.6,0.2 -1.2,0.2 -0.7,0 -1.2,-0.2 -0.6,-0.2 -0.9,-0.6 -0.4,-0.4 -0.6,-1 -0.2,-0.6 -0.2,-1.2 v -4.5 h 1 v 4.5 q 0,0.5 0.1,0.9 0.1,0.4 0.4,0.7 0.3,0.3 0.6,0.4 0.4,0.2 0.8,0.2 z"
            style="fill:#ffffff;stroke:none"
        />
        <path
            d="m 109.1,91.1 q 0,0.8 -0.3,1.5 -0.3,0.7 -0.7,1.2 -0.5,0.5 -1.2,0.8 -0.7,0.3 -1.5,0.3 -0.8,0 -1.5,-0.3 -0.7,-0.3 -1.2,-0.8 -0.5,-0.5 -0.7,-1.2 -0.3,-0.7 -0.3,-1.5 0,-0.8 0.3,-1.5 0.3,-0.7 0.7,-1.2 0.5,-0.5 1.2,-0.8 0.7,-0.3 1.5,-0.3 0.8,0 1.5,0.3 0.7,0.3 1.2,0.8 0.5,0.5 0.7,1.2 0.3,0.7 0.3,1.5 z m -1,0 q 0,-0.7 -0.2,-1.2 -0.2,-0.5 -0.5,-0.9 -0.3,-0.4 -0.8,-0.6 -0.5,-0.2 -1.1,-0.2 -0.6,0 -1.1,0.2 -0.5,0.2 -0.8,0.6 -0.3,0.4 -0.5,0.9 -0.2,0.5 -0.2,1.2 0,0.7 0.2,1.2 0.2,0.5 0.5,0.9 0.3,0.4 0.8,0.6 0.5,0.2 1.1,0.2 0.6,0 1.1,-0.2 0.5,-0.2 0.8,-0.6 0.3,-0.4 0.5,-0.9 0.2,-0.5 0.2,-1.2 z"
            style="fill:#ffffff;stroke:none"
        />
    </g>
</svg>