<svg
    xmlns="http://www.w3.org/2000/svg"
    height="100"
    width="100"
    viewbox="0 0 100 100"
>
    <rect
        x="0"
        y="0"
        width="100"
        height="100"
        style="fill:#bc8f8f;stroke:#000000;stroke-width:0.5px"
    />
    <path
        id="chart"
        d="M 4.3,11.1 V 54.5 H 47.7 V 52.8 H 5.9 v -7.7 l 8.0,-5.3 6.5,6.5 6.1,-24.3 11.7,5.8 6.3,-10.1 1.8,1.1 0.6,-6.6 -5.7,3.5 1.9,1.1 -5.5,8.8 -12.2,-6.1 -5.9,23.4 -5.4,-5.4 -8.2,5.5 V 11.1 Z"
        style="fill:#000000;stroke:none"
    />
    <path
        id="moneybag"
        d="m 73.6,9.5 c 0.2,-0.2 0.6,-0.2 0.9,0 l 2,2 c 1.2,1.2 3,1.6 4.6,0.9 l 4.4,-1.7 c 0.6,-0.2 1.1,0.4 0.8,0.9 l -4.9,9 h -5.5 -0.1 -4.2 -0.1 -5 l -4.9,-9 c -0.3,-0.5 0.2,-1.1 0.8,-0.9 l 4.5,1.8 c 1.6,0.6 3.4,0.3 4.6,-0.9 z m -4.3,14.7 h -2.9 l -9,11.8 c -1.5,1.9 -2.3,4.3 -2.3,6.7 0,6.1 4.9,11 11,11 h 16.1 c 6.1,0 11,-4.9 11,-11 0,-2.4 -0.8,-4.8 -2.3,-6.7 L 81.7,24.3 h -3.3 l 3.4,9.8 c 0.3,1 -0.2,2 -1.1,2.3 -1,0.3 -2,-0.2 -2.3,-1.1 l -3.9,-11 H 73 l -4.6,19.4 c -0.2,1 -1.2,1.6 -2.2,1.4 -1,-0.2 -1.6,-1.2 -1.4,-2.2 z m -10.8,-10.9 4.8,8.9 -8.9,11.5 c -2,2.6 -3,5.7 -3,8.9 0,8.1 6.5,14.6 14.6,14.6 h 16.1 c 8.1,0 14.6,-6.5 14.6,-14.6 0,-3.2 -1.1,-6.4 -3,-8.9 l -9,-11.4 4.9,-9 C 91.5,9.8 87.9,5.8 84.2,7.3 L 79.7,9.1 C 79.5,9.2 79.2,9.2 79.1,9 L 77,7 C 75.3,5.3 72.6,5.3 70.9,7 l -2,2 C 68.8,9.1 68.5,9.2 68.3,9.1 L 63.8,7.3 c -3.7,-1.5 -7.3,2.5 -5.4,6 z"
        style="fill:#000000;fill-rule:evenodd;stroke:none"
    />
    <g id="main-text">
        <path
            id="main-text-d-1"
            d="m 15.2,79.3 q 0,1.6 -0.5,2.9 -0.5,1.3 -1.4,2.3 -0.9,0.9 -2.2,1.5 -1.3,0.5 -2.9,0.5 h -5.4 v -14.3 h 5.4 q 1.6,0 2.9,0.5 1.3,0.5 2.2,1.5 0.9,0.9 1.4,2.3 0.5,1.3 0.5,2.9 z m -2.0,0 q 0,-1.3 -0.4,-2.4 -0.4,-1.0 -1.0,-1.8 -0.7,-0.7 -1.6,-1.1 -0.9,-0.4 -2.1,-0.4 h -3.4 v 11.2 h 3.4 q 1.2,0 2.1,-0.4 0.9,-0.4 1.6,-1.1 0.7,-0.7 1.0,-1.8 0.4,-1.0 0.4,-2.4 z"
            style="fill:#000000;stroke:none"
        />
        <path
            id="main-text-i-1"
            d="m 20.0,86.5 h -1.9 v -14.3 h 1.9 z"
            style="fill:#000000;stroke:none"
        />
        <path
            id="main-text-v"
            d="m 21.8,72.2 h 1.6 q 0.3,0 0.4,0.1 0.2,0.1 0.2,0.3 l 4.0,10.1 q 0.1,0.3 0.3,0.7 0.1,0.4 0.2,0.8 0.1,-0.4 0.2,-0.8 0.1,-0.4 0.3,-0.7 l 4.0,-10.1 q 0.1,-0.2 0.2,-0.3 0.2,-0.2 0.4,-0.2 h 1.6 l -5.8,14.3 h -1.7 z"
            style="fill:#000000;stroke:none"
        />
        <path
            id="main-text-i-2"
            d="m 39.1,86.5 h -1.9 v -14.3 h 1.9 z"
            style="fill:#000000;stroke:none"
        />
        <path
            id="main-text-d-2"
            d="m 55.2,79.3 q 0,1.6 -0.5,2.9 -0.5,1.3 -1.4,2.3 -0.9,0.9 -2.2,1.5 -1.3,0.5 -2.9,0.5 h -5.4 v -14.3 h 5.4 q 1.6,0 2.9,0.5 1.3,0.5 2.2,1.5 0.9,0.9 1.4,2.3 0.5,1.3 0.5,2.9 z m -2.0,0 q 0,-1.3 -0.4,-2.4 -0.4,-1.0 -1.0,-1.8 -0.7,-0.7 -1.6,-1.1 -0.9,-0.4 -2.1,-0.4 h -3.4 v 11.2 h 3.4 q 1.2,0 2.1,-0.4 0.9,-0.4 1.6,-1.1 0.7,-0.7 1.0,-1.8 0.4,-1.0 0.4,-2.4 z"
            style="fill:#000000;stroke:none"
        />
        <path
            id="main-text-e"
            d="m 66.8,72.2 v 1.6 h -6.9 v 4.8 h 5.6 v 1.5 h -5.6 v 4.9 h 6.9 l 0,1.6 h -8.8 v -14.3 z"
            style="fill:#000000;stroke:none"
        />
        <path
            id="main-text-n"
            d="m 70.5,72.2 q 0.1,0 0.2,0 0.1,0 0.2,0.1 0.1,0 0.1,0.1 0.1,0.1 0.2,0.2 l 8.3,10.8 q 0,-0.3 0,-0.5 0,-0.3 0,-0.5 v -10.2 h 1.7 v 14.3 h -1.0 q -0.2,0 -0.4,-0.1 -0.2,-0.1 -0.3,-0.3 l -8.3,-10.8 q 0,0.3 0,0.5 0,0.2 0,0.4 v 10.2 h -1.7 v -14.3 z"
            style="fill:#000000;stroke:none"
        />
        <path
            id="main-text-d-3"
            d="m 97.2,79.3 q 0,1.6 -0.5,2.9 -0.5,1.3 -1.4,2.3 -0.9,0.9 -2.2,1.5 -1.3,0.5 -2.9,0.5 h -5.4 v -14.3 h 5.4 q 1.6,0 2.9,0.5 1.3,0.5 2.2,1.5 0.9,0.9 1.4,2.3 0.5,1.3 0.5,2.9 z m -2.0,0 q 0,-1.3 -0.4,-2.4 -0.4,-1.0 -1.0,-1.8 -0.7,-0.7 -1.6,-1.1 -0.9,-0.4 -2.1,-0.4 h -3.4 v 11.2 h 3.4 q 1.2,0 2.1,-0.4 0.9,-0.4 1.6,-1.1 0.7,-0.7 1.0,-1.8 0.4,-1.0 0.4,-2.4 z"
            style="fill:#000000;stroke:none"
        />
    </g>
</svg>
