<svg
    xmlns="http://www.w3.org/2000/svg"
    height="100"
    width="100"
    viewbox="0 0 100 100"
>
    <rect
        x="0"
        y="0"
        width="100"
        height="100"
        style="fill:#e34234;stroke:#000000;stroke-width:0.5px"
    />
    <path
        d="m 32.2,13.7 q 10.6,0 16.3,13.4 1.4,3.9 1.4,5.1 0.3,0 0.9,-3.4 5.5,-15.1 16.9,-15.1 10.2,0 16.2,10.3 1.9,3.8 1.9,7.7 v 0.6 Q 85.8,44.9 75.0,56.2 53.0,83.1 50.0,86.3 h -0.3 l -29.7,-36.6 q -5.9,-8.7 -5.9,-17.6 0,-10.3 9.7,-16.3 4.0,-2.2 8.3,-2.2 z M 16.7,31.7 v 0.8 q 0,10.7 10.2,21.8 l 23.2,28.3 h 0.1 L 78.2,48.5 Q 83.3,40.6 83.3,33.3 v -1.9 q 0,-8.4 -9.2,-13.9 -3.5,-1.4 -6.3,-1.4 -12.9,0 -17.1,21.8 -0.5,1.9 -0.5,3.1 h -0.3 q 0,-3.8 -3.5,-14.0 -4.9,-10.9 -14.2,-10.9 -8.5,0 -13.7,8.6 -1.8,3.4 -1.8,6.9 z"
        style="fill:#0b0303;stroke:none"
    />
</svg>
