<?xml version="1.0" encoding="UTF-8" standalone="no"?>
<!-- Created with Inkscape (http://www.inkscape.org/) -->

<svg
   version="1.1"
   id="svg2"
   width="300"
   height="300"
   viewBox="0 0 300.00001 299.99999"
   xmlns="http://www.w3.org/2000/svg"
   xmlns:svg="http://www.w3.org/2000/svg">
  <defs
     id="defs6" />
  <g
     id="layer2"
     style="display:inline">
    <g
       id="g18565"
       transform="translate(-111.41732,-110.62992)"
       style="display:inline;fill:#272727;fill-opacity:1;stroke:#272727;stroke-opacity:1">
      <g
         id="g8-4"
         style="display:inline;fill:#272727;fill-opacity:1;stroke:#272727;stroke-opacity:1"
         transform="matrix(0.6,0,0,0.6,111.41732,110.62992)">
        <g
           id="g1873"
           transform="matrix(1.3333333,0,0,1.3333333,-625.72245,-221.77858)"
           style="fill:#272727;fill-opacity:1;stroke:#272727;stroke-width:1;stroke-miterlimit:4;stroke-dasharray:none;stroke-opacity:1">
          <g
             id="g2102"
             transform="matrix(0.63219854,0,0,0.63219854,435.52078,176.88908)"
             style="fill:#272727;fill-opacity:1;stroke:#272727;stroke-width:1.58178;stroke-miterlimit:4;stroke-dasharray:none;stroke-opacity:1">
            <path
               d="m 447.12,92.75 -17.5,35 c -0.875,2.625 -0.875,5.25 0,7.875 l 17.5,35 c 1.75,2.625 4.375,5.25 7.875,5.25 3.5,0 6.125,-1.75 7.875,-5.25 l 17.5,-35 c 0.875,-2.625 0.875,-5.25 0,-7.875 l -17.5,-35 c -2.625,-6.125 -13.125,-6.125 -15.75,0 z m 7.875,54.25 -7.875,-15.75 7.875,-15.75 7.875,15.75 z"
               id="path1819-7"
               style="fill:#272727;fill-opacity:1;stroke:#272727;stroke-width:1.58178;stroke-miterlimit:4;stroke-dasharray:none;stroke-opacity:1" />
            <path
               d="m 228.38,119 -17.5,35 c -0.875,2.625 -0.875,5.25 0,7.875 l 17.5,35 c 1.75,2.625 4.375,5.25 7.875,5.25 3.5,0 6.125,-1.75 7.875,-5.25 l 17.5,-35 c 0.875,-2.625 0.875,-5.25 0,-7.875 l -17.5,-35 c -2.625,-6.125 -13.125,-6.125 -15.75,0 z m 7.875,54.25 -7.875,-15.75 7.875,-15.75 7.875,15.75 z"
               id="path1821"
               style="fill:#272727;fill-opacity:1;stroke:#272727;stroke-width:1.58178;stroke-miterlimit:4;stroke-dasharray:none;stroke-opacity:1" />
            <path
               d="m 437.5,406.88 c 4.375,0 7.875,-2.625 8.75,-7 0,-1.75 0.875,-4.375 0.875,-6.125 0,-5.25 -3.5,-8.75 -8.75,-8.75 -5.25,0 -8.75,4.375 -8.75,8.75 v 2.625 c -0.875,4.375 1.75,9.625 7,10.5 z"
               id="path1823"
               style="fill:#272727;fill-opacity:1;stroke:#272727;stroke-width:1.58178;stroke-miterlimit:4;stroke-dasharray:none;stroke-opacity:1" />
            <path
               d="m 425.25,370.12 c 2.625,-4.375 0.875,-9.625 -2.625,-12.25 C 407.75,349.12 386.75,342.995 364,341.245 l 63.875,-127.75 c 0.875,-2.625 0.875,-5.25 0,-7 l -70,-140 c -2.625,-6.125 -12.25,-6.125 -15.75,0 l -70,140 c -0.875,2.625 -0.875,5.25 0,7 L 336,341.245 c -43.75,3.5 -77,21.875 -82.25,46.375 v 3.5 c 0,0.875 -0.875,1.75 -0.875,2.625 0,13.125 8.75,25.375 23.625,35 0.875,0.875 1.75,0.875 2.625,0.875 v 15.75 c -37.625,-11.375 -61.25,-31.5 -61.25,-51.625 0,-21 23.625,-40.25 62.125,-51.625 9.625,-2.625 16.625,-12.25 16.625,-21.875 0,-7 -3.5,-14 -8.75,-18.375 -5.25,-4.375 -11.375,-5.25 -17.5,-4.375 V 284.37 c 0,-12.25 -9.625,-21.875 -21.875,-21.875 -12.25,0 -21,9.625 -21,21.875 v 8.75 c 0,7 -6.125,13.125 -13.125,13.125 -7,0 -13.125,-6.125 -13.125,-13.125 v -13.125 c 0,-14.875 -11.375,-26.25 -26.25,-26.25 -14.875,0 -26.25,11.375 -26.25,26.25 v 113.75 c 0,51.625 70.875,95.375 168.88,103.25 h 1.75 c 5.25,0 11.375,-1.75 14.875,-6.125 4.375,-4.375 7,-10.5 7,-16.625 0,-8.75 -5.25,-16.625 -13.125,-20.125 -0.875,-6.125 -2.625,-20.125 -4.375,-31.5 0,-12.25 -9.625,-21 -21.875,-21 -7.875,0 -14,3.5 -18.375,9.625 -5.25,-3.5 -12.25,-9.625 -12.25,-17.5 v -1.75 -0.875 c 2.625,-15.75 34.125,-32.375 78.75,-32.375 24.5,0 48.125,5.25 63,14.875 4.375,2.625 9.625,0.875 12.25,-3.5 z M 297.5,445.37 v -21 c 0,-2.625 1.75,-4.375 4.375,-4.375 2.625,0 4.375,1.75 4.375,4.375 v 0.875 c 4.375,42 5.25,44.625 13.125,45.5 2.625,0 3.5,2.625 3.5,4.375 0,1.75 -0.875,2.625 -1.75,3.5 -0.875,0.875 -1.75,1.75 -3.5,0.875 -85.75,-7 -151.38,-43.75 -151.38,-85.75 v -113.75 c 0,-5.25 3.5,-8.75 8.75,-8.75 5.25,0 8.75,3.5 8.75,8.75 v 13.125 c 0,16.625 14,30.625 30.625,30.625 16.625,0 30.625,-14 30.625,-30.625 v -8.75 c 0,-2.625 1.75,-4.375 4.375,-4.375 2.625,0 4.375,1.75 4.375,4.375 v 21.875 0.875 3.5 c 0.875,4.375 6.125,7.875 10.5,6.125 2.625,-0.875 5.25,-1.75 8.75,-1.75 2.625,-0.875 3.5,0.875 4.375,0.875 0.875,0.875 1.75,1.75 1.75,4.375 0,2.625 -1.75,4.375 -3.5,5.25 -46.375,13.125 -74.375,39.375 -74.375,68.25 0,28.875 27.125,54.25 73.5,68.25 5.25,1.75 11.375,0.875 15.75,-2.625 4.375,-3.5 7,-8.75 7,-14 z m 61.25,-161.88 28.875,-28.875 -28.875,58.625 z m -17.5,29.75 -28.875,-58.625 28.875,28.875 z m 8.75,-224 59.5,119 -59.5,59.5 -59.5,-59.5 z"
               id="path1825"
               style="fill:#272727;fill-opacity:1;stroke:#272727;stroke-width:1.58178;stroke-miterlimit:4;stroke-dasharray:none;stroke-opacity:1" />
            <path
               d="m 148.75,201.25 c 0,14.875 11.375,26.25 26.25,26.25 14.875,0 26.25,-11.375 26.25,-26.25 0,-14.875 -11.375,-26.25 -26.25,-26.25 -14.875,0 -26.25,11.375 -26.25,26.25 z m 35,0 c 0,5.25 -3.5,8.75 -8.75,8.75 -5.25,0 -8.75,-3.5 -8.75,-8.75 0,-5.25 3.5,-8.75 8.75,-8.75 5.25,0 8.75,3.5 8.75,8.75 z"
               id="path1827"
               style="fill:#272727;fill-opacity:1;stroke:#272727;stroke-width:1.58178;stroke-miterlimit:4;stroke-dasharray:none;stroke-opacity:1" />
            <path
               d="m 525,253.75 c -14.875,0 -26.25,11.375 -26.25,26.25 v 13.125 c 0,7 -6.125,13.125 -13.125,13.125 -7,0 -13.125,-6.125 -13.125,-13.125 v -8.75 c 0,-12.25 -9.625,-21.875 -21.875,-21.875 -12.25,0 -21.875,9.625 -21.875,21.875 V 297.5 c -6.125,-0.875 -12.25,0.875 -17.5,4.375 -5.25,4.375 -8.75,11.375 -8.75,18.375 0,10.5 7,19.25 16.625,21.875 38.5,11.375 62.125,31.5 62.125,51.625 0,20.125 -23.625,40.25 -61.25,51.625 v -21 c 0,-12.25 -9.625,-21.875 -21.875,-21.875 -12.25,0 -21.875,9.625 -21.875,21 -0.875,11.375 -2.625,24.5 -4.375,31.5 -7.875,3.5 -13.125,11.375 -13.125,20.125 0,6.125 2.625,12.25 7,16.625 4.375,3.5 9.625,6.125 14.875,6.125 h 1.75 c 98,-8.75 168.88,-52.5 168.88,-104.12 v -113.75 c 0,-14.875 -11.375,-26.25 -26.25,-26.25 z M 381.5,480.37 c -1.75,0 -2.625,-0.875 -3.5,-0.875 -0.875,-0.875 -1.75,-1.75 -1.75,-3.5 0,-2.625 1.75,-4.375 3.5,-4.375 7.875,-0.875 9.625,-3.5 13.125,-45.5 v -0.875 c 0,-2.625 1.75,-4.375 4.375,-4.375 2.625,0 4.375,1.75 4.375,4.375 v 21 c 0,5.25 2.625,10.5 7,14 4.375,3.5 10.5,4.375 15.75,2.625 46.375,-14 73.5,-39.375 73.5,-68.25 0,-28.875 -28,-55.125 -75.25,-68.25 -2.625,-0.875 -3.5,-2.625 -3.5,-5.25 0,-2.625 1.75,-3.5 1.75,-4.375 0.875,-0.875 2.625,-1.75 4.375,-0.875 2.625,0.875 6.125,1.75 8.75,1.75 4.375,0.875 9.625,-1.75 10.5,-6.125 v -3.5 -0.875 -21.875 c 0,-2.625 1.75,-4.375 4.375,-4.375 2.625,0 4.375,1.75 4.375,4.375 v 8.75 c 0,16.625 14,30.625 30.625,30.625 16.625,0 30.625,-14 30.625,-30.625 v -14 c 0,-5.25 3.5,-8.75 8.75,-8.75 5.25,0 8.75,3.5 8.75,8.75 v 113.75 c 1.75,42 -63.875,78.75 -150.5,86.625 z"
               id="path1829"
               style="fill:#272727;fill-opacity:1;stroke:#272727;stroke-width:1.58178;stroke-miterlimit:4;stroke-dasharray:none;stroke-opacity:1" />
            <path
               d="m 525,175 c -14.875,0 -26.25,11.375 -26.25,26.25 0,14.875 11.375,26.25 26.25,26.25 14.875,0 26.25,-11.375 26.25,-26.25 C 551.25,186.375 539.875,175 525,175 Z m 0,35 c -5.25,0 -8.75,-3.5 -8.75,-8.75 0,-5.25 3.5,-8.75 8.75,-8.75 5.25,0 8.75,3.5 8.75,8.75 0,5.25 -3.5,8.75 -8.75,8.75 z"
               id="path1831"
               style="fill:#272727;fill-opacity:1;stroke:#272727;stroke-width:1.58178;stroke-miterlimit:4;stroke-dasharray:none;stroke-opacity:1" />
          </g>
        </g>
      </g>
      <g
         id="layer6"
         style="display:none;fill:#272727;fill-opacity:1;stroke:#272727;stroke-opacity:1">
        <g
           id="g3110"
           transform="matrix(1.3333333,0,0,1.3333333,-545.1368,-251.4256)"
           style="fill:#272727;fill-opacity:1;stroke:#272727;stroke-width:8.25;stroke-linecap:round;stroke-linejoin:round;stroke-miterlimit:4;stroke-dasharray:none;stroke-opacity:1">
          <g
             id="g3202"
             transform="matrix(0.49980384,0,0,0.49980384,421.42119,236.12376)"
             style="fill:#272727;fill-opacity:1;stroke:#272727;stroke-width:16.5065;stroke-linecap:round;stroke-linejoin:round;stroke-miterlimit:4;stroke-dasharray:none;stroke-opacity:1">
            <path
               transform="matrix(5.6,0,0,5.6,70,0)"
               d="M 78.006,53.998 C 74.6913,50.6868 69.3153,50.6868 66,53.998 L 53.999,66 c -3.3078,3.3112 -3.3078,8.6879 0.0077,12.002 l 2.998,-3.0022 c -1.6609,-1.6539 -1.6609,-4.3443 -0.0042,-5.9982 l 12.006,-12.002 c 1.6532,-1.6567 4.3443,-1.6567 5.994,0 z m 0,0"
               fill="none"
               stroke="#000000"
               stroke-linecap="round"
               stroke-linejoin="round"
               stroke-miterlimit="10"
               id="path2912"
               style="fill:#272727;fill-opacity:1;stroke:#272727;stroke-width:2.94759;stroke-linecap:round;stroke-linejoin:round;stroke-miterlimit:4;stroke-dasharray:none;stroke-opacity:1" />
            <path
               transform="matrix(5.6,0,0,5.6,70,0)"
               d="m 64.005,56.001 -8.0001,8.0001 -16.004,-12.002 -30.001,-41.999 41.999,29.997 z m 0,0"
               fill="none"
               stroke="#000000"
               stroke-linecap="round"
               stroke-linejoin="round"
               stroke-miterlimit="10"
               id="path2914"
               style="fill:#272727;fill-opacity:1;stroke:#272727;stroke-width:2.94759;stroke-linecap:round;stroke-linejoin:round;stroke-miterlimit:4;stroke-dasharray:none;stroke-opacity:1" />
            <path
               transform="matrix(5.6,0,0,5.6,70,0)"
               d="m 10,10 36.005,35.998 z m 0,0"
               fill="none"
               stroke="#000000"
               stroke-linecap="round"
               stroke-linejoin="round"
               stroke-miterlimit="10"
               id="path2916"
               style="fill:#272727;fill-opacity:1;stroke:#272727;stroke-width:2.94759;stroke-linecap:round;stroke-linejoin:round;stroke-miterlimit:4;stroke-dasharray:none;stroke-opacity:1" />
            <path
               transform="matrix(5.6,0,0,5.6,70,0)"
               d="m 51.999,51.999 8.0001,8.0001 z m 0,0"
               fill="none"
               stroke="#000000"
               stroke-linecap="round"
               stroke-linejoin="round"
               stroke-miterlimit="10"
               id="path2918"
               style="fill:#272727;fill-opacity:1;stroke:#272727;stroke-width:2.94759;stroke-linecap:round;stroke-linejoin:round;stroke-miterlimit:4;stroke-dasharray:none;stroke-opacity:1" />
            <path
               transform="matrix(5.6,0,0,5.6,70,0)"
               d="M 90,75.995 V 90 l -14.001,-0.0042 0.0084,-13.997 z m 0,0"
               fill="none"
               stroke="#000000"
               stroke-linecap="round"
               stroke-linejoin="round"
               stroke-miterlimit="10"
               id="path2920"
               style="fill:#272727;fill-opacity:1;stroke:#272727;stroke-width:2.94759;stroke-linecap:round;stroke-linejoin:round;stroke-miterlimit:4;stroke-dasharray:none;stroke-opacity:1" />
            <path
               transform="matrix(5.6,0,0,5.6,70,0)"
               d="m 80.005,80.003 h 6.001 v 6.001 h -6.001 z m 0,0"
               fill="none"
               stroke="#000000"
               stroke-linecap="round"
               stroke-linejoin="round"
               stroke-miterlimit="10"
               id="path2922"
               style="fill:#272727;fill-opacity:1;stroke:#272727;stroke-width:2.94759;stroke-linecap:round;stroke-linejoin:round;stroke-miterlimit:4;stroke-dasharray:none;stroke-opacity:1" />
            <path
               transform="matrix(5.6,0,0,5.6,70,0)"
               d="m 76.007,75.999 h 5.9926 l -16,-16 -6.001,6.001 16,16 z m 0,0"
               fill="none"
               stroke="#000000"
               stroke-linecap="round"
               stroke-linejoin="round"
               stroke-miterlimit="10"
               id="path2924"
               style="fill:#272727;fill-opacity:1;stroke:#272727;stroke-width:2.94759;stroke-linecap:round;stroke-linejoin:round;stroke-miterlimit:4;stroke-dasharray:none;stroke-opacity:1" />
            <path
               transform="matrix(5.6,0,0,5.6,70,0)"
               d="m 63.001,68.999 6.001,-6.001 z m 0,0"
               fill="none"
               stroke="#000000"
               stroke-linecap="round"
               stroke-linejoin="round"
               stroke-miterlimit="10"
               id="path2926"
               style="fill:#272727;fill-opacity:1;stroke:#272727;stroke-width:2.94759;stroke-linecap:round;stroke-linejoin:round;stroke-miterlimit:4;stroke-dasharray:none;stroke-opacity:1" />
            <path
               transform="matrix(5.6,0,0,5.6,70,0)"
               d="m 67.003,72.997 5.9968,-5.9968 z m 0,0"
               fill="none"
               stroke="#000000"
               stroke-linecap="round"
               stroke-linejoin="round"
               stroke-miterlimit="10"
               id="path2928"
               style="fill:#272727;fill-opacity:1;stroke:#272727;stroke-width:2.94759;stroke-linecap:round;stroke-linejoin:round;stroke-miterlimit:4;stroke-dasharray:none;stroke-opacity:1" />
            <path
               transform="matrix(5.6,0,0,5.6,70,0)"
               d="m 71.001,76.999 6.001,-6.001 z m 0,0"
               fill="none"
               stroke="#000000"
               stroke-linecap="round"
               stroke-linejoin="round"
               stroke-miterlimit="10"
               id="path2930"
               style="fill:#272727;fill-opacity:1;stroke:#272727;stroke-width:2.94759;stroke-linecap:round;stroke-linejoin:round;stroke-miterlimit:4;stroke-dasharray:none;stroke-opacity:1" />
          </g>
        </g>
      </g>
      <g
         id="layer1-7"
         style="display:none;fill:#272727;fill-opacity:1;stroke:#272727;stroke-opacity:1">
        <g
           id="g1234"
           transform="matrix(1.3333333,0,0,1.3333333,-177.8831,-151.26318)"
           style="fill:#272727;fill-opacity:1;stroke:#272727;stroke-opacity:1">
          <path
             d="m 414.13284,405.82161 h -3.53295 c -2.66544,-0.0114 -5.24885,-0.93224 -7.31877,-2.61214 -2.06993,-1.67991 -3.50442,-4.0162 -4.06379,-6.62475 l -13.75697,-65.3415 h 5.36719 c 2.49799,0 4.80574,-1.33178 6.05588,-3.49492 1.24804,-2.16505 1.24804,-4.82858 0,-6.99343 -1.24995,-2.16315 -3.55769,-3.49492 -6.05588,-3.49492 h -7.41228 c -2.31725,-21.27592 -15.34376,-39.89357 -34.53807,-49.3568 v -29.88098 h 4.66113 c 2.49799,0 4.80574,-1.33176 6.05588,-3.49491 1.24804,-2.16505 1.24804,-4.82858 0,-6.99343 -1.24995,-2.16315 -3.55769,-3.49491 -6.05588,-3.49491 h -3.39979 l 5.63507,-33.80946 c 0.33865,-2.02619 -0.23211,-4.09992 -1.56194,-5.66965 -1.32797,-1.56769 -3.27994,-2.47135 -5.33457,-2.47135 h -55.93186 c -2.05473,0 -4.0067,0.90371 -5.33457,2.47135 -1.32987,1.56959 -1.90058,3.64331 -1.56195,5.66965 l 5.63508,33.80946 h -3.3998 c -2.49799,0 -4.80573,1.33176 -6.05587,3.49491 -1.24804,2.16505 -1.24804,4.82858 0,6.99343 1.24994,2.16315 3.55769,3.49491 6.05587,3.49491 h 4.66114 v 29.88098 c -19.19431,9.46517 -32.22073,28.08282 -34.53808,49.3568 h -7.41228 c -2.49799,0 -4.80574,1.33177 -6.05588,3.49492 -1.24804,2.16504 -1.24804,4.82858 0,6.99343 1.24995,2.16314 3.5577,3.49492 6.05588,3.49492 h 5.3672 l -13.75698,65.3415 c -0.55742,2.60835 -1.99,4.94445 -4.05993,6.6262 -2.06993,1.67991 -4.65354,2.60071 -7.31878,2.61215 h -3.53675 c -2.49798,0 -4.80574,1.33177 -6.05587,3.49492 -1.24805,2.16505 -1.24805,4.82858 0,6.99343 1.24994,2.16315 3.55769,3.49491 6.05587,3.49491 h 3.53675 c 5.87129,-0.0228 11.5575,-2.05278 16.11621,-5.75147 4.55842,-3.6985 7.71669,-8.84662 8.94744,-14.58641 l 9.46858,-44.97538 h -0.002 c 9.86065,17.94067 27.82031,29.97595 48.16404,32.27235 v 26.04894 c 0,2.49799 1.33177,4.80574 3.49491,6.05588 2.16505,1.24804 4.82858,1.24804 6.99343,0 2.16315,-1.24994 3.49492,-3.5577 3.49492,-6.05588 v -26.04894 c 20.34373,-2.2963 38.30339,-14.32973 48.16403,-32.27235 l 9.46858,44.97733 h -0.002 c 1.2328,5.73978 4.39097,10.88635 8.95134,14.5864 4.55841,3.6985 10.24492,5.72664 16.1162,5.74953 h 3.53295 c 2.49799,0 4.80575,-1.33176 6.05588,-3.49491 1.24805,-2.16505 1.24805,-4.82858 0,-6.99343 -1.24994,-2.16315 -3.55769,-3.49492 -6.05588,-3.49492 z m -73.5092,-209.74936 -4.66113,27.96691 h -30.10502 l -4.66114,-27.96691 z m -38.06133,82.83118 c 1.28988,-0.52318 2.39337,-1.41929 3.17147,-2.57411 0.77815,-1.15293 1.19286,-2.51324 1.19286,-3.90583 v -34.40122 h 27.96691 v 34.40122 c 0,1.39264 0.41474,2.7529 1.19286,3.90583 0.77815,1.15482 1.88159,2.05088 3.17147,2.57411 7.94316,3.18861 14.90445,8.41267 20.18544,15.14602 5.28148,6.73286 8.69613,14.7408 9.90058,23.2124 h -96.86771 c 1.20431,-8.47208 4.61929,-16.47954 9.90058,-23.2124 5.28148,-6.73286 12.24277,-11.95736 20.18544,-15.14602 z m 18.34783,94.29126 c -11.75767,-0.0209 -23.11548,-4.26921 -31.99814,-11.97246 -8.88267,-7.7011 -14.69892,-18.34198 -16.38652,-29.9779 h 96.7703 c -1.68749,11.63592 -7.50336,22.27631 -16.38651,29.9779 -8.88267,7.70306 -20.24097,11.95152 -31.99815,11.97246 z"
             id="path1142"
             style="fill:#272727;fill-opacity:1;stroke:#272727;stroke-width:0.487041;stroke-opacity:1" />
        </g>
      </g>
      <g
         id="layer2-4"
         style="display:none;fill:#272727;fill-opacity:1;stroke:#272727;stroke-opacity:1">
        <g
           id="g1928"
           transform="matrix(0.86791221,0,0,0.86791221,-51.341037,7.2249914)"
           style="display:inline;fill:#272727;fill-opacity:1;stroke:#272727;stroke-width:3.45657;stroke-miterlimit:4;stroke-dasharray:none;stroke-opacity:1">
          <path
             d="m 364.56,76.16 h -1.1211 -0.55859 -2.2383 -13.441 -0.55859 -0.55859 -13.441 -2.2383 -0.55859 -1.1211 c -11.762,1.1211 -22.961,6.1602 -31.922,15.121 -11.762,11.762 -17.922,28.559 -17.922,46.48 l 0.55859,22.961 5.043,236.88 c 0,22.398 15.68,39.199 22.961,46.48 l 20.719,19.039 0.55859,0.55859 15.68,14.559 c 1.1211,0.55859 1.6797,1.1211 2.8008,1.1211 h 0.55859 0.55859 c 1.1211,0 2.2383,-0.55859 2.8008,-1.1211 l 16.238,-14.559 19.602,-17.922 1.1211,-1.1211 c 6.7188,-7.2812 22.961,-24.078 22.961,-46.48 l 3.9219,-259.28 c 0,-17.922 -6.1602,-34.719 -17.922,-46.48 -9.5195,-10.074 -20.719,-15.113 -32.48,-16.234 z m 39.762,120.4 h -27.441 c -10.078,0 -17.922,7.8398 -17.922,17.922 v 243.6 l -11.762,11.199 -11.762,-10.641 0.008,-244.16 c 0,-10.078 -7.8398,-17.922 -17.922,-17.922 H 290.08 l -0.55859,-30.801 h 28 c 10.078,0 17.922,-7.8398 17.922,-17.922 V 85.12 h 11.199 0.55859 0.55859 11.199 v 62.719 c 0,10.078 7.8398,17.922 17.922,17.922 h 28 z m -99.68,-98.559 c 6.1602,-6.1602 14,-10.641 21.84,-11.762 v 62.16 c 0,5.0391 -3.9219,8.9609 -8.9609,8.9609 h -28 l -0.55859,-19.039 c 0,-15.68 5.5977,-30.242 15.68,-40.32 z m 8.9609,339.92 c -6.7188,-6.7188 -20.16,-21.281 -20.16,-40.32 l -2.8008,-192.08 h 26.879 c 5.0391,0 8.9609,3.9219 8.9609,8.9609 v 235.2 l -11.762,-10.641 z m 67.758,0 -12.879,11.762 v -235.2 c 0,-5.0391 3.9219,-8.9609 8.9609,-8.9609 h 26.879 l -2.8008,192.08 c 0,19.039 -14,33.598 -20.16,40.32 z m 23.52,-281.12 h -28 c -5.0391,0 -8.9609,-3.9219 -8.9609,-8.9609 l 0.004,-62.16 c 7.8398,1.6797 15.68,5.6016 21.84,11.762 10.078,10.078 15.68,24.641 15.121,40.32 z"
             id="path1824"
             style="fill:#272727;fill-opacity:1;stroke:#272727;stroke-width:3.45657;stroke-miterlimit:4;stroke-dasharray:none;stroke-opacity:1" />
          <path
             d="M 414.4,71.68 C 401.521,58.239 384.162,50.961 365.119,50.961 h -17.359 -0.55859 -0.55859 -17.359 c -18.48,0 -35.84,7.2812 -49.281,20.719 -12.879,13.441 -20.16,30.801 -19.602,49.281 l 5.6016,295.68 c 0,12.32 5.6016,24.078 14.559,31.922 l 64.961,59.922 h 4.4805 l 64.961,-59.922 c 8.9609,-8.3984 14,-20.16 14.559,-31.922 l 4.4805,-295.68 c 0.55859,-18.48 -6.7188,-36.402 -19.602,-49.281 z m 5.6016,344.96 c 0,9.5195 -4.4805,19.039 -11.199,25.762 l -61.602,56.559 -61.039,-56.562 c -7.2812,-6.7188 -11.199,-15.68 -11.199,-25.762 l -5.0391,-295.68 c -0.55859,-16.238 5.6016,-31.359 17.359,-43.121 11.199,-11.762 26.32,-17.922 42.559,-17.922 h 17.359 0.55859 0.55859 17.359 c 16.238,0 31.359,6.1602 42.559,17.922 11.199,11.762 17.359,26.879 17.359,43.121 z"
             id="path1826"
             style="fill:#272727;fill-opacity:1;stroke:#272727;stroke-width:3.45657;stroke-miterlimit:4;stroke-dasharray:none;stroke-opacity:1" />
        </g>
      </g>
      <g
         id="layer3"
         style="display:none;fill:#272727;fill-opacity:1;stroke:#272727;stroke-opacity:1">
        <g
           id="g2676"
           transform="matrix(1.3333333,0,0,1.3333333,-418.2723,-318.42975)"
           style="fill:#272727;fill-opacity:1;stroke:#272727;stroke-opacity:1">
          <path
             d="m 628.56016,342.06318 c -0.31811,-1.50964 -1.31507,-2.78714 -2.70247,-3.46422 -1.38676,-0.67401 -3.00846,-0.67125 -4.39173,0.009 -12.7027,6.2263 -27.20004,7.75356 -40.92067,4.31081 l 3.62788,-5.46653 c 0.73275,-1.10411 0.99724,-2.45477 0.73466,-3.75354 -0.26259,-1.29878 -1.03097,-2.44062 -2.13508,-3.17337 l -1.34573,-0.8931 4.80341,-23.03257 c 0.42089,-2.00185 -0.42304,-4.05863 -2.12753,-5.18982 -1.7045,-1.13119 -3.92758,-1.10986 -5.60871,0.0556 l -19.35768,13.37355 -1.34573,-0.8931 c -2.2993,-1.52594 -5.40097,-0.89886 -6.92691,1.40044 l -3.62789,5.46653 c -8.50297,-11.30583 -12.7268,-25.25771 -11.92408,-39.38148 0.0896,-1.53899 -0.53786,-3.03439 -1.69759,-4.05038 -1.16287,-1.01541 -2.7273,-1.43783 -4.24196,-1.14449 -22.40146,4.33615 -42.12455,17.4857 -54.74165,36.49725 -12.61708,19.01152 -17.07215,42.29378 -12.36552,64.62033 0.3181,1.50964 1.31506,2.78715 2.70246,3.46423 1.38676,0.67401 3.00847,0.67124 4.39173,-0.009 12.7027,-6.22631 27.20004,-7.75357 40.92068,-4.31082 l -3.62789,5.46654 c -0.73275,1.1041 -0.99723,2.45476 -0.73465,3.75353 0.26258,1.29879 1.03096,2.44062 2.13508,3.17337 L 424.08496,515.415 c -4.65655,1.22306 -8.7064,4.10995 -11.38124,8.11225 -3.94875,5.95 -4.42299,13.55538 -1.24516,19.95035 3.17874,6.39352 9.52844,10.60753 16.65466,11.05294 7.12744,0.44358 13.95137,-2.94789 17.8998,-8.89741 2.65156,-4.02359 3.73834,-8.87659 3.05896,-13.64634 l 83.96448,-126.51831 c 1.10412,0.73275 2.45476,0.99724 3.75355,0.73466 1.29878,-0.26259 2.4406,-1.03097 3.17335,-2.13508 l 3.62789,-5.46653 c 8.50296,11.30584 12.7268,25.2577 11.92407,39.38148 -0.0896,1.53897 0.53787,3.03439 1.6976,4.05038 1.16286,1.01541 2.7273,1.43783 4.24197,1.14447 22.40145,-4.33613 42.12454,-17.48569 54.74164,-36.49723 12.61709,-19.01152 17.07215,-42.29379 12.36552,-64.62033 z m -72.13107,-17.02584 16.65467,11.05295 -38.68531,58.2913 -16.65467,-11.05295 z m 17.46811,-8.24693 -1.43584,6.89183 -4.35696,-2.89152 z m -102.88344,52.41802 c -2.2504,-17.86632 1.98854,-35.94499 11.94598,-50.94893 9.95744,-15.00395 24.96989,-25.93341 42.30692,-30.79975 0.58172,15.43876 6.26248,30.25039 16.15123,42.12243 l -25.31693,38.14773 10e-4,-0.002 c -14.78112,-4.50017 -30.63624,-3.98099 -45.08846,1.48042 z m -47.1808,173.6999 c -2.20822,-1.46549 -3.74499,-3.74918 -4.27014,-6.34673 -0.52516,-2.59755 0.004,-5.29885 1.46928,-7.50708 1.56047,-2.38351 4.08341,-3.97027 6.90766,-4.34478 2.28871,-0.28568 4.60321,0.21688 6.56712,1.4211 1.96386,1.20431 3.4589,3.04251 4.24161,5.21129 0.0915,0.26959 0.21021,0.52239 0.29059,0.79261 l -0.002,-10e-4 c 0.72714,2.72892 0.2339,5.63867 -1.35062,7.97378 -1.4655,2.20822 -3.74918,3.74499 -6.34674,4.27014 -2.59754,0.52515 -5.29885,-0.004 -7.50707,-1.46929 z m 20.39286,-21.69105 c -2.26301,-2.51663 -5.12938,-4.4189 -8.32733,-5.52647 l 80.48437,-121.27446 8.32733,5.52648 z m 121.33724,-89.26144 c -0.58172,-15.43876 -6.26246,-30.25038 -16.1512,-42.12241 l 25.31566,-38.14584 c 14.78111,4.50017 30.63623,3.98098 45.08845,-1.48044 2.25041,17.86634 -1.98853,35.94501 -11.94597,50.94895 -9.95744,15.00395 -24.96988,25.93342 -42.30694,30.79974 z"
             id="path2642"
             style="fill:#272727;fill-opacity:1;stroke:#272727;stroke-width:0.75;stroke-miterlimit:4;stroke-dasharray:none;stroke-opacity:1" />
        </g>
      </g>
      <g
         id="layer9"
         style="display:none;fill:#272727;fill-opacity:1;stroke:#272727;stroke-opacity:1">
        <g
           id="g3519"
           transform="matrix(1.3333333,0,0,1.3333333,-300.93712,-204.99928)"
           style="fill:#272727;fill-opacity:1;stroke:#272727;stroke-opacity:1">
          <g
             id="g3674"
             transform="matrix(0.45294084,0,0,0.45294084,254.68242,214.34858)"
             style="fill:#272727;fill-opacity:1;stroke:#272727;stroke-opacity:1">
            <g
               id="g4159"
               style="fill:#272727;fill-opacity:1;stroke:#272727;stroke-opacity:1">
              <path
                 d="m 599.95,470.16 c -0.33984,-1.6914 -1.1719,-3.2422 -2.3906,-4.4648 l -88.539,-88.566 c 10.852,-28.605 13.609,-59.645 7.9688,-89.715 l -3.5508,-18.672 c -0.90625,-4.7461 -5.4883,-7.8633 -10.238,-6.957 -4.7461,0.90625 -7.8633,5.4922 -6.957,10.238 l 3.5508,18.672 h 0.004 c 9.5703,51.098 -8.0781,103.5 -46.613,138.39 l -103.19,92.891 -36.262,-32.629 c -1.707,-1.6406 -4.0117,-2.5195 -6.3789,-2.4336 -2.3672,0.0859 -4.6016,1.1289 -6.1836,2.8906 -1.5859,1.7617 -2.3906,4.0938 -2.2266,6.457 0.16406,2.3633 1.2812,4.5625 3.0938,6.0898 l 42.105,37.906 -0.004,-0.004 c 3.3281,2.9961 8.3828,2.9961 11.711,0 l 109.04,-98.141 c 6.1016,-5.5195 11.777,-11.492 16.977,-17.867 l 95.262,95.262 -30.941,-6.1875 -58.004,-58.004 v 0.004 c -3.4336,-3.3164 -8.8906,-3.2695 -12.266,0.10547 -3.3754,3.37497 -3.4219,8.832 -0.10547,12.266 l 59.875,59.875 c 1.2227,1.2188 2.7734,2.0508 4.4648,2.3906 l 61.844,12.371 c 2.8789,0.58984 5.8633,-0.30859 7.9375,-2.3867 2.0781,-2.0742 2.9766,-5.0586 2.3867,-7.9375 z m -98.508,-75.836 81.875,81.875 6.1875,30.941 -97.129,-97.129 c 3.3008,-5.0625 6.3281,-10.301 9.0664,-15.688 z"
                 id="path3461"
                 style="fill:#272727;fill-opacity:1;stroke:#272727;stroke-opacity:1" />
              <path
                 d="M 246.81,429.11 C 208.275,394.215 190.626,341.817 200.197,290.72 l 17.035,-89.469 c 24.832,-0.043 49.395,-5.1094 72.211,-14.898 22.816,-9.7891 43.418,-24.098 60.555,-42.062 17.137,17.965 37.738,32.273 60.555,42.062 22.816,9.7891 47.379,14.855 72.211,14.898 l 6.9297,36.41 c 0.90625,4.7461 5.4883,7.8594 10.234,6.9531 4.75,-0.90625 7.8633,-5.4883 6.957,-10.234 l -7.875,-41.484 4.2695,-4.2695 18.559,18.559 c 3.418,3.4141 8.957,3.4141 12.375,0 8.1875,-8.2148 12.789,-19.34 12.789,-30.941 0,-11.598 -4.6016,-22.727 -12.789,-30.941 l -0.58594,-0.58594 47.074,-57.523 v 0.0039 c 8.8711,-0.77734 17.105,-4.918 23.023,-11.574 5.9141,-6.6562 9.0586,-15.32 8.7891,-24.223 -0.26953,-8.8984 -3.9375,-17.359 -10.246,-23.645 -6.6641,-6.3672 -15.523,-9.9219 -24.742,-9.9219 -9.219,0 -18.082,3.5547 -24.746,9.9219 -5.7578,5.7891 -9.2812,13.43 -9.9492,21.57 l -57.523,47.074 -0.58594,-0.58594 c -8.2148,-8.1914 -19.34,-12.789 -30.938,-12.789 -11.602,0 -22.727,4.5977 -30.941,12.789 -3.4141,3.418 -3.4141,8.957 0,12.371 l 18.559,18.559 -37.152,37.129 c -18.098,-9.7266 -34.242,-22.715 -47.617,-38.309 -1.707,-1.8594 -4.1172,-2.9141 -6.6406,-2.9141 -2.5234,0 -4.9336,1.0547 -6.6406,2.9141 -13.371,15.594 -29.512,28.582 -47.602,38.309 l -37.117,-37.125 18.559,-18.559 v -0.004 c 3.4141,-3.4141 3.4141,-8.953096 0,-12.370996 -8.2148,-8.1914 -19.34,-12.789 -30.941,-12.789 -11.598,0 -22.727,4.5977 -30.938,12.789 l -0.58594,0.58594 -57.531,-47.074 c -0.66797,-8.1406 -4.1914,-15.781 -9.9492,-21.57 -6.6641,-6.3672 -15.527,-9.9219 -24.746,-9.9219 -9.219,0 -18.082,3.5547 -24.746,9.9219 -6.3359,6.2734 -10.027,14.738 -10.305,23.652 -0.28125,8.9102 2.8672,17.594 8.7969,24.25 5.9336,6.6602 14.191,10.789 23.078,11.539 l 47.074,57.522996 -0.58594,0.58594 v -0.004 c -8.1914,8.2148 -12.789,19.344 -12.789,30.941 0,11.602 4.5977,22.727 12.789,30.941 3.418,3.4141 8.957,3.4141 12.371,0 l 18.559,-18.559 4.2695,4.2695 -18.004,94.543 c -7.9531,42.504 0.85938,86.441 24.594,122.59 l -97.125,97.125 6.1875,-30.941 65.625,-65.574 v 0.004 c 3.3164,-3.4336 3.2695,-8.8906 -0.10547,-12.266 -3.37497,-3.3754 -8.8359,-3.4219 -12.266,-0.10547 l -67.48,67.426 c -1.2188,1.2227 -2.0508,2.7734 -2.3906,4.4648 l -12.371,61.844 c -0.58984,2.8789 0.30859,5.8633 2.3867,7.9375 2.0742,2.0781 5.0586,2.9766 7.9375,2.3867 l 61.879,-12.371 c 1.6914,-0.33984 3.2422,-1.1719 4.4648,-2.3906 l 78.516,-78.504 33.199,29.871 h -0.004 c 3.6016,3.1211 9.0391,2.7812 12.227,-0.76172 3.1875,-3.5391 2.957,-8.9805 -0.51953,-12.238 z M 483.37,183.75 h -0.19922 c -7.668,-0.0195 -15.324,-0.56641 -22.918,-1.6367 l 18.242,-18.242 12.375,12.379 z m 69.379,-106.5 c 2.5039,2.4375 5.3594,4.4844 8.4727,6.0703 l -12.25,14.938 -17.23,-17.266 14.938,-12.25 c 1.582,3.125 3.6289,5.9961 6.0703,8.5078 z M 565.12,40.133 h 0.004 c 3.2578,-3.3789 7.7422,-5.3008 12.434,-5.3438 4.6953,-0.03906 9.207,1.8047 12.527,5.125 3.3203,3.3203 5.1641,7.832 5.125,12.527 -0.043,4.6914 -1.9648,9.1758 -5.3438,12.434 -3.332,3.1836 -7.7617,4.9609 -12.371,4.9609 -4.6093,0 -9.0391,-1.7773 -12.371,-4.9609 -3.2812,-3.2812 -5.125,-7.7305 -5.125,-12.371 0,-4.6405 1.8438,-9.0898 5.125,-12.371 z m -46.988,52 19.73,19.73 -16.711,20.422 -23.441,-23.441 z m -45.824,16.055 49.5,49.5 h 0.004 c 3.832,3.8438 6.3828,8.7773 7.3008,14.129 0.91797,5.3477 0.16016,10.852 -2.1758,15.754 l -84.508,-84.508 c 4.9023,-2.3438 10.406,-3.1055 15.758,-2.1875 5.3516,0.91797 10.285,3.4727 14.125,7.3125 z m -18.562,30.941 12.383,12.383 -26.461,26.461 v -0.004 c -6.3086,-1.6914 -12.508,-3.7617 -18.57,-6.1953 z m -174.85,32.637 c -6.0625,2.4336 -12.262,4.5039 -18.57,6.1953 l -26.461,-26.461 12.383,-12.371 z m -125.58,-102.99 14.938,12.25 -17.266,17.23 -12.215,-14.938 c 3.1133,-1.5859 5.9688,-3.6328 8.4727,-6.0703 2.4375,-2.5039 4.4844,-5.3594 6.0703,-8.4727 z M 105,52.503 c 0,-5.8438 2.9141,-11.305 7.7773,-14.555 4.8594,-3.2461 11.02,-3.8555 16.418,-1.6172 5.4023,2.2383 9.3281,7.0234 10.469,12.754 1.1406,5.7344 -0.65625,11.656 -4.793,15.789 -3.332,3.1836 -7.7617,4.9609 -12.371,4.9609 -4.6093,0 -9.0391,-1.7773 -12.371,-4.9609 -3.2969,-3.2734 -5.1406,-7.7266 -5.1289,-12.371 z m 57.129,59.359 19.73,-19.73 20.422,16.711 -23.441,23.441 z m 10.93,75.703 v 0.004 c -2.3359,-4.9023 -3.0938,-10.406 -2.1758,-15.754 0.91797,-5.3516 3.4688,-10.285 7.3008,-14.129 l 49.5,-49.5 c 3.8477,-3.8281 8.7812,-6.375 14.129,-7.293 5.3478,-0.918004 10.852,-0.16016 15.754,2.168 z m 48.441,-23.695 18.25,18.246 c -7.5938,1.0703 -15.254,1.6172 -22.926,1.6367 h -0.20312 l -7.5078,-7.5 z m -67.691,349.45 -30.941,6.1875 95.262,-95.266 c 3.7109,4.5156 7.6602,8.832 11.828,12.926 z"
                 id="path3463"
                 style="fill:#272727;fill-opacity:1;stroke:#272727;stroke-opacity:1" />
              <path
                 d="m 234.59,297.27 1.6641,-8.6133 c 0.90625,-4.7461 -2.207,-9.3281 -6.957,-10.234 -4.7461,-0.90625 -9.332,2.207 -10.238,6.9531 l -1.6367,8.6094 0.004,0.004 c -8.4453,45.082 7.125,91.32 41.125,122.11 l 85.629,77.062 h -0.004 c 3.3281,2.9922 8.3789,2.9922 11.707,0 l 85.629,-77.062 c 33.996,-30.793 49.57,-77.031 41.125,-122.11 l -13.203,-69.309 v -0.004 c -0.72266,-3.7812 -3.8359,-6.6484 -7.6641,-7.0586 -38.98,-4.1055 -75.906,-19.527 -106.23,-44.363 -0.41797,-0.28906 -0.85937,-0.53516 -1.3203,-0.74219 -0.33984,-0.22656 -0.69141,-0.42578 -1.0586,-0.59766 -2.0352,-0.78516 -4.2852,-0.78516 -6.3203,0 -0.36328,0.17188 -0.71484,0.37109 -1.0469,0.59766 -0.46875,0.20313 -0.91406,0.45313 -1.332,0.74219 -30.312,24.832 -67.23,40.254 -106.2,44.363 -3.832,0.41016 -6.9414,3.2773 -7.6641,7.0586 l -4.9961,26.25 c -0.90625,4.75 2.207,9.332 6.957,10.238 4.7461,0.90625 9.332,-2.207 10.238,-6.957 l 3.7969,-19.934 v 0.004 c 34.012,-4.6602 66.445,-17.285 94.656,-36.848 v 117.57 h -108.44 c 0.11328,-5.9492 0.70703,-11.883 1.7734,-17.734 z m 230.82,0 h 0.004 c 7.3203,39.07 -6.1758,79.141 -35.641,105.82 l -71.023,63.918 v -134.5 H 441 c 4.832,0 8.75,-3.918 8.75,-8.75 0,-4.832 -3.918,-8.75 -8.75,-8.75 h -82.25 v -117.57 c 28.215,19.547 60.648,32.156 94.656,36.805 z m -124.16,35.234 v 134.5 L 270.227,403.129 C 249.989,384.723 237.032,359.656 233.723,332.5 Z"
                 id="path3465"
                 style="fill:#272727;fill-opacity:1;stroke:#272727;stroke-opacity:1" />
            </g>
          </g>
        </g>
      </g>
      <g
         id="layer7"
         style="display:none;fill:#272727;fill-opacity:1;stroke:#272727;stroke-opacity:1">
        <g
           id="g4667"
           transform="matrix(1.3333333,0,0,1.3333333,-184.94461,-170.33406)"
           style="fill:#272727;fill-opacity:1;stroke:#272727;stroke-opacity:1">
          <path
             d="m 440.72789,206.21525 c 0.017,-0.13093 0.0238,-0.26355 0.0323,-0.39788 0.007,-0.13943 0.017,-0.27545 0.0121,-0.41148 -0.005,-0.13092 -0.0221,-0.26355 -0.0373,-0.39447 -0.017,-0.13604 -0.0289,-0.27036 -0.0544,-0.40469 -0.0272,-0.13093 -0.0663,-0.26015 -0.10198,-0.38937 -0.039,-0.13093 -0.0731,-0.26016 -0.12242,-0.38938 -0.0494,-0.12242 -0.10549,-0.23806 -0.16153,-0.35877 -0.0612,-0.13093 -0.12413,-0.25845 -0.19724,-0.38258 -0.0221,-0.0392 -0.0374,-0.0799 -0.0578,-0.11737 -0.0494,-0.0748 -0.10706,-0.13943 -0.15813,-0.21254 -0.0799,-0.11398 -0.16153,-0.22954 -0.25335,-0.33837 -0.0918,-0.11046 -0.19214,-0.20914 -0.29416,-0.31286 -0.0901,-0.0901 -0.17854,-0.17854 -0.27715,-0.26015 -0.11907,-0.10198 -0.24655,-0.19214 -0.37068,-0.28055 -0.0663,-0.046 -0.12242,-0.10028 -0.19043,-0.14453 -0.034,-0.0221 -0.0714,-0.0341 -0.10707,-0.0544 -0.13092,-0.0782 -0.26865,-0.14454 -0.40638,-0.20914 -0.11385,-0.0544 -0.22614,-0.11058 -0.34347,-0.15303 -0.12923,-0.0494 -0.25844,-0.085 -0.39278,-0.12242 -0.13092,-0.0392 -0.25844,-0.0782 -0.39276,-0.10198 -0.12923,-0.0238 -0.25676,-0.0375 -0.38599,-0.051 -0.14112,-0.017 -0.27715,-0.0339 -0.41658,-0.0392 -0.12752,-0.001 -0.25334,0.005 -0.37748,0.0121 -0.14623,0.005 -0.29076,0.0121 -0.43697,0.0341 -0.11398,0.0153 -0.22955,0.0443 -0.34177,0.068 -0.16153,0.034 -0.31966,0.0714 -0.47268,0.11907 -0.0374,0.01 -0.0714,0.0153 -0.10549,0.0272 l -53.58373,18.51839 c -2.03362,0.70224 -3.36329,2.65254 -3.27823,4.7999 0.0833,2.14753 1.56772,3.98731 3.64721,4.5261 l 19.5979,5.07718 -27.36688,27.35992 c -3.94649,-9.25157 -13.72327,-24.37777 -37.65575,-37.13863 -10.13216,-5.40364 -20.29,-8.02885 -31.05331,-8.02885 -14.52594,0 -27.38908,4.86127 -38.74048,9.14624 -8.65828,3.27143 -16.83339,6.35909 -23.73311,6.35909 -3.53501,0 -6.62115,-0.80937 -9.43353,-2.47738 -2.11013,-1.24975 -4.80163,-0.70905 -6.30642,1.23273 -1.50648,1.94007 -1.30586,4.72677 0.43189,6.46139 4.37984,4.37984 9.31425,6.52232 14.24038,7.55438 l -15.10748,139.95759 -12.90231,12.90232 c -1.4062,1.40619 -1.81767,3.52482 -1.04059,5.35271 0.76514,1.80065 2.53519,2.96879 4.48736,2.96879 h 0.0901 l 19.688,-0.36387 -0.36048,19.69147 c -0.0374,1.986 1.13753,3.79857 2.96879,4.57573 0.61383,0.26185 1.26333,0.38768 1.90607,0.38768 1.26678,0 2.51309,-0.4948 3.44659,-1.42827 l 12.90407,-12.90405 139.93147,-15.10052 c 1.05082,5.15031 3.22725,9.8958 7.53437,14.20122 l 0.0544,0.0561 c 0.9488,0.9675 2.21383,1.46568 3.48568,1.46568 0.0153,0 0.0289,-10e-4 0.046,0 2.69333,0 4.87476,-2.18492 4.87476,-4.87476 0,-1.11372 -0.37067,-2.13734 -0.99981,-2.9586 -4.86127,-8.81977 -0.87056,-19.38373 4.15564,-32.69217 7.08211,-18.7443 15.89665,-42.07826 1.11882,-69.78945 -12.7578,-23.93204 -27.88879,-33.709 -37.13862,-37.65922 l 27.36165,-27.35992 5.07543,19.59659 c 0.54072,2.08119 2.37876,3.5639 4.52611,3.64891 0.0629,10e-4 0.12923,10e-4 0.19554,10e-4 2.06931,0 3.92437,-1.31435 4.60795,-3.28337 l 18.52011,-53.58373 c 0.0153,-0.0443 0.0187,-0.0884 0.034,-0.12923 0.0442,-0.13602 0.0714,-0.27375 0.10197,-0.40978 0.0272,-0.13432 0.0595,-0.26355 0.0782,-0.39448 z m -23.2421,10.8617 -8.38274,8.38796 -0.40638,0.40638 -9.51666,-2.4672 z m -166.69722,28.16258 c 0.14114,0 0.28226,0.001 0.42169,0.001 3.00792,0 6.13144,-0.15302 9.43352,-0.31626 22.01416,-1.08482 50.14933,-2.39068 91.5581,37.43636 l -85.96467,85.96467 -22.78114,0.41999 c -1.26333,0.0221 -2.46381,0.53393 -3.35645,1.42656 l -3.13032,3.13032 z m -5.18773,133.21935 10.69846,-0.19723 -17.09021,17.09021 -10.69847,0.19724 z m 0.50327,23.78622 17.09021,-17.09021 -0.19554,10.69847 -17.09021,17.0902 z m 22.04987,2.23933 3.12691,-3.12692 c 0.89268,-0.89268 1.40449,-2.09651 1.42826,-3.35645 l 0.41999,-22.78114 85.96468,-85.96468 c 39.88658,41.50672 38.4819,70.34661 37.43635,91.55376 -0.16494,3.40746 -0.32476,6.69427 -0.30946,9.85532 z M 408.76013,310.3712 c 12.69817,23.81494 5.08241,43.97261 -1.63572,61.75841 -0.18023,0.47781 -0.36047,0.95558 -0.54411,1.4317 0.56792,-22.08381 -2.64401,-53.32257 -44.00743,-94.68346 -39.05694,-39.05823 -68.85358,-44.06839 -90.44814,-44.06839 -1.45037,0 -2.85486,0.0221 -4.22702,0.0578 0.47269,-0.17854 0.9505,-0.35877 1.42657,-0.53902 11.08631,-4.18793 22.54826,-8.51855 35.29387,-8.51855 9.1223,0 17.78058,2.24956 26.46237,6.88144 31.80984,16.96094 35.05578,37.44638 35.17504,38.27125 0.005,0.034 0.0238,0.0612 0.0289,0.0969 0.068,0.47099 0.20404,0.92669 0.41147,1.36537 0.0272,0.0578 0.0578,0.11216 0.0884,0.17003 0.22445,0.43358 0.4982,0.84846 0.8604,1.21236 0.36046,0.36046 0.77532,0.63421 1.20722,0.85869 0.0407,0.0187 0.0748,0.0407 0.11737,0.0612 0.44886,0.21765 0.91479,0.36557 1.39427,0.43869 0.0322,0.005 0.0544,0.0221 0.085,0.0272 0.86209,0.12243 21.35124,3.37007 38.30868,35.1781 z m 9.29076,-68.09618 -2.46381,-9.51188 8.79059,-8.7906 z"
             id="path4589"
             style="fill:#272727;fill-opacity:1;stroke:#272727;stroke-width:0.75;stroke-miterlimit:4;stroke-dasharray:none;stroke-opacity:1" />
        </g>
      </g>
      <g
         id="layer8"
         style="display:none;fill:#272727;fill-opacity:1;stroke:#272727;stroke-opacity:1">
        <g
           id="g6206"
           transform="matrix(1.3333333,0,0,1.3333333,-236.74607,-221.34441)"
           style="fill:#272727;fill-opacity:1;stroke:#272727;stroke-opacity:1">
          <g
             id="g6492"
             transform="matrix(0.52797002,0,0,0.52797002,180.27005,205.67671)"
             style="fill:#272727;fill-opacity:1;stroke:#272727;stroke-opacity:1">
            <g
               id="g6869"
               transform="rotate(19.89181,350,280)"
               style="fill:#272727;fill-opacity:1;stroke:#272727;stroke-opacity:1">
              <path
                 d="m 525,131.25 c 5.25,0 8.75,-3.5 8.75,-8.75 h 8.75 c 14.875,0 26.25,-11.375 26.25,-26.25 C 568.75,81.375 557.375,70 542.5,70 h -8.75 c 0,-5.25 -3.5,-8.75 -8.75,-8.75 H 175 c -5.25,0 -8.75,3.5 -8.75,8.75 h -8.75 c -14.875,0 -26.25,11.375 -26.25,26.25 0,14.875 11.375,26.25 26.25,26.25 h 8.75 c 0,5.25 3.5,8.75 8.75,8.75 h 17.5 v 297.5 H 175 c -5.25,0 -8.75,3.5 -8.75,8.75 h -8.75 c -14.875,0 -26.25,11.375 -26.25,26.25 0,14.875 11.375,26.25 26.25,26.25 h 8.75 c 0,5.25 3.5,8.75 8.75,8.75 h 350 c 5.25,0 8.75,-3.5 8.75,-8.75 h 8.75 c 14.875,0 26.25,-11.375 26.25,-26.25 0,-14.875 -11.375,-26.25 -26.25,-26.25 h -8.75 c 0,-5.25 -3.5,-8.75 -8.75,-8.75 H 507.5 V 131.25 Z M 542.5,87.5 c 5.25,0 8.75,3.5 8.75,8.75 0,5.25 -3.5,8.75 -8.75,8.75 h -8.75 V 87.5 Z m -385,17.5 c -5.25,0 -8.75,-3.5 -8.75,-8.75 0,-5.25 3.5,-8.75 8.75,-8.75 h 8.75 V 105 Z m 26.25,-26.25 h 332.5 v 35 H 183.75 Z M 157.5,472.5 c -5.25,0 -8.75,-3.5 -8.75,-8.75 0,-5.25 3.5,-8.75 8.75,-8.75 h 8.75 v 17.5 z m 385,-17.5 c 5.25,0 8.75,3.5 8.75,8.75 0,5.25 -3.5,8.75 -8.75,8.75 h -8.75 V 455 Z m -26.25,26.25 h -332.5 v -35 h 332.5 z M 490,428.75 H 210 v -297.5 h 280 z"
                 id="path6152"
                 style="fill:#272727;fill-opacity:1;stroke:#272727;stroke-opacity:1" />
              <path
                 d="m 323.75,350 c -5.25,0 -8.75,3.5 -8.75,8.75 0,5.25 3.5,8.75 8.75,8.75 h 52.5 c 5.25,0 8.75,-3.5 8.75,-8.75 0,-5.25 -3.5,-8.75 -8.75,-8.75 z"
                 id="path6156"
                 style="fill:#272727;fill-opacity:1;stroke:#272727;stroke-opacity:1" />
              <path
                 d="m 227.5,393.75 h 245 c 5.25,0 8.75,-3.5 8.75,-8.75 0,-5.25 -3.5,-8.75 -8.75,-8.75 h -245 c -5.25,0 -8.75,3.5 -8.75,8.75 0,5.25 3.5,8.75 8.75,8.75 z"
                 id="path6158"
                 style="fill:#272727;fill-opacity:1;stroke:#272727;stroke-opacity:1" />
              <path
                 d="m 472.5,402.5 h -245 c -5.25,0 -8.75,3.5 -8.75,8.75 0,5.25 3.5,8.75 8.75,8.75 h 245 c 5.25,0 8.75,-3.5 8.75,-8.75 0,-5.25 -3.5,-8.75 -8.75,-8.75 z"
                 id="path6160"
                 style="fill:#272727;fill-opacity:1;stroke:#272727;stroke-opacity:1" />
              <path
                 d="m 463.75,96.25 c 0,4.832 -3.918,8.75 -8.75,8.75 -4.832,0 -8.75,-3.918 -8.75,-8.75 0,-4.832 3.918,-8.75 8.75,-8.75 4.832,0 8.75,3.918 8.75,8.75"
                 id="path6162"
                 style="fill:#272727;fill-opacity:1;stroke:#272727;stroke-opacity:1" />
              <path
                 d="m 420,105 c 4.375,0 8.75,-4.375 8.75,-8.75 0,-5.25 -4.375,-8.75 -8.75,-8.75 H 201.25 c -5.25,0 -8.75,3.5 -8.75,8.75 0,4.375 3.5,8.75 8.75,8.75 z"
                 id="path6164"
                 style="fill:#272727;fill-opacity:1;stroke:#272727;stroke-opacity:1" />
              <path
                 d="m 394.57148,315.05851 -44.57225,-32.38539 -44.57226,32.38539 c 12.9906,7.91306 28.24915,12.47194 44.57226,12.47194 16.32312,0 31.5847,-4.55888 44.57225,-12.47194 z m -100.52547,-8.2816 17.02258,-52.38883 -44.58091,-32.39058 c -1.49202,6.33632 -2.28112,12.94689 -2.28112,19.73958 0,26.00669 11.56784,49.30891 29.83884,65.04156 z m -23.21184,-98.16362 h 55.10539 l 17.02084,-52.38882 c -32.59344,2.64611 -60.03238,23.50424 -72.12708,52.38882 z m 86.20301,-52.38882 17.02085,52.38882 h 55.10971 C 417.07086,179.73043 389.63149,158.8718 357.03632,156.22447 Z m 76.47446,65.76827 -44.5809,32.39059 17.02257,52.38883 c 18.27273,-15.73309 29.84058,-39.03446 29.84058,-65.04158 0,-6.79268 -0.79079,-13.40281 -2.28283,-19.73958 z m -74.92586,54.43923 35.20924,25.58276 -13.44869,-41.39198 z m 27.06606,-32.14229 35.2157,-25.58577 h -43.52975 z m -22.2048,-35.67856 -13.44695,-41.38331 -13.44522,41.38331 z m -40.78508,10.09279 H 279.1322 l 35.21572,25.58577 z m -3.00604,41.91884 -13.4504,41.39198 35.20922,-25.58276 z M 350,270.19342 377.06606,250.52824 366.72672,218.70391 h -33.45169 l -10.34107,31.82433 z m 95.8883,-28.46023 c 0,52.95981 -42.92587,95.88829 -95.8883,95.88829 -52.95982,0 -95.88396,-42.92588 -95.88396,-95.88829 0,-52.95984 42.92414,-95.88398 95.88396,-95.88398 52.95983,0 95.8883,42.92414 95.8883,95.88398 z"
                 id="path6620"
                 style="fill:#272727;fill-opacity:1;stroke:#272727;stroke-width:4.26161;stroke-miterlimit:4;stroke-dasharray:none;stroke-opacity:1" />
            </g>
          </g>
        </g>
      </g>
      <g
         id="layer4"
         style="display:none;fill:#272727;fill-opacity:1;stroke:#272727;stroke-opacity:1">
        <g
           id="g5062"
           transform="matrix(1.3333333,0,0,1.3333333,-122.49367,-230.1264)"
           style="fill:#272727;fill-opacity:1;stroke:#272727;stroke-opacity:1">
          <g
             id="g5259"
             transform="matrix(0.69755934,0,0,0.69755934,35.225855,158.97095)"
             style="fill:#272727;fill-opacity:1;stroke:#272727;stroke-width:4.22545;stroke-miterlimit:4;stroke-dasharray:none;stroke-opacity:1">
            <path
               d="m 493.98,254.63 c 0.75781,-4.4766 -0.49219,-9.0586 -3.4141,-12.531 -2.9219,-3.4688 -7.2227,-5.4844 -11.762,-5.5 h -12.602 v -12.602 c -0.0156,-4.3242 -1.8398,-8.4414 -5.0312,-11.359 -3.1914,-2.9141 -7.4609,-4.3594 -11.77,-3.9844 -3.9062,0.42969 -7.5156,2.3086 -10.117,5.2578 -2.5977,2.9531 -4.0039,6.7695 -3.9375,10.703 v 11.984 h -15.68 c -2.9141,-13.285 -9.5742,-25.457 -19.191,-35.074 -9.6172,-9.6172 -21.789,-16.277 -35.074,-19.191 v -15.734 h 12.602 c 4.3242,-0.0156 8.4414,-1.8398 11.359,-5.0352 2.9141,-3.1914 4.3594,-7.4609 3.9844,-11.766 -0.42969,-3.9102 -2.3086,-7.5195 -5.2578,-10.117 -2.9531,-2.6016 -6.7695,-4.0039 -10.703,-3.9414 h -11.984 v -12.543 c -0.0117,-4.3242 -1.8398,-8.4414 -5.0312,-11.359 -3.1914,-2.9141 -7.4609,-4.3594 -11.766,-3.9844 -3.9102,0.43359 -7.5195,2.3086 -10.117,5.2578 -2.6016,2.9531 -4.0078,6.7695 -3.9414,10.703 v 11.984 h -12.543 c -4.3242,0.0156 -8.4414,1.8398 -11.359,5.0312 -2.9141,3.1914 -4.3594,7.4609 -3.9844,11.77 0.42969,3.9062 2.3086,7.5156 5.2578,10.117 2.9531,2.5977 6.7695,4.0039 10.703,3.9375 h 11.984 v 15.734 c -13.285,2.918 -25.457,9.5781 -35.074,19.195 -9.6172,9.6172 -16.277,21.785 -19.191,35.07 h -15.734 v -12.656 c -0.0156,-4.3242 -1.8398,-8.4414 -5.0352,-11.359 -3.1914,-2.9141 -7.4609,-4.3594 -11.766,-3.9844 -3.9102,0.42969 -7.5195,2.3086 -10.117,5.2578 -2.6016,2.9531 -4.0039,6.7695 -3.9414,10.703 v 11.984 h -12.543 c -4.3242,0.0117 -8.4414,1.8398 -11.359,5.0312 -2.9141,3.1914 -4.3594,7.4609 -3.9844,11.766 0.43359,3.9102 2.3086,7.5195 5.2578,10.117 2.9531,2.6016 6.7695,4.0078 10.703,3.9414 h 11.984 v 12.543 c 0.0156,4.3242 1.8398,8.4414 5.0312,11.359 3.1914,2.9141 7.4609,4.3594 11.77,3.9844 3.9062,-0.42969 7.5156,-2.3086 10.117,-5.2578 2.5977,-2.9531 4.0039,-6.7695 3.9375,-10.703 v -11.984 h 15.734 c 2.918,13.285 9.5781,25.457 19.195,35.074 9.6172,9.6172 21.785,16.277 35.07,19.191 v 110.94 h -12.656 c -5.5,0 -10.586,2.9336 -13.336,7.6992 -2.75,4.7656 -2.75,10.633 0,15.398 2.75,4.765 7.8359,7.6992 13.336,7.6992 h 12.602 v 12.602 c 0,5.5 2.9336,10.586 7.6992,13.336 4.7656,2.75 10.633,2.75 15.398,0 4.765,-2.75 7.6992,-7.8359 7.6992,-13.336 v -12.602 h 12.602 c 5.5,0 10.586,-2.9336 13.336,-7.6992 2.75,-4.7656 2.75,-10.633 0,-15.398 -2.75,-4.765 -7.8359,-7.6992 -13.336,-7.6992 h -12.602 v -110.94 c 13.285,-2.9141 25.457,-9.5742 35.074,-19.191 9.6172,-9.6172 16.277,-21.789 19.191,-35.074 h 15.734 v 12.602 c 0.0156,4.3242 1.8398,8.4414 5.0352,11.359 3.1914,2.9141 7.4609,4.3594 11.766,3.9844 3.9102,-0.42969 7.5195,-2.3086 10.117,-5.2578 2.6016,-2.9531 4.0039,-6.7695 3.9414,-10.703 v -11.984 h 11.93 -0.004 c 3.7148,0.0508 7.332,-1.1992 10.223,-3.5273 2.8945,-2.332 4.8828,-5.5977 5.625,-9.2383 z m -82.879,-18.031 h -14.672 c -4.8633,-14.664 -16.363,-26.164 -31.027,-31.027 V 190.9 c 11.039,2.7695 21.121,8.4844 29.168,16.531 8.047,8.0466 13.762,18.129 16.531,29.168 z m -45.695,-22.398 -0.004,-0.004 c 10.168,4.1641 18.238,12.234 22.402,22.402 h -22.398 z m -30.801,-23.52 v 14.672 -0.004 c -14.664,4.8594 -26.164,16.363 -31.027,31.023 h -14.672 c 2.8047,-10.996 8.5352,-21.031 16.578,-29.035 8.0469,-8.0078 18.109,-13.684 29.121,-16.438 z m 0,23.52 v 22.398 h -22.402 c 4.2148,-10.082 12.277,-18.066 22.402,-22.176 z m -45.695,52.977 h 14.672 l -0.004,-0.004 c 4.8633,14.66 16.363,26.164 31.027,31.023 v 14.672 c -11.012,-2.75 -21.074,-8.4297 -29.121,-16.434 -8.043,-8.0078 -13.773,-18.039 -16.578,-29.039 z m 45.695,22.398 v -0.004 c -10.168,-4.1602 -18.238,-12.23 -22.402,-22.398 h 22.398 z m 30.801,23.52 -0.004,-14.672 c 14.664,-4.8633 26.164,-16.363 31.027,-31.027 h 14.672 c -2.7695,11.039 -8.4844,21.121 -16.531,29.168 -8.0466,8.047 -18.129,13.762 -29.168,16.531 z m 0,-23.52 v -22.398 h 22.398 v -0.004 c -4.1641,10.168 -12.234,18.238 -22.402,22.398 z m 120.29,-36.344 -0.004,-0.004 c -0.87109,3.4258 -4.0312,5.7656 -7.5586,5.6016 h -16.129 c -2.3086,0.0312 -4.168,1.8945 -4.1992,4.1992 v 16.184 c 0.0742,3.7773 -2.6523,7.0312 -6.3867,7.6172 -2.0938,0.19141 -4.1602,-0.59375 -5.5977,-2.1289 -1.3008,-1.2852 -2.0312,-3.043 -2.0156,-4.8711 v -16.633 c -0.0312,-2.3047 -1.8945,-4.168 -4.1992,-4.1992 h -78.402 c -2.3047,0.0312 -4.168,1.8945 -4.1992,4.1992 v 173.6 c 0.0312,2.3047 1.8945,4.168 4.1992,4.1992 h 16.801 c 3.8672,0 7,3.1328 7,7 0,3.8672 -3.1328,7 -7,7 h -16.801 c -2.3047,0.0312 -4.168,1.8945 -4.1992,4.1992 v 16.801 c 0,3.8672 -3.1328,7 -7,7 -3.8672,0 -7,-3.1328 -7,-7 v -16.801 c -0.0312,-2.3047 -1.8945,-4.168 -4.1992,-4.1992 h -16.801 c -3.8672,0 -7,-3.1328 -7,-7 0,-3.8672 3.1328,-7 7,-7 h 16.801 c 2.3047,-0.0312 4.168,-1.8945 4.1992,-4.1992 v -173.6 c -0.0312,-2.3047 -1.8945,-4.168 -4.1992,-4.1992 h -78.402 c -2.3047,0.0312 -4.168,1.8945 -4.1992,4.1992 v 16.184 c 0.0742,3.7773 -2.6523,7.0312 -6.3828,7.6172 -2.0938,0.19141 -4.1602,-0.59375 -5.6016,-2.1289 -1.3008,-1.2852 -2.0273,-3.043 -2.0156,-4.8711 v -16.801 c -0.0312,-2.3047 -1.8906,-4.168 -4.1992,-4.1992 h -16.184 c -3.7773,0.0742 -7.0312,-2.6523 -7.6172,-6.3828 -0.13672,-1.9531 0.53516,-3.8789 1.8594,-5.3203 1.3242,-1.4414 3.1836,-2.2695 5.1406,-2.2969 h 16.801 c 2.3086,-0.0312 4.168,-1.8945 4.1992,-4.1992 v -16.184 c -0.0742,-3.7773 2.6523,-7.0312 6.3867,-7.6172 2.0938,-0.19141 4.1602,0.59375 5.5977,2.1289 1.3008,1.2852 2.0312,3.043 2.0156,4.8711 v 16.801 c 0.0312,2.3047 1.8945,4.168 4.1992,4.1992 h 78.402 c 2.3047,-0.0312 4.168,-1.8945 4.1992,-4.1992 v -78.402 c -0.0312,-2.3047 -1.8945,-4.168 -4.1992,-4.1992 h -16.184 c -3.7773,0.0742 -7.0312,-2.6523 -7.6172,-6.3828 -0.14062,-1.9531 0.53125,-3.875 1.8594,-5.3164 1.3242,-1.4414 3.1836,-2.2734 5.1406,-2.3008 h 16.801 c 2.3047,-0.0312 4.168,-1.8906 4.1992,-4.1992 v -16.184 c -0.0742,-3.7773 2.6523,-7.0312 6.3828,-7.6172 2.0977,-0.19141 4.1602,0.59375 5.6016,2.1289 1.3008,1.2852 2.0273,3.043 2.0156,4.8711 v 16.801 c 0.0312,2.3086 1.8945,4.168 4.1992,4.1992 h 16.184 c 3.7773,-0.0742 7.0312,2.6523 7.6172,6.3867 0.14062,1.9492 -0.53125,3.875 -1.8594,5.3164 -1.3242,1.4414 -3.1836,2.2734 -5.1406,2.2969 h -16.801 c -2.3047,0.0312 -4.168,1.8945 -4.1992,4.1992 v 78.402 c 0.0312,2.3047 1.8945,4.168 4.1992,4.1992 h 78.402 c 2.3047,-0.0312 4.168,-1.8945 4.1992,-4.1992 v -16.184 c -0.0742,-3.7773 2.6523,-7.0312 6.3828,-7.6172 2.0938,-0.19141 4.1602,0.59375 5.6016,2.1289 1.3008,1.2852 2.0273,3.043 2.0156,4.8711 v 16.801 c 0.0312,2.3047 1.8906,4.168 4.1992,4.1992 h 16.801 c 2.0625,0.0195 4.0156,0.94531 5.3398,2.5273 1.3281,1.5859 1.8906,3.668 1.5469,5.7031 z"
               id="path4954"
               style="fill:#272727;fill-opacity:1;stroke:#272727;stroke-width:4.22545;stroke-miterlimit:4;stroke-dasharray:none;stroke-opacity:1" />
            <path
               d="m 451.25,92.848 -45.637,68.375 c -1.1484,1.875 -0.66016,4.3164 1.1172,5.6016 0.69531,0.47656 1.5156,0.73047 2.3516,0.72656 1.3945,0 2.6953,-0.69531 3.4727,-1.8477 l 45.695,-68.375 c 1.168,-1.8828 0.65234,-4.3477 -1.1758,-5.6016 -1.918,-1.293 -4.5195,-0.79297 -5.8242,1.1211 z"
               id="path4956"
               style="fill:#272727;fill-opacity:1;stroke:#272727;stroke-width:4.22545;stroke-miterlimit:4;stroke-dasharray:none;stroke-opacity:1" />
            <path
               d="m 510.61,139.66 -74.539,49.785 c -1.5195,1.0352 -2.1914,2.9414 -1.6523,4.7031 0.54297,1.7578 2.1641,2.9609 4.0078,2.9688 0.83594,0 1.6562,-0.25391 2.3516,-0.73047 l 74.535,-49.785 v 0.004 c 1.7734,-1.3516 2.1836,-3.8516 0.93359,-5.6992 -1.25001,-1.8476 -3.7266,-2.3945 -5.6367,-1.2461 z"
               id="path4958"
               style="fill:#272727;fill-opacity:1;stroke:#272727;stroke-width:4.22545;stroke-miterlimit:4;stroke-dasharray:none;stroke-opacity:1" />
            <path
               d="m 450.8,323.57 c 1.4062,-0.004 2.7109,-0.71875 3.4727,-1.9023 1.1484,-1.8711 0.66016,-4.3125 -1.1211,-5.6016 l -12.375,-8.2305 c -1.9141,-1.1484 -4.3906,-0.60156 -5.6406,1.2461 -1.25,1.84766 -0.83984,4.3477 0.93359,5.6992 l 12.375,8.2891 0.004,-0.004 c 0.72656,0.37109 1.5352,0.54688 2.3516,0.50391 z"
               id="path4960"
               style="fill:#272727;fill-opacity:1;stroke:#272727;stroke-width:4.22545;stroke-miterlimit:4;stroke-dasharray:none;stroke-opacity:1" />
            <path
               d="m 497.95,345.8 c -1.9336,-1.3008 -4.5547,-0.78516 -5.8516,1.1484 -1.3008,1.9336 -0.78516,4.5508 1.1445,5.8516 l 17.359,11.594 0.004,-0.004 c 0.69141,0.47656 1.5117,0.73047 2.3516,0.73047 1.8398,-0.008 3.4648,-1.2109 4.0039,-2.9688 0.53906,-1.7617 -0.12891,-3.668 -1.6523,-4.7031 z"
               id="path4962"
               style="fill:#272727;fill-opacity:1;stroke:#272727;stroke-width:4.22545;stroke-miterlimit:4;stroke-dasharray:none;stroke-opacity:1" />
            <path
               d="m 412.55,338.07 c -0.59375,-0.98828 -1.5664,-1.6914 -2.6953,-1.9375 -1.125,-0.25 -2.3047,-0.0234 -3.2617,0.62109 -0.95312,0.64844 -1.6016,1.6602 -1.7891,2.8008 -0.18359,1.1367 0.10547,2.3047 0.80469,3.2227 l 4.4805,6.7773 v -0.004 c 0.80859,1.1484 2.1211,1.8359 3.5273,1.8477 0.83984,0.004 1.6602,-0.25 2.3516,-0.72656 1.7812,-1.2852 2.2695,-3.7266 1.1211,-5.6016 z"
               id="path4964"
               style="fill:#272727;fill-opacity:1;stroke:#272727;stroke-width:4.22545;stroke-miterlimit:4;stroke-dasharray:none;stroke-opacity:1" />
            <path
               d="m 431.87,367.02 c -1.2539,-1.8242 -3.7188,-2.3438 -5.5977,-1.1758 -1.7812,1.2852 -2.2695,3.7266 -1.1211,5.6016 l 30.465,45.641 c 0.77734,1.1523 2.0781,1.8438 3.4727,1.8477 0.83594,0 1.6562,-0.25391 2.3516,-0.73047 1.7773,-1.2852 2.2656,-3.7266 1.1172,-5.5977 z"
               id="path4966"
               style="fill:#272727;fill-opacity:1;stroke:#272727;stroke-width:4.22545;stroke-miterlimit:4;stroke-dasharray:none;stroke-opacity:1" />
            <path
               d="m 245.73,400.57 -8.0625,12.039 v 0.004 c -1.1484,1.8711 -0.66016,4.3125 1.1211,5.5977 0.69141,0.47656 1.5117,0.73047 2.3516,0.73047 1.3906,-0.004 2.6914,-0.69531 3.4727,-1.8477 l 8.0625,-12.098 c 1.1484,-1.8711 0.66016,-4.3125 -1.1211,-5.6016 -0.92188,-0.62891 -2.0625,-0.86328 -3.1602,-0.64062 -1.0977,0.22266 -2.0586,0.87891 -2.6641,1.8164 z"
               id="path4968"
               style="fill:#272727;fill-opacity:1;stroke:#272727;stroke-width:4.22545;stroke-miterlimit:4;stroke-dasharray:none;stroke-opacity:1" />
            <path
               d="m 287.45,338.07 -23.238,34.777 h -0.004 c -1.1484,1.8711 -0.66016,4.3125 1.1211,5.6016 0.69141,0.47266 1.5117,0.72656 2.3516,0.72656 1.4062,-0.0117 2.7188,-0.69922 3.5273,-1.8477 l 23.184,-34.777 c 1.1484,-1.9102 0.60156,-4.3867 -1.2461,-5.6367 -1.8438,-1.25 -4.3477,-0.83984 -5.6953,0.93359 z"
               id="path4970"
               style="fill:#272727;fill-opacity:1;stroke:#272727;stroke-width:4.22545;stroke-miterlimit:4;stroke-dasharray:none;stroke-opacity:1" />
            <path
               d="m 247.07,315.73 -62.383,41.664 c -1.5234,1.0391 -2.1914,2.9453 -1.6523,4.7031 0.53906,1.7617 2.1641,2.9648 4.0039,2.9688 0.83984,0.004 1.6602,-0.25 2.3516,-0.72656 l 62.383,-41.664 h 0.004 c 1.7734,-1.3516 2.1836,-3.8516 0.93359,-5.6992 -1.25,-1.8438 -3.7266,-2.3906 -5.6406,-1.2461 z"
               id="path4972"
               style="fill:#272727;fill-opacity:1;stroke:#272727;stroke-width:4.22545;stroke-miterlimit:4;stroke-dasharray:none;stroke-opacity:1" />
            <path
               d="m 189.73,144.93 c -1.1484,1.8711 -0.66016,4.3125 1.1211,5.5977 l 28,18.703 c 0.70703,0.4375 1.5234,0.66797 2.3516,0.67188 1.3984,0.0195 2.707,-0.67578 3.4727,-1.8477 1.1484,-1.8711 0.66016,-4.3125 -1.1211,-5.5977 l -28,-18.703 c -0.92188,-0.63281 -2.0625,-0.86719 -3.1602,-0.64453 -1.0977,0.22266 -2.0586,0.87891 -2.6641,1.8203 z"
               id="path4974"
               style="fill:#272727;fill-opacity:1;stroke:#272727;stroke-width:4.22545;stroke-miterlimit:4;stroke-dasharray:none;stroke-opacity:1" />
            <path
               d="m 229.15,171.25 c -1.168,1.8828 -0.64844,4.3477 1.1758,5.6016 l 28.895,19.32 c 0.69531,0.47656 1.5156,0.73047 2.3516,0.72656 1.8438,-0.004 3.4648,-1.207 4.0078,-2.9688 0.53906,-1.7578 -0.13281,-3.6641 -1.6523,-4.7031 l -28.953,-19.32 c -0.94922,-0.59766 -2.0977,-0.79688 -3.1953,-0.54297 -1.0938,0.25391 -2.0391,0.93359 -2.6289,1.8867 z"
               id="path4976"
               style="fill:#272727;fill-opacity:1;stroke:#272727;stroke-width:4.22545;stroke-miterlimit:4;stroke-dasharray:none;stroke-opacity:1" />
            <path
               d="m 260.4,121.8 c 0.82422,0.008 1.6289,-0.24609 2.2969,-0.73047 1.8242,-1.25 2.3438,-3.7188 1.1758,-5.5977 l -19.098,-28.559 0.004,-0.0039 c -1.3516,-1.7734 -3.8516,-2.1836 -5.6992,-0.93359 -1.8477,1.2539 -2.3945,3.7266 -1.2461,5.6406 l 19.039,28.559 c 0.85938,1.0625 2.1641,1.6641 3.5273,1.625 z"
               id="path4978"
               style="fill:#272727;fill-opacity:1;stroke:#272727;stroke-width:4.22545;stroke-miterlimit:4;stroke-dasharray:none;stroke-opacity:1" />
            <path
               d="m 269.25,131.15 c -1.7773,1.2852 -2.2656,3.7266 -1.1172,5.6016 l 19.32,28.953 v -0.004 c 0.77734,1.1523 2.0781,1.8477 3.4727,1.8477 0.83594,0.004 1.6562,-0.25 2.3516,-0.72656 1.7773,-1.2852 2.2656,-3.7266 1.1172,-5.6016 l -19.32,-28.895 c -0.60547,-0.94141 -1.5664,-1.5977 -2.6602,-1.8164 -1.0977,-0.22266 -2.2383,0.008 -3.1641,0.64062 z"
               id="path4980"
               style="fill:#272727;fill-opacity:1;stroke:#272727;stroke-width:4.22545;stroke-miterlimit:4;stroke-dasharray:none;stroke-opacity:1" />
          </g>
        </g>
      </g>
      <g
         id="layer5"
         style="display:none;fill:#272727;fill-opacity:1;stroke:#272727;stroke-opacity:1">
        <g
           id="g5439"
           transform="matrix(1.3333333,0,0,1.3333333,-135.57424,-115.9509)"
           style="fill:#272727;fill-opacity:1;stroke:#272727;stroke-width:2.34975;stroke-miterlimit:4;stroke-dasharray:none;stroke-opacity:1">
          <path
             d="m 345.36786,186.40553 c 6.4414,-6.20274 8.39368,-16.10805 4.14546,-24.50612 -5.21369,-10.30668 -17.79293,-14.43813 -28.0996,-9.22444 -10.30669,5.21369 -14.43969,17.79766 -9.22541,28.10551 l -14.08024,7.12258 -7.08063,-13.99732 c -1.30322,-2.57626 -4.45129,-3.60798 -7.02912,-2.30397 -2.57626,1.30321 -3.60483,4.44584 -2.30085,7.0236 l 7.08062,13.99731 -9.33626,4.7228 -14.16145,-27.99503 c -1.30321,-2.57625 -4.44436,-3.60951 -7.02046,-2.30637 -2.57626,1.30321 -3.61268,4.44982 -2.30951,7.02599 l 14.16205,27.99621 -9.32997,4.71962 -21.24208,-41.99234 c -1.30321,-2.57626 -4.45129,-3.60799 -7.02912,-2.30398 -2.57626,1.30322 -3.61267,4.44983 -2.30871,7.02757 l 21.24208,41.99235 -9.32841,4.71882 -14.16205,-27.9962 c -1.30321,-2.57626 -4.45049,-3.60641 -7.02832,-2.3024 -2.57626,1.30322 -3.60482,4.44584 -2.30164,7.02202 l 14.16204,27.9962 -9.33627,4.72281 -7.08141,-13.99888 c -1.30322,-2.57626 -4.44518,-3.6111 -7.02127,-2.30796 -2.57626,1.30321 -3.61268,4.44982 -2.3087,7.02758 l 7.08062,13.99731 -14.03898,7.1017 c -5.21369,-10.30668 -17.80079,-14.43416 -28.10707,-9.22067 -10.30628,5.21349 -14.43222,17.79389 -9.21793,28.10174 4.24741,8.3965 13.38414,12.69474 22.19763,11.18031 1.93085,20.98912 7.33967,41.09997 15.82375,58.66797 10.24858,21.22803 24.53431,37.65649 41.32207,47.51196 14.60154,8.57129 30.67057,12.03127 47.57491,10.37343 l 0.14279,30.6765 111.98482,-56.64818 -24.61315,-18.28074 c 11.36502,-12.64239 18.11136,-27.64317 19.85821,-44.50216 2.00858,-19.36074 -2.76199,-40.60448 -13.79121,-61.4386 -9.12648,-17.245 -22.1212,-33.5185 -37.88585,-47.50773 z m -19.2339,-24.39547 c 5.14645,-2.60337 11.44781,-0.53297 14.04958,4.61035 2.60337,5.14645 0.53889,11.44877 -4.60875,14.05274 -5.14647,2.60337 -11.45411,0.53613 -14.05747,-4.61032 -2.60258,-5.14489 -0.52983,-11.4494 4.61664,-14.05277 z m -7.24253,27.10049 c 15.77978,18.45125 26.87291,34.54149 33.83748,49.03732 7.54887,15.71961 10.08418,29.21643 7.75993,41.28673 -1.16677,6.04119 -3.60704,11.7912 -7.34227,17.2673 l -50.3175,-99.46562 z m -25.39233,12.84486 52.34768,103.48337 c -2.41395,2.43974 -5.11843,4.81238 -8.11228,7.14244 L 284.16209,206.67671 Z m -18.66622,9.44242 54.25437,107.25262 c -2.82326,1.79837 -5.83765,3.56233 -9.03562,5.30152 L 265.50301,216.11764 Z m -18.66624,9.44242 54.54664,107.8304 c -3.29532,1.54741 -6.50147,2.92823 -9.62743,4.1316 l -54.2504,-107.24479 z m -18.65876,9.43865 53.56446,105.88877 c -3.64703,1.03891 -7.16446,1.80399 -10.56025,2.30318 l -52.3435,-103.47068 z m -18.66781,9.44322 50.3018,99.43899 c -6.60555,-0.24686 -12.66272,-1.68137 -18.20752,-4.3102 -11.09951,-5.27734 -20.4709,-15.31856 -28.66176,-30.71342 -7.55175,-14.19682 -13.94004,-32.66505 -19.45617,-56.31219 z m -46.7568,11.93083 c -2.60178,-5.14332 -0.53728,-11.44563 4.61036,-14.0496 5.14646,-2.60336 11.45411,-0.53616 14.05589,4.60717 2.60337,5.14646 0.53141,11.45255 -4.61506,14.05592 -5.14804,2.60417 -11.44703,0.53453 -14.05119,-4.61349 z m 128.10837,146.15659 -0.0507,-11.69178 72.44898,-36.64874 9.38855,6.96817 z m 86.45317,-103.53918 c -1.25158,12.0672 -5.47239,23.10269 -12.54127,32.8181 -6.69553,9.18102 -15.95086,17.1854 -27.56272,23.84023 l -29.7468,15.04759 c -12.24251,5.41204 -24.17427,8.12553 -35.53703,8.07915 -12.01397,-0.0603 -23.40468,-3.19856 -33.86804,-9.34167 -14.99405,-8.80269 -27.85003,-23.68131 -37.19283,-43.03076 -8.45449,-17.5099 -13.65459,-37.76881 -15.14439,-58.88822 0.20231,-0.17563 0.39696,-0.3512 0.59002,-0.52985 12.04018,45.11697 28.37315,71.37824 50.80824,82.02972 19.67279,9.34577 43.77801,6.53463 73.68267,-8.58542 l 0.004,0.007 0.0206,-0.0127 0.0199,-0.0101 -0.004,-0.007 c 29.90008,-15.13298 46.44827,-32.88617 50.57285,-54.26997 4.71217,-24.38407 -6.76599,-53.10118 -35.97728,-89.53204 0.25833,-0.0496 0.51506,-0.10243 0.77642,-0.16138 16.12994,13.71214 29.375,29.90144 38.4658,47.09096 10.05489,18.99268 14.42365,38.16461 12.6314,55.46022 z"
             id="path5365"
             style="fill:#272727;fill-opacity:1;stroke:#272727;stroke-width:2.34975;stroke-miterlimit:4;stroke-dasharray:none;stroke-opacity:1" />
        </g>
      </g>
    </g>
  </g>
</svg>
