<?xml version="1.0" encoding="UTF-8" standalone="no"?>
<svg
   viewBox="0 0 140 100"
   version="1.1"
   id="svg4810"
   sodipodi:docname="b1.svg"
   width="140"
   height="100"
   inkscape:version="1.2.2 (732a01da63, 2022-12-09)"
   xmlns:inkscape="http://www.inkscape.org/namespaces/inkscape"
   xmlns:sodipodi="http://sodipodi.sourceforge.net/DTD/sodipodi-0.dtd"
   xmlns="http://www.w3.org/2000/svg"
   xmlns:svg="http://www.w3.org/2000/svg">
  <defs
     id="defs4814" />
  <sodipodi:namedview
     id="namedview4812"
     pagecolor="#ffffff"
     bordercolor="#666666"
     borderopacity="1.0"
     inkscape:showpageshadow="2"
     inkscape:pageopacity="0.0"
     inkscape:pagecheckerboard="0"
     inkscape:deskcolor="#d1d1d1"
     showgrid="false"
     inkscape:zoom="6.5390625"
     inkscape:cx="50.771804"
     inkscape:cy="51.230585"
     inkscape:window-width="1920"
     inkscape:window-height="1017"
     inkscape:window-x="-8"
     inkscape:window-y="-8"
     inkscape:window-maximized="1"
     inkscape:current-layer="svg4810" />
  <g
     class=""
     id="g4808"
     transform="matrix(0.38251366,0,0,0.32894737,-27.923497,-31.25)">
    <path
       d="m 208,95 c -3.583,0 -7.736,1.925 -9.977,4.613 -2.24,2.69 -2.99,5.447 -3.4,7.907 -0.82,4.92 -0.247,9.48 0.5,13.96 0.316,1.897 0.698,3.748 1.096,5.52 h 18.534 c -0.67,-2.54 -1.387,-5.542 -1.877,-8.48 -0.35,-2.093 -0.483,-3.963 -0.53,-5.52 h 87.305 c -0.046,1.557 -0.18,3.427 -0.53,5.52 -0.49,2.938 -1.205,5.94 -1.876,8.48 h 18.535 c 0.4,-1.772 0.78,-3.623 1.097,-5.52 0.747,-4.48 1.32,-9.04 0.5,-13.96 -0.41,-2.46 -1.16,-5.218 -3.4,-7.907 C 311.737,96.925 307.583,95 304,95 Z m -105,16 v 18 h 50 v -18 z m 256,0 v 18 h 50 V 111 Z M 96,145 c -5,0 -11.05,2.777 -15.637,7.363 C 75.777,156.95 73,163 73,168 v 208 c 0,5 2.777,11.05 7.363,15.637 C 84.95,396.223 91,399 96,399 h 23 V 145 Z m 41,0 V 399 H 375 V 145 Z m 256,0 v 254 h 23 c 5,0 11.05,-2.777 15.637,-7.363 C 436.223,387.05 439,381 439,376 V 168 c 0,-5 -2.777,-11.05 -7.363,-15.637 C 427.05,147.777 421,145 416,145 Z"
       fill="#000000"
       fill-opacity="1"
       id="path4806" />
  </g>
  <g
     class=""
     id="g477"
     transform="matrix(0.15845549,0,0,0.15845618,27.652957,15.957278)"
     style="fill:#3f3f3f;fill-opacity:1">
    <path
       d="m 135.25,38.156 c -16.082,0.46 -32.345,7.235 -46.47,17.407 -17.216,12.4 -31.534,30.2 -37.31,50.687 -5.78,20.488 -1.95,44.032 16.155,63.406 14.573,15.595 19.996,29.328 20.563,40.5 0.566,11.173 -3.554,20.304 -10.376,27.406 -13.643,14.206 -37.278,17.995 -50.5,6.094 l -12.5,13.906 c 22.224,20.005 56.61,13.645 76.47,-7.03 9.93,-10.34 16.43,-24.836 15.593,-41.313 -0.836,-16.478 -8.83,-34.407 -25.594,-52.345 C 67.18,141.782 65.16,126.6 69.47,111.312 73.78,96.025 85.484,80.97 99.72,70.72 c 14.233,-10.253 30.704,-15.365 43.218,-13.44 9.566,1.474 17.565,6.055 23.062,17.44 l 15.938,-9.19 c -8.362,-15.432 -21.594,-24.476 -36.157,-26.718 -2.42,-0.372 -4.866,-0.596 -7.31,-0.656 -1.07,-0.026 -2.148,-0.03 -3.22,0 z m 108.25,13.407 -120.125,69.374 24.906,43.157 c 15.03,-18.11 33.446,-33.898 55,-46.344 20.615,-11.903 42.444,-19.803 64.595,-23.938 z m 60.03,57.406 c -1.026,0.01 -2.065,0.034 -3.092,0.06 -29.894,0.803 -60.05,8.877 -87.813,24.907 -88.84,51.298 -119.255,164.55 -68.03,253.282 51.222,88.73 164.505,119.013 253.343,67.717 88.837,-51.295 119.223,-164.55 68,-253.28 -34.666,-60.05 -97.713,-93.346 -162.407,-92.688 z"
       fill="#7f7f7f"
       fill-opacity="1"
       id="path475"
       style="fill:#3f3f3f;fill-opacity:1" />
  </g>
  <g
     aria-label="-$1"
     id="text5422"
     style="font-size:40px;line-height:1.25;font-family:Roboto;-inkscape-font-specification:Roboto;letter-spacing:0px;word-spacing:0px;fill:#00ff00">
    <path
       d="m 53.008251,62.141403 h -9.53125 v -2.949219 h 9.53125 z"
       style="fill:#ff0000"
       id="path5555" />
    <path
       d="m 70.508251,65.422653 q 0,-1.796875 -1.269531,-3.027344 -1.25,-1.230468 -4.238281,-2.226562 -4.160157,-1.269531 -6.074219,-3.300781 -1.894531,-2.050782 -1.894531,-5.195313 0,-3.203125 1.855468,-5.253906 1.875,-2.050781 5.136719,-2.441406 v -4.277344 h 2.910156 v 4.296875 q 3.28125,0.449219 5.097657,2.753906 1.835937,2.304688 1.835937,6.308594 h -3.59375 q 0,-2.753906 -1.308594,-4.375 -1.308593,-1.621094 -3.535156,-1.621094 -2.324219,0 -3.554687,1.210938 -1.230469,1.191406 -1.230469,3.339843 0,1.992188 1.289062,3.183594 1.308594,1.171875 4.277344,2.148438 2.988281,0.957031 4.648438,2.128906 1.679687,1.152344 2.460937,2.695312 0.800781,1.542969 0.800781,3.613282 0,3.300781 -1.992187,5.3125 -1.972656,2.011718 -5.546875,2.382812 v 3.730469 H 63.691845 V 73.078903 Q 60.059032,72.746872 57.98872,70.500778 55.937939,68.235153 55.937939,64.367966 h 3.613281 q 0,2.714843 1.425781,4.179687 1.425781,1.464844 4.042969,1.464844 2.558594,0 4.023437,-1.230469 1.464844,-1.230469 1.464844,-3.359375 z"
       style="fill:#ff0000"
       id="path5557" />
    <path
       d="M 90.48872,72.746872 H 86.855907 V 48.664841 l -7.285156,2.675781 v -3.28125 l 10.351563,-3.886719 h 0.566406 z"
       style="fill:#ff0000"
       id="path5559" />
  </g>
</svg>
