<?xml version="1.0" encoding="UTF-8" standalone="no"?>
<!-- Created with Inkscape (http://www.inkscape.org/) -->

<svg
   width="200"
   height="30"
   viewBox="0 0 52.916665 7.9375"
   version="1.1"
   id="svg1"
   inkscape:version="1.3 (0e150ed6c4, 2023-07-21)"
   sodipodi:docname="last_round.svg"
   xmlns:inkscape="http://www.inkscape.org/namespaces/inkscape"
   xmlns:sodipodi="http://sodipodi.sourceforge.net/DTD/sodipodi-0.dtd"
   xmlns="http://www.w3.org/2000/svg"
   xmlns:svg="http://www.w3.org/2000/svg">
  <sodipodi:namedview
     id="namedview1"
     pagecolor="#ffffff"
     bordercolor="#666666"
     borderopacity="1.0"
     inkscape:showpageshadow="2"
     inkscape:pageopacity="0.0"
     inkscape:pagecheckerboard="0"
     inkscape:deskcolor="#d1d1d1"
     inkscape:document-units="mm"
     inkscape:zoom="0.74920735"
     inkscape:cx="396.41896"
     inkscape:cy="561.25984"
     inkscape:window-width="1920"
     inkscape:window-height="1017"
     inkscape:window-x="-8"
     inkscape:window-y="-8"
     inkscape:window-maximized="1"
     inkscape:current-layer="layer1" />
  <defs
     id="defs1" />
  <g
     inkscape:label="Calque 1"
     inkscape:groupmode="layer"
     id="layer1">
    <path
       style="font-weight:bold;font-size:10.5904px;line-height:1.25;font-family:Roboto;-inkscape-font-specification:'Roboto Bold';letter-spacing:0px;word-spacing:0px;fill:#7f0000;stroke-width:0.264759"
       d="M 1.551333,6.6965074 H 4.8453197 V 7.9427409 H 4.9537048e-6 V 0.4136286 H 1.551333 Z M 8.8787725,7.9427409 Q 8.7753506,7.7410683 8.7288108,7.4411448 8.185846,8.0461628 7.3171022,8.0461628 q -0.8222038,0 -1.3651687,-0.4757406 -0.5377937,-0.4757406 -0.5377937,-1.1996937 0,-0.8894281 0.6567289,-1.3651688 0.6619,-0.4757406 1.9081335,-0.4809117 H 8.6667577 V 4.2040402 q 0,-0.387832 -0.2016727,-0.6205312 -0.1965015,-0.2326992 -0.6257023,-0.2326992 -0.3774898,0 -0.5946758,0.1809883 Q 7.0326921,3.7127863 7.0326921,4.028223 H 5.538246 q 0,-0.4860828 0.2999235,-0.8997702 0.2999234,-0.4136875 0.8480593,-0.6463867 0.5481359,-0.2378704 1.2307203,-0.2378704 1.0342187,0 1.6392367,0.5222805 0.6101892,0.5171094 0.6101892,1.4582484 v 2.4252429 q 0.0052,0.7963484 0.222357,1.2048648 v 0.087909 z M 7.6428811,6.9033511 q 0.33095,0 0.6101891,-0.1447906 0.279239,-0.1499617 0.4136875,-0.3981742 V 5.3985629 H 8.1082796 q -1.1221273,0 -1.1945227,0.775664 l -0.00517,0.087909 q 0,0.279239 0.1965016,0.4602273 0.1965016,0.1809883 0.5377937,0.1809883 z M 14.344618,6.3965839 q 0,-0.2740679 -0.274068,-0.4292007 Q 13.801654,5.8070793 13.201807,5.682973 11.205765,5.2641144 11.205765,3.9868543 q 0,-0.7446375 0.61536,-1.2410625 0.620531,-0.5015961 1.618552,-0.5015961 1.065245,0 1.70129,0.5015961 0.641215,0.5015961 0.641215,1.3031156 h -1.494446 q 0,-0.3206078 -0.206843,-0.5274515 -0.206844,-0.2120149 -0.646387,-0.2120149 -0.37749,0 -0.584334,0.1706461 -0.206843,0.1706461 -0.206843,0.4343719 0,0.2482125 0.232699,0.4033453 0.23787,0.1499617 0.796348,0.2637258 0.558478,0.1085929 0.941139,0.2482125 1.184181,0.4343718 1.184181,1.5047882 0,0.7653219 -0.656729,1.2410625 -0.656729,0.4705695 -1.696119,0.4705695 -0.703269,0 -1.251405,-0.2482125 Q 11.650479,7.5445667 11.340213,7.1101948 11.029947,6.6706519 11.029947,6.1638847 h 1.41688 q 0.02068,0.3981742 0.294752,0.6101891 0.274068,0.2120148 0.734296,0.2120148 0.4292,0 0.646386,-0.1603039 0.222357,-0.165475 0.222357,-0.4292008 z m 4.2041,-5.42447719 V 2.3476176 H 19.50537 V 3.4438895 H 18.548718 V 6.23628 q 0,0.3102656 0.118935,0.4447141 0.118935,0.1344484 0.455056,0.1344484 0.248213,0 0.439543,-0.036198 v 1.1324695 q -0.439543,0.1344484 -0.904941,0.1344484 -1.572013,0 -1.603039,-1.5875258 V 3.4438895 H 16.237239 V 2.3476176 h 0.817033 V 0.97210671 Z M 26.119199,3.748984 q -0.305095,-0.041369 -0.537794,-0.041369 -0.848059,0 -1.111785,0.5739914 V 7.9427409 H 22.975174 V 2.3476176 h 1.411708 l 0.04137,0.6670711 q 0.449885,-0.770493 1.246234,-0.770493 0.248212,0 0.465398,0.067224 z m 0.299923,1.3444843 q 0,-0.832546 0.320608,-1.4841038 0.320607,-0.6515578 0.920454,-1.0083633 0.605018,-0.3568055 1.401367,-0.3568055 1.132469,0 1.84608,0.6929266 0.718782,0.6929265 0.801519,1.8822781 l 0.01034,0.3826609 q 0,1.2876023 -0.718782,2.0684374 -0.718782,0.7756641 -1.928818,0.7756641 -1.210036,0 -1.933989,-0.7756641 -0.718782,-0.775664 -0.718782,-2.1098062 z m 1.494446,0.108593 q 0,0.7963484 0.299923,1.2203781 0.299924,0.4188586 0.858402,0.4188586 0.542965,0 0.848059,-0.4136875 0.305095,-0.4188586 0.305095,-1.3341422 0,-0.7808351 -0.305095,-1.2100359 -0.305094,-0.4292007 -0.858401,-0.4292007 -0.548136,0 -0.84806,0.4292007 -0.299923,0.4240297 -0.299923,1.3186289 z m 8.077248,2.1718593 q -0.553307,0.6722422 -1.530643,0.6722422 -0.899771,0 -1.375511,-0.5171094 Q 32.614092,7.0119441 32.60375,6.013923 V 2.3476176 h 1.494446 v 3.6145945 q 0,0.8739148 0.796349,0.8739148 0.76015,0 1.04456,-0.5274516 V 2.3476176 h 1.499618 v 5.5951233 h -1.406538 z m 3.950718,-5.026303 0.04654,0.6463867 q 0.599847,-0.7498086 1.608211,-0.7498086 0.889428,0 1.323799,0.5222805 0.434372,0.5222805 0.444715,1.5616703 V 7.9427409 H 41.870351 V 4.3643441 q 0,-0.4757406 -0.206843,-0.6877554 -0.206844,-0.217186 -0.687756,-0.217186 -0.630873,0 -0.94631,0.5377938 V 7.9427409 H 38.534996 V 2.3476176 Z m 4.323033,2.7561929 q 0,-1.3082867 0.584334,-2.0839507 0.589505,-0.7756641 1.60821,-0.7756641 0.817033,0 1.349655,0.6101891 V -5.8889389e-5 h 1.499618 V 7.9427409 h -1.349656 l -0.0724,-0.5946757 q -0.558478,0.6980976 -1.437564,0.6980976 -0.987679,0 -1.587526,-0.7756641 -0.594676,-0.7808351 -0.594676,-2.1666882 z m 1.494446,0.108593 q 0,0.7860062 0.274068,1.2048648 0.274068,0.4188586 0.796349,0.4188586 0.692926,0 0.977336,-0.5843336 v -2.208057 q -0.279239,-0.5843336 -0.966994,-0.5843336 -1.080759,0 -1.080759,1.7530008 z M 51.98501,5.6312621 H 50.743947 L 50.56813,0.4136286 h 1.592697 z m -0.620532,0.8170328 q 0.37749,0 0.605018,0.222357 0.2327,0.222357 0.2327,0.5688203 0,0.3412922 -0.2327,0.5636492 -0.227528,0.222357 -0.605018,0.222357 -0.372318,0 -0.605018,-0.222357 -0.227528,-0.222357 -0.227528,-0.5636492 0,-0.3412922 0.227528,-0.5636492 0.2327,-0.2275281 0.605018,-0.2275281 z"
       id="text1"
       transform="scale(1.0136942,0.98649078)"
       aria-label="Last round!" />
  </g>
</svg>
