<svg
  xmlns="http://www.w3.org/2000/svg"
  width="100px"
  height="100px"
  viewbox="0 0 100 100"
>
  <path
    fill="#000000"
    stroke="none"
    d="m 87.01,8.46 c -1.16,0 -2.41,0.13 -3.77,0.38 -4.17,0.77 -9.19,2.70 -14.60,5.49 -1.14,0.58 -2.29,1.20 -3.45,1.86 2.27,0.70 4.57,1.45 6.52,2.32 1.75,0.76 3.27,1.62 4.37,2.88 1.10,1.28 1.54,3.33 0.70,5.04 -0.56,1.14 -1.48,1.40 -2.27,1.62 -0.82,0.20 -1.71,0.30 -2.73,0.34 -2.05,0.10 -4.65,-0.04 -7.48,-0.32 -4.63,-0.44 -9.89,-1.24 -14.22,-2.09 -2.71,1.95 -5.42,4.01 -8.12,6.14 2.25,0.72 4.37,1.65 6.20,2.71 2.07,1.20 3.77,2.49 4.89,3.97 0.56,0.76 1.00,1.58 1.10,2.55 0.10,1.00 -0.28,2.11 -1.02,2.85 -1.62,1.65 -3.87,1.71 -6.44,1.67 -2.55,-0.02 -5.52,-0.42 -8.47,-0.94 -3.29,-0.60 -6.44,-1.32 -8.91,-1.95 -3.25,2.97 -6.30,5.96 -9.13,8.87 1.91,0.74 3.99,1.69 5.84,2.71 1.60,0.88 3.01,1.77 4.07,2.79 0.54,0.50 1.00,1.02 1.32,1.73 0.32,0.72 0.40,1.79 -0.08,2.63 v 0.02 c -0.54,0.90 -1.30,1.24 -2.03,1.52 -0.72,0.28 -1.54,0.48 -2.45,0.62 -1.83,0.30 -4.03,0.44 -6.34,0.48 -3.90,0.06 -7.94,-0.18 -10.68,-0.62 -0.66,0.88 -1.29,1.71 -1.87,2.55 -2.79,4.01 -4.51,7.50 -4.89,9.71 -0.19,1.12 -0.07,1.81 0.16,2.23 0.23,0.42 0.58,0.74 1.54,1.00 1.83,0.46 4.95,0.10 8.80,-1.26 3.85,-1.36 8.42,-3.59 13.37,-6.48 9.89,-5.78 21.26,-14.10 31.72,-22.85 10.47,-8.75 20.04,-17.95 26.36,-25.44 3.15,-3.75 5.50,-7.07 6.70,-9.56 0.60,-1.25 0.90,-2.28 0.96,-2.93 C 92.69,10.16 92.63,9.98 92.51,9.85 91.21,8.99 89.54,8.52 87.50,8.47 H 87.01 Z M 60.98,18.67 c -2.23,1.37 -4.51,2.85 -6.80,4.40 3.41,0.60 7.14,1.12 10.47,1.44 2.73,0.26 5.20,0.38 6.96,0.30 0.88,-0.04 1.58,-0.12 1.95,-0.22 0.12,-0.04 0.10,-0.04 0.14,-0.06 0.10,-0.30 0.02,-0.38 -0.34,-0.78 -0.46,-0.54 -1.60,-1.28 -3.11,-1.95 -2.51,-1.12 -6.00,-2.13 -9.27,-3.12 z m 31.76,0.29 c -1.36,2.01 -3.05,4.23 -5.02,6.56 -2.15,2.55 -4.65,5.26 -7.40,8.10 1.81,0.08 3.81,-0.08 5.84,-0.58 3.63,-0.90 6.68,-2.65 8.59,-4.59 1.89,-1.95 2.59,-3.93 2.17,-5.62 -0.40,-1.64 -1.81,-3.03 -4.19,-3.87 z m -54.26,15.99 c -1.40,1.16 -2.77,2.31 -4.13,3.49 -0.62,0.54 -1.24,1.08 -1.85,1.64 1.95,0.46 4.15,0.94 6.34,1.34 2.83,0.50 5.66,0.86 7.90,0.88 2.21,0.04 3.75,-0.54 3.83,-0.60 -0.02,-0.08 -0.10,-0.34 -0.40,-0.74 -0.60,-0.82 -1.99,-1.97 -3.81,-2.99 -2.21,-1.28 -5.06,-2.39 -7.88,-3.01 z m 38.60,1.87 c -3.97,3.89 -8.37,7.92 -13.00,11.88 1.06,0.16 2.17,0.26 3.33,0.26 3.75,0 7.12,-0.98 9.43,-2.41 2.31,-1.44 3.45,-3.19 3.45,-4.95 0,-1.69 -1.06,-3.37 -3.21,-4.79 z m 17.47,0.14 c -0.50,0.50 -1.02,1.02 -1.60,1.50 C 80.92,48.65 66.37,61.83 51.71,72.20 37.28,82.43 22.74,90.08 9.94,89.03 c 1.39,1.02 2.86,1.64 4.34,2.01 3.78,1.00 7.68,0.30 9.92,-0.34 16.11,-4.65 33.26,-16.03 46.48,-26.84 6.60,-5.40 12.22,-10.65 16.25,-14.82 2.01,-2.07 3.63,-3.87 4.77,-5.26 1.14,-1.38 1.77,-2.63 1.73,-2.45 0.46,-1.56 0.84,-3.01 1.14,-4.37 z M 60.65,51.62 c -4.57,3.83 -9.29,7.56 -14.02,11.05 1.08,0.14 2.19,0.22 3.35,0.22 4.03,0 7.66,-0.94 10.13,-2.33 2.47,-1.40 3.65,-3.07 3.65,-4.63 0,-1.44 -1.00,-2.97 -3.11,-4.31 z M 17.46,54.73 c -1.81,1.95 -3.48,3.85 -5.01,5.70 2.30,0.22 5.25,0.36 8.00,0.34 2.19,-0.04 4.27,-0.18 5.80,-0.42 0.60,-0.10 1.04,-0.24 1.40,-0.34 -0.02,-0.04 0,-0.02 -0.02,-0.04 -0.66,-0.64 -1.89,-1.48 -3.35,-2.27 -2.13,-1.18 -4.77,-2.29 -6.82,-2.97 z m 24.07,11.60 c -4.39,3.07 -8.69,5.86 -12.80,8.26 -1.26,0.74 -2.47,1.42 -3.69,2.07 1.62,0.36 3.41,0.56 5.26,0.56 4.03,0 7.66,-0.94 10.13,-2.33 2.47,-1.40 3.65,-3.07 3.65,-4.63 0,-1.30 -0.84,-2.69 -2.55,-3.93 z M 19.61,79.38 c -1.70,0.78 -3.33,1.46 -4.88,1.99 -3.88,1.36 -7.28,2.03 -10.20,1.48 0.20,0.20 0.42,0.38 0.66,0.56 1.48,1.12 3.65,1.85 6.09,1.85 2.43,0 4.61,-0.74 6.09,-1.85 1.48,-1.10 2.24,-2.45 2.24,-3.89 z"
  />
</svg>
