<svg
  xmlns="http://www.w3.org/2000/svg"
  width="100px"
  height="100px"
  viewbox="0 0 100 100"
>
  <path
    fill="#000000"
    stroke="none"
    d="m 49.95,16.17 c -10.99,0 -21.25,3.06 -29.39,7.73 l 2.93,4.63 -3.14,1.98 -2.94,-4.65 C 16.97,26.15 16.53,26.46 16.09,26.77 8.09,32.54 3.05,39.94 2.31,46.86 c 0.62,1.38 1.68,3.62 3.05,5.95 2.22,3.78 5.42,7.56 7.69,8.23 3.70,-0.52 7.02,-4.57 10.39,-3.99 5.19,1.05 7.87,5.87 10.40,9.92 1.92,3.00 4.36,7.17 7.87,7.54 1.28,0.14 2.40,-0.25 3.66,-1.07 1.26,-0.85 2.58,-2.15 3.97,-3.58 2.73,-2.83 5.72,-6.39 10.23,-6.94 3.16,-0.41 5.70,1.28 7.87,2.56 2.15,1.26 3.86,2.11 5.27,1.78 h 0.02 c 2.29,-1.12 3.47,-3.06 4.57,-4.79 l -7.36,-5.25 2.15,-3.02 7.42,5.29 c 1.05,-1.14 2.36,-2.07 4.07,-2.44 2.38,-0.52 4.22,0.79 5.60,1.65 1.36,0.87 2.31,1.30 2.85,1.20 0.64,-0.12 2.44,-1.45 3.74,-2.85 0.41,-0.45 0.81,-0.91 1.12,-1.30 0.54,-2.25 0.81,-4.63 0.81,-7.13 0,-0.31 -0.02,-0.62 -0.02,-0.91 l -7.77,3.86 -1.65,-3.35 8.76,-4.38 C 95.35,37.85 90.66,31.71 83.80,26.77 75.12,20.51 63.07,16.17 49.95,16.17 Z m 14.28,2.93 1.24,3.51 -10.40,3.74 -1.24,-3.51 z m -28.97,2.27 6.90,1.98 -1.03,3.55 -6.90,-1.96 z m 38.11,4.75 8.20,5.70 -2.11,3.06 -8.20,-5.70 z m -9.84,2.65 2.23,2.98 -6.82,5.06 -2.23,-2.98 z m -32.45,7.03 0.54,3.68 -9.42,1.43 -0.54,-3.68 z M 49.95,36.55 c 3.68,0 7.03,0.66 9.61,1.88 2.58,1.20 4.73,3.10 4.73,5.79 0,2.69 -2.15,4.59 -4.73,5.79 -2.58,1.22 -5.93,1.88 -9.61,1.88 -3.68,0 -7.03,-0.66 -9.61,-1.88 -2.58,-1.20 -4.73,-3.10 -4.73,-5.79 0,-2.69 2.15,-4.59 4.73,-5.79 2.58,-1.22 5.93,-1.88 9.61,-1.88 z m 30.21,1.16 0.95,3.60 -9.75,2.52 -0.95,-3.60 z M 49.95,40.27 c -3.22,0 -6.12,0.62 -8.04,1.53 -1.94,0.89 -2.58,1.90 -2.58,2.42 0,0.52 0.64,1.53 2.58,2.42 1.92,0.91 4.82,1.53 8.04,1.53 3.22,0 6.12,-0.62 8.04,-1.53 1.94,-0.89 2.58,-1.90 2.58,-2.42 0,-0.52 -0.64,-1.53 -2.58,-2.42 -1.92,-0.91 -4.82,-1.53 -8.04,-1.53 z m -40.18,3.72 8.21,3.18 -1.34,3.47 -8.21,-3.18 z m -6.61,12.38 c 1.87,7.36 6.45,13.37 12.93,17.96 8.62,6.08 20.66,9.51 33.87,9.51 13.21,0 25.25,-3.43 33.87,-9.51 4.36,-3.08 7.87,-6.82 10.25,-11.20 -0.41,0.19 -0.85,0.33 -1.30,0.41 -2.38,0.50 -4.22,-0.83 -5.58,-1.69 -1.38,-0.85 -2.31,-1.28 -2.83,-1.16 -1.49,0.33 -2.77,2.00 -4.26,4.30 -1.51,2.27 -3.22,5.17 -6.57,5.91 -3.14,0.70 -5.79,-0.91 -8.00,-2.21 -2.19,-1.30 -4.03,-2.27 -5.50,-2.09 -3.47,1.03 -6.03,3.78 -8.04,5.85 -1.41,1.47 -2.85,2.96 -4.57,4.09 -1.72,1.14 -3.78,1.90 -6.10,1.69 -5.54,-1.01 -8.10,-5.15 -10.66,-9.30 -2.54,-4.07 -4.86,-7.61 -7.98,-8.25 -3.86,0.62 -6.53,5.04 -10.69,3.91 C 8.19,63.47 5.38,59.94 3.15,56.37 Z m 46.22,0.58 0.54,3.68 -10.42,1.53 -0.54,-3.68 z"
  />
</svg>
