<svg
  xmlns="http://www.w3.org/2000/svg"
  width="100px"
  height="100px"
  viewbox="0 0 100 100"
>
  <path
    fill="#000000"
    stroke="none"
    d="m 50.00,4.10 c -6.17,0 -10.60,3.26 -13.16,7.36 -2.29,3.66 -3.24,7.91 -3.43,11.64 -6.99,3.46 -14.73,6.94 -20.97,10.50 -3.27,1.87 -6.12,3.75 -8.27,5.77 -2.15,2.02 -3.73,4.29 -3.73,6.98 0,1.14 0.56,2.07 1.19,2.75 0.63,0.68 1.38,1.21 2.24,1.71 1.72,0.99 3.88,1.82 6.26,2.53 3.54,1.06 7.50,1.85 10.94,2.19 -3.42,5.90 -7.98,11.32 -11.98,16.51 -4.62,6.00 -8.65,11.76 -8.65,18.15 0,0.91 -0.01,1.63 0.07,2.34 0.08,0.72 0.29,1.61 1.01,2.32 0.72,0.71 1.60,0.90 2.32,0.98 0.72,0.08 1.44,0.07 2.37,0.07 H 31.69 c 1.85,0 3.20,0.11 4.60,-0.78 1.39,-0.90 1.90,-2.12 2.89,-3.94 l 0.02,-0.04 0.02,-0.04 c 0,0 2.22,-4.51 4.87,-8.99 1.32,-2.24 2.76,-4.47 4.01,-6.05 0.63,-0.79 1.21,-1.42 1.63,-1.77 0.13,-0.11 0.19,-0.13 0.27,-0.17 0.08,0.05 0.14,0.07 0.27,0.17 0.42,0.35 1.01,0.98 1.63,1.77 1.25,1.58 2.69,3.81 4.01,6.05 2.65,4.48 4.87,8.99 4.87,8.99 l 0.02,0.04 0.02,0.04 c 0.99,1.83 1.50,3.04 2.88,3.94 1.38,0.90 2.73,0.79 4.56,0.79 h 25.58 c 0.91,0 1.63,0.01 2.34,-0.07 0.71,-0.08 1.60,-0.28 2.31,-0.99 0.71,-0.71 0.91,-1.60 0.99,-2.31 0.08,-0.71 0.07,-1.43 0.07,-2.34 0,-6.39 -4.03,-12.15 -8.65,-18.15 -3.99,-5.19 -8.55,-10.61 -11.98,-16.51 3.44,-0.34 7.40,-1.13 10.94,-2.19 2.38,-0.71 4.54,-1.54 6.26,-2.53 0.86,-0.50 1.61,-1.03 2.24,-1.71 0.63,-0.68 1.19,-1.61 1.19,-2.76 0,-2.68 -1.58,-4.96 -3.73,-6.98 -2.15,-2.02 -5.00,-3.90 -8.27,-5.77 C 81.32,30.04 73.58,26.55 66.59,23.10 66.40,19.37 65.45,15.12 63.16,11.46 60.60,7.36 56.17,4.10 50.00,4.10 Z"
  />
</svg>
