<svg
  xmlns="http://www.w3.org/2000/svg"
  width="100px"
  height="100px"
  viewbox="0 0 100 100"
>
  <path
    fill="#000000"
    stroke="none"
    d="M 76.09,33.13 C 70.48,27.52 55.01,21.91 42.70,20.66 27.95,9.87 7.80,-0.40 2.91,4.49 -2.86,10.26 12.24,36.85 24.56,51.28 c 0.56,9.23 7.54,20.58 10.16,23.21 0,-4.97 0.02,-9.96 3.06,-11.89 8.39,5.13 18.57,9.03 27.52,12.45 -0.58,8.93 1.93,19.23 4.41,21.71 3.18,-9.54 6.36,-12.73 9.54,-15.91 3.18,-3.18 12.74,-6.37 19.09,-6.36 C 93.37,69.50 82.52,66.47 73.48,66.91 69.76,57.31 65.58,46.22 59.81,37.47 64.13,35.10 71.08,33.12 76.09,33.13 Z M 25.18,14.04 c 1.76,1.76 1.76,4.61 0,6.36 -1.76,1.76 -4.61,1.76 -6.36,0 -1.76,-1.76 -1.76,-4.61 0,-6.36 1.76,-1.76 4.61,-1.76 6.36,0 z"
  />
</svg>
