<svg
  xmlns="http://www.w3.org/2000/svg"
  width="100px"
  height="100px"
  viewbox="0 0 100 100"
>
  <path
    fill="#000000"
    stroke="none"
    d="m 4.05,21.97 v 26.30 c 1.04,0.38 1.92,1.05 2.61,1.79 1.08,1.15 1.86,2.50 2.58,3.76 0.71,1.26 1.36,2.45 1.93,3.18 0.56,0.73 0.84,0.82 0.92,0.82 0.12,0 0.16,0.02 0.49,-0.37 0.33,-0.39 0.74,-1.11 1.17,-1.94 0.44,-0.82 0.90,-1.75 1.61,-2.60 0.72,-0.85 1.89,-1.69 3.32,-1.69 1.43,0 2.61,0.84 3.32,1.69 0.72,0.85 1.18,1.77 1.61,2.60 0.44,0.82 0.84,1.55 1.17,1.94 0.33,0.39 0.36,0.37 0.49,0.37 0.12,0 0.16,0.02 0.49,-0.37 0.33,-0.39 0.74,-1.11 1.17,-1.94 0.44,-0.82 0.90,-1.75 1.61,-2.60 0.72,-0.85 1.89,-1.69 3.32,-1.69 1.43,0 2.61,0.84 3.32,1.69 0.72,0.85 1.18,1.77 1.61,2.60 0.44,0.82 0.84,1.55 1.17,1.94 0.33,0.39 0.36,0.37 0.49,0.37 0.12,0 0.16,0.02 0.49,-0.37 0.33,-0.39 0.74,-1.11 1.17,-1.94 0.44,-0.82 0.90,-1.75 1.61,-2.60 0.72,-0.85 1.89,-1.69 3.32,-1.69 1.43,0 2.61,0.84 3.32,1.69 0.72,0.85 1.18,1.77 1.61,2.60 0.44,0.82 0.84,1.55 1.17,1.94 0.33,0.39 0.36,0.37 0.49,0.37 0.12,0 0.16,0.02 0.49,-0.37 0.33,-0.39 0.74,-1.11 1.17,-1.94 0.44,-0.82 0.90,-1.75 1.61,-2.60 0.72,-0.85 1.89,-1.69 3.32,-1.69 1.43,0 2.57,0.68 3.51,1.44 0.44,0.36 0.85,0.75 1.23,1.16 V 21.97 Z M 69.99,32.15 v 28.91 l 1.65,-0.01 v 3.38 h 0.79 c 1.92,-3.90 5.93,-6.59 10.55,-6.59 4.01,0 7.56,2.03 9.69,5.12 V 51.24 h 3.30 v -7.48 l -5.82,-8.73 z m 3.82,4.02 13.35,1.59 5.11,7.32 v 3.45 H 73.81 V 36.17 Z M 4.05,52.71 v 5.12 h 3.20 C 6.81,57.11 6.41,56.37 6.01,55.65 5.35,54.49 4.69,53.42 4.05,52.71 Z m 14.63,2.24 c -0.12,0 -0.16,-0.02 -0.49,0.37 -0.33,0.39 -0.74,1.11 -1.17,1.94 -0.10,0.19 -0.20,0.38 -0.30,0.58 h 3.92 c -0.10,-0.20 -0.21,-0.39 -0.30,-0.58 -0.44,-0.82 -0.84,-1.55 -1.17,-1.94 -0.33,-0.39 -0.36,-0.37 -0.49,-0.37 z m 13.19,0 c -0.12,0 -0.16,-0.02 -0.49,0.37 -0.33,0.39 -0.74,1.11 -1.17,1.94 -0.10,0.19 -0.20,0.38 -0.30,0.58 h 3.92 c -0.10,-0.20 -0.205,-0.39 -0.30,-0.58 -0.44,-0.82 -0.84,-1.55 -1.17,-1.94 -0.33,-0.39 -0.36,-0.37 -0.49,-0.37 z m 13.19,0 c -0.12,0 -0.16,-0.02 -0.49,0.37 -0.33,0.39 -0.74,1.11 -1.17,1.94 -0.10,0.19 -0.20,0.38 -0.30,0.58 h 3.92 c -0.10,-0.20 -0.21,-0.39 -0.30,-0.58 -0.44,-0.82 -0.84,-1.55 -1.17,-1.94 -0.33,-0.39 -0.36,-0.37 -0.49,-0.37 z m 13.19,0 c -0.12,0 -0.16,-0.02 -0.49,0.37 -0.33,0.39 -0.74,1.11 -1.17,1.94 -0.10,0.19 -0.20,0.38 -0.30,0.58 h 5.18 c -0.08,-0.11 -0.15,-0.21 -0.23,-0.32 -0.57,-0.75 -1.23,-1.48 -1.81,-1.95 -0.58,-0.47 -1.05,-0.62 -1.18,-0.62 z m 38.12,0 v 9.48 h 2.88 v -9.48 z m -84.28,6.18 c -4.64,0 -8.45,3.80 -8.45,8.45 0,4.64 3.80,8.45 8.45,8.45 4.64,0 8.45,-3.80 8.45,-8.45 0,-4.64 -3.80,-8.45 -8.45,-8.45 z m 21.43,0 c -4.64,0 -8.45,3.80 -8.45,8.45 0,4.64 3.80,8.45 8.45,8.45 4.64,0 8.45,-3.80 8.45,-8.45 0,-4.64 -3.80,-8.45 -8.45,-8.45 z m 49.46,0 c -4.64,0 -8.45,3.80 -8.45,8.45 0,4.64 3.80,8.45 8.45,8.45 4.64,0 8.45,-3.80 8.45,-8.45 0,-4.64 -3.80,-8.45 -8.45,-8.45 z m -82.22,0.41 v 2.88 H 1.53 c 0.52,-1.06 1.20,-2.03 2.00,-2.88 z m 19.88,0 c 0.80,0.85 1.48,1.82 2.00,2.88 h 0.33 c 0.52,-1.06 1.20,-2.03 2.00,-2.88 z m 21.43,0 c 0.80,0.85 1.48,1.82 2.00,2.88 h 0.79 v -2.88 z m 25.87,3.23 -19.37,0.06 v 6.18 l 19.37,-0.06 z m -55.84,0.07 c 2.64,0 4.74,2.10 4.74,4.74 0,2.64 -2.10,4.74 -4.74,4.74 -2.64,0 -4.74,-2.10 -4.74,-4.74 0,-2.64 2.10,-4.74 4.74,-4.74 z m 21.43,0 c 2.64,0 4.74,2.10 4.74,4.74 0,2.64 -2.10,4.74 -4.74,4.74 -2.64,0 -4.74,-2.10 -4.74,-4.74 0,-2.64 2.10,-4.74 4.74,-4.74 z m 49.46,0 c 2.64,0 4.74,2.10 4.74,4.74 0,2.64 -2.10,4.74 -4.74,4.74 -2.64,0 -4.74,-2.10 -4.74,-4.74 0,-2.64 2.10,-4.74 4.74,-4.74 z"
  />
</svg>
