<svg
    xmlns="http://www.w3.org/2000/svg"
    width="100px"
    height="100px"
    viewbox="0 0 100 100"
>
    <g id="left-giraffe">
        <path
            d="m 46.77,7.76 v -0.03 l -3.46,-5.77 -2.77,1.66 3.08,5.13 c 0.98,-0.49 2.04,-0.83 3.15,-1.00 z"
            fill="#000000"
            stroke="none"
        />
        <path
            d="m 2.89,20.55 h 0.03 c 0.07,0 0.14,-0.01 0.20,-0.02 L 9.26,19.30 20.33,46.20 c 0.40,0.98 0.61,2.01 0.61,3.07 v 13.26 c 1.12,0.04 2.21,0.22 3.24,0.54 0.12,-2.99 1.06,-5.88 2.73,-8.38 0.32,-0.48 0.49,-1.03 0.49,-1.60 0,-0.77 -0.30,-1.50 -0.85,-2.04 l -0.30,-0.30 2.28,-2.28 0.30,0.30 c 1.16,1.16 1.79,2.69 1.79,4.33 0,1.05 -0.27,2.07 -0.77,2.98 h 11.44 c -0.64,-1.36 -0.98,-2.86 -0.98,-4.39 0,-1.60 0.38,-3.21 1.10,-4.65 l 0.69,-1.38 2.89,1.44 -0.69,1.38 c -0.49,0.99 -0.76,2.10 -0.76,3.20 0,2.24 1.07,4.38 2.86,5.73 1.21,0.91 2.18,2.13 2.80,3.50 l 4.02,0 v -9.69 c 0,-6.23 -5.07,-11.30 -11.30,-11.30 h -8.78 c -3.14,0 -6.01,-1.84 -7.33,-4.69 L 17.71,17.68 V 8.30 c 0,-1.04 -0.41,-2.02 -1.14,-2.76 C 16.00,4.97 15.27,4.60 14.48,4.46 v 6.40 h -1.61 c -2.49,0 -4.80,1.24 -6.19,3.31 L 5.83,15.45 2.32,16.62 C 1.87,16.77 1.57,17.19 1.57,17.66 v 1.57 c 0,0.35 0.14,0.69 0.39,0.94 0.25,0.25 0.58,0.39 0.93,0.39 z m 45.50,26.78 0.47,-0.47 2.28,2.28 -0.47,0.47 c -0.43,0.43 -0.67,1.00 -0.67,1.61 0,0.61 0.24,1.18 0.67,1.61 l 0.47,0.47 -2.28,2.28 -0.47,-0.47 c -1.04,-1.04 -1.61,-2.43 -1.61,-3.90 0,-1.47 0.57,-2.86 1.61,-3.90 z m -14.53,-4.17 c 0,1.78 1.45,3.23 3.23,3.23 v 3.23 c -3.56,0 -6.46,-2.90 -6.46,-6.46 z m -8.07,-3.23 v 3.23 c -3.56,0 -6.46,-2.90 -6.46,-6.46 h 3.23 c 0,1.78 1.45,3.23 3.23,3.23 z M 14.48,23.78 c 3.56,0 6.46,2.90 6.46,6.46 h -3.23 c 0,-1.78 -1.45,-3.23 -3.23,-3.23 z"
            fill="#000000"
            stroke="none"
        />

    </g>
    <g id="right-giraffe">
        <path
            d="M 11.25,7.76 V 7.73 L 7.80,1.96 5.03,3.62 8.11,8.75 C 9.09,8.26 10.15,7.92 11.25,7.76 Z"
            fill="#000000"
            stroke="none"
        />
        <path
            d="m 77.44,39.92 h -8.78 c -3.14,0 -6.01,-1.84 -7.33,-4.69 L 53.23,17.68 V 8.30 c 0,-1.04 -0.41,-2.02 -1.14,-2.76 C 51.51,4.97 50.79,4.60 50.00,4.46 V 10.87 H 48.39 c -2.49,0 -4.80,1.24 -6.19,3.31 l -0.85,1.27 -3.52,1.17 c -0.45,0.15 -0.75,0.57 -0.75,1.04 v 1.57 c 0,0.73 0.59,1.32 1.32,1.32 0.09,0 0.17,-0.01 0.26,-0.03 l 6.11,-1.22 11.07,26.89 c 0.40,0.98 0.61,2.01 0.61,3.07 v 11.64 h 3.34 c 0.24,-1.85 0.91,-3.62 1.95,-5.20 l 0.68,-1.02 c 0.32,-0.48 0.49,-1.03 0.49,-1.60 0,-0.77 -0.30,-1.50 -0.85,-2.04 l -0.30,-0.30 2.28,-2.28 0.30,0.30 c 1.16,1.16 1.79,2.69 1.79,4.33 0,1.05 -0.27,2.07 -0.77,2.98 h 11.44 c -0.64,-1.36 -0.98,-2.86 -0.98,-4.39 0,-1.60 0.38,-3.21 1.10,-4.65 l 0.69,-1.38 2.89,1.44 -0.69,1.38 c -0.49,0.99 -0.76,2.10 -0.76,3.20 0,2.24 1.07,4.38 2.86,5.73 2.25,1.69 3.59,4.37 3.59,7.19 v 14.07 h 1.61 c 0.89,0 1.61,-0.72 1.61,-1.61 V 51.22 C 88.74,44.99 83.68,39.92 77.44,39.92 Z M 50.00,27.01 v -3.23 c 3.56,0 6.46,2.90 6.46,6.46 h -3.23 c 0,-1.78 -1.45,-3.23 -3.23,-3.23 z m 11.30,16.14 c -3.56,0 -6.46,-2.90 -6.46,-6.46 h 3.23 c 0,1.78 1.45,3.23 3.23,3.23 z m 11.30,6.46 c -3.56,0 -6.46,-2.90 -6.46,-6.46 h 3.23 c 0,1.78 1.45,3.23 3.23,3.23 z m 13.58,3.23 0.47,0.47 -2.28,2.28 -0.47,-0.47 c -1.04,-1.04 -1.61,-2.43 -1.61,-3.90 0,-1.47 0.57,-2.86 1.61,-3.90 l 0.47,-0.47 2.28,2.28 -0.47,0.47 c -0.43,0.43 -0.67,1.00 -0.67,1.61 0,0.61 0.24,1.18 0.67,1.61 z"
            fill="#000000"
            stroke="none"
        />
        <path
            d="m 89.97,43.88 c 0.85,1.45 1.46,3.05 1.77,4.76 2.16,1.85 3.46,4.59 3.46,7.57 v 9.55 h 3.23 v -9.55 c 0,-5.50 -3.38,-10.37 -8.46,-12.32 z"
            fill="#000000"
            stroke="none"
        />
    </g>
    <g id="jeep">
        <path
            d="m 72.44,91.58 h 3.39 v -3.23 h -4.85 c 0.71,0.94 1.21,2.04 1.46,3.23 z"
            fill="#000000"
            stroke="none"
        />
        <path
            d="m 35.47,88.35 c -2.67,0 -4.84,2.17 -4.84,4.84 0,2.67 2.17,4.84 4.84,4.84 2.67,0 4.84,-2.17 4.84,-4.84 0,-2.67 -2.17,-4.84 -4.84,-4.84 z m 0,6.46 c -0.89,0 -1.61,-0.72 -1.61,-1.61 0,-0.89 0.72,-1.61 1.61,-1.61 0.89,0 1.61,0.72 1.61,1.61 0,0.89 -0.72,1.61 -1.61,1.61 z"
            fill="#000000"
            stroke="none"
        />
        <path
            d="m 64.53,88.35 c -2.67,0 -4.84,2.17 -4.84,4.84 0,2.67 2.17,4.84 4.84,4.84 2.67,0 4.84,-2.17 4.84,-4.84 0,-2.67 -2.17,-4.84 -4.84,-4.84 z m 0,6.46 c -0.89,0 -1.61,-0.72 -1.61,-1.61 0,-0.89 0.72,-1.61 1.61,-1.61 0.89,0 1.61,0.72 1.61,1.61 0,0.89 -0.72,1.61 -1.61,1.61 z"
            fill="#000000"
            stroke="none"
        />
        <path
            d="m 43.38,91.58 h 13.24 c 0.24,-1.19 0.75,-2.29 1.46,-3.23 H 41.92 c 0.71,0.94 1.21,2.04 1.46,3.23 z"
            fill="#000000"
            stroke="none"
        />
        <path
            d="m 24.17,91.58 h 3.39 c 0.24,-1.19 0.75,-2.29 1.46,-3.23 h -4.85 z"
            fill="#000000"
            stroke="none"
        />
        <path
            d="m 24.17,81.90 h 3.23 v 3.23 h -3.23 z"
            fill="#000000"
            stroke="none"
        />
        <path
            d="m 37.08,72.21 h 3.23 v 3.23 h -3.23 z"
            fill="#000000"
            stroke="none"
        />
        <path
            d="m 79.06,72.21 h 3.23 v 9.69 h -3.23 z"
            fill="#000000"
            stroke="none"
        />
        <path
            d="m 69.37,74.77 c 0,-0.18 -0.07,-0.35 -0.20,-0.47 l -3.70,-3.70 -2.56,0 v 4.84 h 5.79 c 0.37,0 0.67,-0.30 0.67,-0.67 z"
            fill="#000000"
            stroke="none"
        />
        <path
            d="m 53.23,70.60 h 6.46 v 4.84 h -6.46 z"
            fill="#000000"
            stroke="none"
        />
        <path
            d="m 45.83,70.60 -2.28,2.28 v 2.56 h 6.46 v -4.84 z"
            fill="#000000"
            stroke="none"
        />
        <path
            d="M 66.70,64.14 H 46.65 c -1.48,0 -2.86,0.66 -3.78,1.82 l -2.43,3.03 c 0.67,0.03 1.29,0.26 1.80,0.63 l 1.31,-1.31 c 0.61,-0.61 1.42,-0.95 2.28,-0.95 h 19.65 c 0.86,0 1.67,0.34 2.28,0.95 l 3.70,3.70 c 0.74,0.74 1.14,1.72 1.14,2.76 0,2.15 -1.75,3.90 -3.90,3.90 H 37.08 c -1.78,0 -3.23,-1.45 -3.23,-3.23 h -4.84 c -2.10,0 -3.90,1.35 -4.57,3.23 h 2.95 c 1.78,0 3.23,1.45 3.23,3.23 v 3.23 H 75.83 V 71.26 l -5.71,-5.71 c -0.91,-0.91 -2.13,-1.42 -3.42,-1.42 z"
            fill="#000000"
            stroke="none"
        />
    </g>
    <g id="terrain">
        <path
            d="m 29.63,72.21 -0.57,-1.15 c -1.64,-3.28 -4.93,-5.31 -8.59,-5.31 -3.22,0 -6.20,1.62 -7.96,4.23 1.46,0.86 2.61,2.24 3.17,3.93 l 0.34,1.01 -3.06,1.02 -0.34,-1.01 c -0.54,-1.63 -2.06,-2.73 -3.78,-2.73 -1.72,0 -3.24,1.10 -3.78,2.73 l -0.55,1.65 -0.60,0.30 c -1.44,0.72 -2.34,2.17 -2.34,3.78 0,0.68 0.55,1.23 1.23,1.23 H 20.94 v -1.61 c 0,-4.45 3.62,-8.07 8.07,-8.07 z"
            fill="#000000"
            stroke="none"
        />
    </g>
</svg>
