<svg
    xmlns="http://www.w3.org/2000/svg"
    width="100px"
    height="100px"
    viewbox="0 0 100 100"
>
    <path
        fill="#000000"
        stroke="none"
        d="m 53.450,30.91 c 0.46,-0.33 0.57,-0.96 0.25,-1.43 -0.39,-0.52 -0.54,-1.18 -0.43,-1.82 0.23,-0.59 1.12,-0.91 1.82,-1.08 3.95,-0.89 10.98,1.03 12.57,6.16 v 0 c 0.14,0.44 0.56,0.74 1.03,0.72 0.10,0.02 0.21,0.02 0.31,0 0.54,-0.17 0.83,-0.75 0.67,-1.28 -1.96,-6.22 -10.19,-8.59 -14.98,-7.49 l 0,0 c -1.43,0.16 -2.68,1.05 -3.28,2.36 -0.33,1.25 -0.08,2.58 0.68,3.63 0.33,0.43 0.94,0.53 1.39,0.23 z m 34.83,35.81 c 1.20,-2.88 2.03,-5.90 2.49,-8.99 2.50,0.44 5.03,0.69 7.57,0.75 0.57,0 1.03,-0.46 1.03,-1.03 0,-0.57 -0.46,-1.03 -1.03,-1.03 -2.48,-0.06 -4.95,-0.30 -7.39,-0.73 0.06,-0.70 0.11,-1.40 0.13,-2.05 1.12,0.17 2.25,0.26 3.39,0.27 1.38,0.02 2.76,-0.15 4.10,-0.49 0.27,-0.06 0.50,-0.23 0.65,-0.47 0.14,-0.24 0.18,-0.53 0.11,-0.79 -0.07,-0.27 -0.25,-0.50 -0.49,-0.63 -0.24,-0.13 -0.53,-0.16 -0.80,-0.08 -2.28,0.51 -4.63,0.55 -6.93,0.13 C 91.05,38.08 84.27,27.03 81.57,23.11 79.77,20.54 71.56,20.69 68.78,20.82 66.76,19.97 64.70,19.51 62.41,19.47 57.44,19.22 51.01,19.73 47.82,23.41 H 28.42 c -4.49,-0.04 -8.93,1.01 -12.92,3.08 -2.75,1.41 -5.13,3.46 -6.94,5.96 -1.29,-0.05 -2.56,0.37 -3.58,1.17 -2.80,2.13 -4.27,6.81 -4.36,13.93 0,0.27 0.11,0.53 0.30,0.72 0.19,0.19 0.45,0.30 0.73,0.30 0.27,0 0.53,-0.11 0.73,-0.30 0.19,-0.19 0.30,-0.45 0.30,-0.72 C 2.82,39.61 4.63,36.49 6.17,35.24 6.48,34.99 6.83,34.79 7.20,34.65 6.66,35.78 6.25,36.97 6.00,38.20 4.72,44.47 5.90,48.57 7.35,51.13 L 5.46,79.48 c -0.02,0.28 0.08,0.56 0.27,0.77 0.19,0.21 0.47,0.33 0.75,0.33 H 31.68 c 0.53,0 0.98,-0.40 1.03,-0.93 0.22,-1.36 -0.21,-2.75 -1.16,-3.76 -1.18,-1.45 -1.89,-3.21 -2.05,-5.07 -0.54,-3.25 0.62,-6.56 3.08,-8.76 3.66,0.46 7.37,0.49 11.04,0.07 0.34,2.73 0.52,6.32 0,7.34 -1.17,2.15 -0.90,7.03 -0.87,7.57 h 0 c 0.03,0.54 0.48,0.97 1.03,0.96 h 8.05 v 1.56 c 0,0.27 0.11,0.53 0.30,0.73 0.19,0.19 0.45,0.30 0.73,0.30 h 13.94 c 0.31,0.01 0.61,-0.13 0.80,-0.37 0.20,-0.24 0.28,-0.55 0.22,-0.85 -0.05,-0.30 -0.34,-1.77 -0.78,-3.38 1.61,1.17 3.45,2.00 5.40,2.42 0.77,0.16 1.55,0.24 2.34,0.25 3.97,0 9.44,-2.09 13.51,-11.93 z M 62.33,21.52 c 4.71,0.24 6.75,1.55 7.63,2.62 0.56,0.63 0.85,1.45 0.80,2.29 -0.09,0.57 0.30,1.10 0.86,1.19 0.57,0.09 1.10,-0.30 1.19,-0.86 0.11,-1.39 -0.34,-2.77 -1.25,-3.83 l -0.06,-0.07 c 3.96,0 7.76,0.55 8.42,1.52 2.81,4.04 10.37,16.42 9.07,30.94 -6.16,-1.48 -10.47,-4.33 -12.88,-8.53 l -0.08,-0.13 v 0 c -0.23,-0.39 -0.68,-0.58 -1.12,-0.48 -1.37,0.31 -2.76,0.49 -4.17,0.52 -0.96,-2.82 -1.69,-6.85 -0.49,-7.95 v 0 c 0.42,-0.38 0.45,-1.03 0.07,-1.45 -0.38,-0.42 -1.03,-0.45 -1.45,-0.07 -2.23,2.05 -1.09,6.90 -0.31,9.41 -8.36,-0.61 -16.42,-5.89 -19.49,-13.58 -1.35,-3.32 -1.36,-5.96 0,-7.84 1.86,-2.73 6.58,-4.03 13.26,-3.69 z m 10.70,27.06 c 0.54,-0.06 1.09,-0.13 1.62,-0.24 0.09,0.15 0.21,0.30 0.31,0.44 v 0 c 0.01,0.05 0.03,0.09 0.05,0.13 2.75,4.10 2.68,6.81 2.35,8.12 -4.10,-2.33 -7.36,-1.63 -9.43,-0.55 -0.25,0.13 -0.49,0.27 -0.73,0.42 1.41,-4.38 3.42,-7.29 5.83,-8.32 z M 27.44,71.14 c 0.59,3.67 1.66,5.03 2.44,6.02 v 0 c 0.37,0.38 0.62,0.85 0.73,1.36 H 20.32 c -0.69,-1.92 -1.86,-5.71 -1.65,-7.86 0.27,-2.72 5.24,-9.36 8.21,-10.57 h 0 c 0.94,0.80 2.09,1.33 3.31,1.52 -2.30,2.60 -3.31,6.10 -2.75,9.52 z m 17.28,4.80 c 0,-1.89 0.10,-4.46 0.67,-5.51 0.96,-1.80 0.53,-6.40 0.25,-8.61 2.14,-0.33 4.21,-0.98 6.16,-1.92 v 16.03 z m 9.12,2.59 0,-20.46 c 0,-0.39 -0.22,-0.74 -0.57,-0.92 -0.35,-0.17 -0.76,-0.14 -1.07,0.10 -2.36,1.51 -5.05,2.44 -7.85,2.71 -3.95,0.54 -7.95,0.54 -11.89,0 -1.11,-0.14 -2.20,-0.41 -3.25,-0.79 1.34,-0.91 3.08,-2.92 3.51,-7.26 0.05,-0.57 -0.36,-1.07 -0.93,-1.12 -0.57,-0.05 -1.07,0.36 -1.12,0.93 -0.50,5.44 -3.32,6.16 -3.47,6.16 -4.10,0.62 -10.19,9.00 -10.53,12.56 -0.24,2.43 0.84,6.07 1.52,8.05 H 7.58 L 9.25,53.51 c 0.53,0.53 1.12,0.99 1.77,1.35 0.50,0.25 1.12,0.06 1.37,-0.44 0.13,-0.24 0.15,-0.52 0.07,-0.78 -0.08,-0.26 -0.27,-0.48 -0.51,-0.60 C 11.70,52.90 5.80,49.65 8.05,38.67 8.95,34.31 11.80,30.82 16.49,28.32 h 0 c 3.69,-1.91 7.80,-2.89 11.95,-2.85 h 18.11 c -0.92,2.27 -0.74,5.06 0.59,8.33 3.55,8.68 12.77,14.56 22.22,14.89 -2.68,2.76 -4.19,7.18 -5.03,10.87 v 0 c -1.72,2.29 -2.70,5.05 -2.81,7.91 0.12,1.94 0.86,3.78 2.11,5.26 0,0.21 0.07,0.41 0.18,0.57 0.81,1.66 1.39,3.42 1.70,5.24 z m 18.96,-2.12 c -5.35,-1.11 -9.30,-6.16 -9.23,-8.92 l 0,0 c 0.10,-2.28 0.84,-4.49 2.14,-6.36 0.26,-0.14 0.45,-0.39 0.51,-0.68 0.72,-0.90 1.61,-1.65 2.63,-2.20 2.50,-1.30 5.41,-0.93 8.35,1.03 1.53,1.14 2.05,4.03 1.24,6.58 h 0 c -0.26,1.00 -0.83,1.89 -1.63,2.54 -0.80,0.65 -1.80,1.02 -2.83,1.06 -2.98,0 -3.71,-1.98 -3.90,-2.83 v 0 c -0.20,-0.92 -0.10,-1.88 0.30,-2.73 0.39,-0.85 1.06,-1.55 1.89,-1.99 1.48,-0.66 1.87,0 2.00,0.21 h 0 c 0.27,0.55 0.37,1.17 0.28,1.77 -0.08,0.61 -0.35,1.18 -0.76,1.63 -0.45,0.35 -0.52,1.00 -0.17,1.44 0.35,0.45 1.00,0.52 1.44,0.17 0.79,-0.77 1.32,-1.78 1.49,-2.88 0.17,-1.09 -0.02,-2.22 -0.53,-3.20 -0.91,-1.51 -2.62,-1.89 -4.59,-1.03 v 0 c -1.27,0.62 -2.29,1.65 -2.90,2.92 -0.61,1.27 -0.78,2.71 -0.48,4.09 0.28,1.33 1.03,2.51 2.12,3.33 1.09,0.82 2.43,1.22 3.79,1.12 h 0.06 c 1.47,-0.02 2.89,-0.52 4.04,-1.43 1.15,-0.91 1.98,-2.17 2.35,-3.59 1.03,-3.08 0.41,-6.38 -1.33,-8.27 0.57,-1.63 0.62,-3.40 0.15,-5.07 2.86,2.00 6.10,3.39 9.52,4.10 -0.43,2.96 -1.23,5.85 -2.37,8.62 C 83.12,73.82 78.32,77.55 72.84,76.40 Z M 79.31,33.46 c 0,0.85 -0.69,1.54 -1.54,1.54 -0.85,0 -1.54,-0.69 -1.54,-1.54 0,-0.85 0.69,-1.54 1.54,-1.54 0.85,0 1.54,0.69 1.54,1.54"
    />
</svg>
