<svg
    xmlns="http://www.w3.org/2000/svg"
    width="100px"
    height="100px"
    viewbox="0 0 100 100"
>
    <path
        fill="#000000"
        stroke="none"
        d="m 83.95,40.74 h -3.09 v 3.09 h 3.09 z M 3.71,60.16 V 39.20 c 0,-0.41 0.16,-0.80 0.45,-1.09 l 4.43,-4.43 c 0.60,-6.45 2.34,-10.73 5.31,-12.92 3.80,-2.81 8.43,-1.38 11.20,-0.54 v 0 c 0.57,0.20 1.16,0.35 1.75,0.46 1.27,-0.28 2.45,-0.86 3.44,-1.70 2.10,-1.70 4.67,-2.73 7.36,-2.93 2.00,0.05 3.92,0.83 5.39,2.20 1.91,1.69 4.41,2.57 6.96,2.43 4.63,-0.09 9.16,-1.32 13.20,-3.57 2.56,-1.50 5.44,-2.39 8.40,-2.60 2.49,0 4.95,1.34 7.32,3.98 0.28,0.30 0.42,0.71 0.40,1.12 -0.02,0.41 -0.20,0.80 -0.51,1.07 -0.31,0.27 -0.71,0.42 -1.12,0.39 -0.41,-0.02 -0.80,-0.21 -1.07,-0.52 -1.19,-1.64 -3.01,-2.71 -5.02,-2.95 -2.49,0.23 -4.90,1.02 -7.06,2.29 -4.46,2.46 -9.45,3.79 -14.55,3.88 -3.24,0.15 -6.40,-0.95 -8.85,-3.08 -0.93,-0.94 -2.18,-1.50 -3.50,-1.55 -2.08,0.22 -4.04,1.06 -5.64,2.40 -1.46,1.24 -3.26,2.02 -5.16,2.23 -0.91,-0.08 -1.80,-0.28 -2.66,-0.59 -2.49,-0.77 -5.91,-1.82 -8.46,0.07 -2.82,2.08 -4.31,7.60 -4.31,15.96 -0.13,8.16 0.74,16.31 2.59,24.26 l 3.09,-1.03 v 0 c 0.29,-0.10 0.60,-0.11 0.89,-0.02 l 5.30,1.45 V 63.84 c 2.26,-1.91 3.56,-4.72 3.55,-7.67 0,-5.91 -3.01,-18.02 -3.04,-18.14 -0.21,-0.83 0.30,-1.66 1.12,-1.87 0.83,-0.21 1.66,0.30 1.87,1.12 0.13,0.51 3.13,12.60 3.13,18.89 0,3.90 -1.73,7.59 -4.72,10.09 l -1.34,10.74 c 2.94,2.27 2.98,6.74 2.98,6.95 0,0.41 -0.16,0.80 -0.45,1.09 -0.29,0.29 -0.68,0.45 -1.09,0.45 H 12.96 c -0.74,0 -1.37,-0.52 -1.51,-1.24 L 9.91,76.53 c -0.03,-0.17 -0.04,-0.35 -0.02,-0.52 L 11.39,65.56 C 10.81,63.66 8.33,54.58 8.33,39.19 c 0,-0.32 0.02,-0.61 0.02,-0.93 l -1.57,1.57 v 20.32 c 1.10,1.12 3.09,3.40 3.09,5.27 0,2.20 -2.73,4.96 -3.57,5.75 -0.59,0.56 -1.53,0.56 -2.12,0 -0.84,-0.79 -3.57,-3.55 -3.57,-5.75 0,-1.88 1.98,-4.15 3.09,-5.27 z M 14.23,82.41 h 9.34 C 23.40,81.08 22.65,79.89 21.53,79.16 20.95,78.86 20.61,78.23 20.69,77.58 l 1.36,-10.88 -4.41,-1.20 -3.28,1.09 -1.37,9.60 z M 5.25,67.82 c 0.68,-0.68 1.21,-1.49 1.54,-2.39 -0.33,-0.90 -0.86,-1.72 -1.54,-2.40 -0.68,0.68 -1.21,1.49 -1.54,2.39 0.34,0.90 0.86,1.72 1.54,2.39 z M 50.03,51.24 c 0.17,-0.83 0.98,-1.37 1.81,-1.21 0.83,0.17 1.38,0.98 1.21,1.81 -0.76,3.94 -1.25,7.94 -1.47,11.95 l 4.10,-1.37 c 0.27,-0.09 0.55,-0.10 0.82,-0.04 l 7.22,1.60 c 0.10,-0.24 0.19,-0.46 0.29,-0.71 4.40,-10.27 1.47,-29.82 1.44,-30.02 v 0 c -0.06,-0.40 0.04,-0.82 0.28,-1.15 0.24,-0.33 0.61,-0.56 1.01,-0.61 0.41,-0.06 0.82,0.04 1.15,0.28 0.33,0.24 0.55,0.61 0.61,1.01 1.05,7.25 1.27,14.61 0.66,21.91 1.80,-1.06 3.21,-1.95 3.99,-2.45 h 0 c 0,-4.78 -0.50,-9.55 -1.50,-14.22 -0.21,-0.83 0.30,-1.66 1.12,-1.87 0.83,-0.21 1.66,0.30 1.87,1.12 1.07,4.96 1.61,10.03 1.59,15.11 l 11.36,9.94 c 1.90,-0.04 3.71,-0.82 5.04,-2.17 1.33,-1.36 2.08,-3.18 2.09,-5.08 C 90.57,48.96 86.94,42.49 83.90,35.74 c -1.80,1.25 -3.93,1.92 -6.12,1.91 -0.85,0 -1.54,-0.69 -1.54,-1.54 0,-0.85 0.69,-1.54 1.54,-1.54 2.05,0 4.01,-0.82 5.45,-2.26 1.45,-1.45 2.26,-3.41 2.26,-5.45 v -4.47 c -1.74,0.36 -3.31,1.31 -4.43,2.68 -1.12,1.38 -1.74,3.10 -1.74,4.88 0,0.85 -0.69,1.54 -1.54,1.54 -0.85,0 -1.54,-0.69 -1.54,-1.54 0,-2.86 1.14,-5.61 3.17,-7.63 2.02,-2.03 4.77,-3.16 7.63,-3.17 0.41,0 0.80,0.16 1.09,0.45 0.29,0.29 0.45,0.68 0.45,1.09 v 6.17 c 0,2.40 -0.80,4.73 -2.28,6.62 1.47,3.46 3.13,6.84 4.98,10.11 l 5.47,-5.47 c 0.46,-0.46 1.16,-0.58 1.75,-0.30 0.59,0.28 0.94,0.90 0.87,1.55 l -1.54,15.40 c -0.05,3.77 -2.34,10.68 -10.80,10.68 -0.37,0 -0.74,-0.14 -1.02,-0.38 L 74.55,55.02 c -1.18,0.76 -3.33,2.09 -5.97,3.57 -0.37,2.03 -0.95,4.01 -1.73,5.91 -3.41,7.96 -3.29,11.42 -3.17,12.33 1.35,1.00 4.84,3.87 4.84,7.12 v 0 c 0,0.41 -0.16,0.80 -0.45,1.09 -0.29,0.29 -0.68,0.45 -1.09,0.45 H 53.09 c -0.419,0 -0.80,-0.16 -1.09,-0.45 -0.29,-0.29 -0.45,-0.68 -0.45,-1.09 v -7.36 c -0.66,-1.40 -3.09,-6.81 -3.09,-11.16 0.13,-4.77 0.66,-9.51 1.57,-14.19 z m 42.84,-4.89 c 0.85,1.43 1.64,2.72 2.32,3.80 l 0.68,-6.80 z M 54.47,75.54 c 0.11,0.21 0.16,0.45 0.16,0.69 v 6.17 h 10.26 c -0.92,-1.31 -2.07,-2.45 -3.40,-3.35 -0.22,-0.15 -0.40,-0.35 -0.52,-0.59 -0.27,-0.55 -1.32,-3.45 1.62,-11.57 l -6.33,-1.41 -4.59,1.53 c 0.55,2.96 1.49,5.82 2.81,8.53 z M 30.06,61.10 c 0.33,-0.78 1.23,-1.15 2.02,-0.83 3.23,1.36 6.70,2.07 10.21,2.07 1.03,0 2.03,-0.02 3.01,-0.07 0.41,-0.02 0.81,0.12 1.12,0.39 0.31,0.27 0.49,0.66 0.51,1.07 0.02,0.41 -0.12,0.81 -0.40,1.12 -0.28,0.30 -0.66,0.48 -1.07,0.50 -1.03,0.05 -2.08,0.08 -3.16,0.08 -3.92,0 -7.79,-0.79 -11.40,-2.31 -0.38,-0.16 -0.68,-0.46 -0.83,-0.84 -0.16,-0.38 -0.15,-0.80 0.01,-1.18 z m 13.81,5.90 c 0.40,-0.09 0.82,-0.01 1.16,0.22 0.34,0.22 0.58,0.58 0.66,0.98 0.59,2.54 1.47,5.00 2.60,7.34 0.11,0.21 0.16,0.45 0.16,0.69 v 7.72 c 0,0.85 -0.69,1.54 -1.54,1.54 -0.85,0 -1.54,-0.69 -1.54,-1.54 V 76.59 C 44.19,74.11 43.29,71.51 42.68,68.83 42.50,68.00 43.04,67.18 43.87,67.01 Z M 29.94,82.41 h 1.34 c -0.17,-1.33 -0.91,-2.52 -2.03,-3.25 -0.58,-0.29 -0.92,-0.92 -0.84,-1.57 l 1.54,-12.35 c 0.11,-0.84 0.88,-1.44 1.72,-1.34 0.84,0.11 1.44,0.87 1.34,1.72 l -1.42,11.38 c 2.94,2.27 2.98,6.74 2.98,6.95 0,0.41 -0.16,0.80 -0.45,1.09 -0.29,0.29 -0.68,0.45 -1.09,0.45 h -3.09 c -0.85,0 -1.54,-0.69 -1.54,-1.54 0,-0.85 0.69,-1.54 1.54,-1.54 z"
    />
</svg>
