<?xml version="1.0" encoding="UTF-8" standalone="no"?>
<svg
   width="100px"
   height="140px"
   viewbox="0 0 100 140"
   version="1.1"
   id="svg47"
   sodipodi:docname="card-scroll.svg"
   inkscape:export-filename="card-back.png"
   inkscape:export-xdpi="96"
   inkscape:export-ydpi="96"
   inkscape:version="1.2.2 (732a01da63, 2022-12-09)"
   xmlns:inkscape="http://www.inkscape.org/namespaces/inkscape"
   xmlns:sodipodi="http://sodipodi.sourceforge.net/DTD/sodipodi-0.dtd"
   xmlns="http://www.w3.org/2000/svg"
   xmlns:svg="http://www.w3.org/2000/svg">
  <defs
     id="defs51" />
  <sodipodi:namedview
     id="namedview49"
     pagecolor="#ffffff"
     bordercolor="#666666"
     borderopacity="1.0"
     inkscape:showpageshadow="2"
     inkscape:pageopacity="0.0"
     inkscape:pagecheckerboard="0"
     inkscape:deskcolor="#d1d1d1"
     showgrid="false"
     inkscape:zoom="5.8142857"
     inkscape:cx="50.04914"
     inkscape:cy="70"
     inkscape:window-width="1920"
     inkscape:window-height="1017"
     inkscape:window-x="-8"
     inkscape:window-y="-8"
     inkscape:window-maximized="1"
     inkscape:current-layer="svg47" />
  <rect
     x="0.5"
     y="0.5"
     width="99px"
     height="139px"
     rx="4px"
     ry="4px"
     style="fill:#feea87;fill-opacity:1;stroke:#000000;stroke-opacity:1;opacity:0.99999999;stroke-width:1;stroke-dasharray:none;stroke-linejoin:miter;stroke-linecap:butt"
     id="rect2" />
  <g
     aria-label="2"
     transform="scale(0.97884062,1.0216168)"
     id="text6170"
     style="font-weight:bold;font-size:28.5217px;line-height:1.25;font-family:Roboto;-inkscape-font-specification:'Roboto Bold';letter-spacing:0px;word-spacing:0px;stroke-width:0.713042">
    <path
       d="M 22.475564,25.449888 H 8.5768055 V 22.692419 L 15.136239,15.70126 q 1.350882,-1.47622 1.991506,-2.576423 0.654551,-1.100202 0.654551,-2.088991 0,-1.3508817 -0.682404,-2.1168454 -0.682404,-0.7798902 -1.949726,-0.7798902 -1.364808,0 -2.158625,0.9470096 -0.77989,0.933083 -0.77989,2.46501 H 8.1729338 q 0,-1.8522391 0.8773765,-3.3841664 Q 9.9416134,6.6350364 11.5571,5.7715865 13.172587,4.89421 15.219799,4.89421 q 3.133488,0 4.860387,1.504074 1.740827,1.504074 1.740827,4.247616 0,1.504074 -0.77989,3.063855 -0.779891,1.55978 -2.67391,3.634845 l -4.609708,4.860388 h 8.718059 z"
       id="path455" />
  </g>
  <g
     aria-label="2"
     transform="scale(0.97884307,1.0216142)"
     id="text6950"
     style="font-weight:bold;font-size:28.5216px;line-height:1.25;font-family:Roboto;-inkscape-font-specification:'Roboto Bold';letter-spacing:0px;word-spacing:0px;stroke-width:0.71305">
    <path
       d="M 93.988491,132.14381 H 80.089782 v -2.75746 l 6.559411,-6.99113 q 1.350876,-1.47622 1.991498,-2.57641 0.654549,-1.1002 0.654549,-2.08899 0,-1.35088 -0.682402,-2.11684 -0.682401,-0.77988 -1.949719,-0.77988 -1.364803,0 -2.158617,0.947 -0.779887,0.93308 -0.779887,2.465 h -4.038704 q 0,-1.85223 0.877374,-3.38415 0.8913,-1.53192 2.506781,-2.39537 1.615481,-0.87737 3.662686,-0.87737 3.133477,0 4.860371,1.50407 1.74082,1.50406 1.74082,4.2476 0,1.50407 -0.779888,3.06384 -0.779887,1.55978 -2.6739,3.63483 l -4.609692,4.86037 h 8.718028 z"
       id="path458" />
  </g>
  <g
     class=""
     transform="matrix(0.04579754,0,0,0.04428979,73.581963,4.2097346)"
     id="g19532">
    <path
       d="m 103.432,17.844 c -1.118,0.005 -2.234,0.032 -3.348,0.08 -2.547,0.11 -5.083,0.334 -7.604,0.678 -20.167,2.747 -39.158,13.667 -52.324,33.67 -24.613,37.4 2.194,98.025 56.625,98.025 0.536,0 1.058,-0.012 1.583,-0.022 v 0.704 h 60.565 c -10.758,31.994 -30.298,66.596 -52.448,101.43 -2.162,3.4 -4.254,6.878 -6.29,10.406 l 34.878,35.733 -56.263,9.423 c -32.728,85.966 -27.42,182.074 48.277,182.074 v -0.002 l 9.31,0.066 c 23.83,-0.57 46.732,-4.298 61.325,-12.887 4.174,-2.458 7.63,-5.237 10.467,-8.42 h -32.446 c -20.33,5.95 -40.8,-6.94 -47.396,-25.922 -8.956,-25.77 7.52,-52.36 31.867,-60.452 5.803,-1.93 11.723,-2.834 17.565,-2.834 v -0.406 h 178.33 c -0.57,-44.403 16.35,-90.125 49.184,-126 23.955,-26.176 42.03,-60.624 51.3,-94.846 l -41.225,-24.932 38.272,-6.906 -43.37,-25.807 h -0.005 l 0.002,-0.002 0.002,0.002 52.127,-8.85 C 457.16,52.713 433.552,23.734 385.022,23.734 341.14,32.26 222.11,35.29 149.34,28.496 134.452,21.733 118.793,17.773 103.432,17.844 Z m 0.464,18.703 c 13.137,0.043 27.407,3.804 41.247,10.63 l 0.033,-0.07 c 4.667,4.735 8.542,9.737 11.68,14.985 H 82.92 l 10.574,14.78 c 10.608,14.83 19.803,31.99 21.09,42.024 0.643,5.017 -0.11,7.167 -1.814,8.836 -1.705,1.67 -6.228,3.875 -15.99,3.875 -40.587,0 -56.878,-44.952 -41.012,-69.06 C 66.238,46.64 79.582,39.22 95.002,37.12 c 2.89,-0.395 5.863,-0.583 8.894,-0.573 z M 118.5,80.78 h 46.28 c 4.275,15.734 3.656,33.07 -0.544,51.51 H 131.52 c 1.9,-5.027 2.268,-10.574 1.6,-15.77 -1.527,-11.913 -7.405,-24.065 -14.62,-35.74 z m 101.553,317.095 c 6.44,6.84 11.192,15.31 13.37,24.914 3.797,16.736 3.092,31.208 -1.767,43.204 -4.526,11.175 -12.576,19.79 -22.29,26 h 237.19 c 14.448,0 24.887,-5.678 32.2,-14.318 7.312,-8.64 11.2,-20.514 10.705,-32.352 -0.186,-4.473 -0.978,-8.913 -2.407,-13.18 l -69.91,-8.205 42.017,-20.528 c -8.32,-3.442 -18.64,-5.537 -31.375,-5.537 H 220.053 Z m -42.668,0.506 c -1.152,-0.003 -2.306,0.048 -3.457,0.153 -2.633,0.242 -5.256,0.775 -7.824,1.63 -15.11,5.02 -25.338,21.54 -20.11,36.583 3.673,10.57 15.347,17.71 25.654,13.938 l 1.555,-0.57 h 43.354 c 0.946,-6.36 0.754,-13.882 -1.358,-23.192 -3.71,-16.358 -20.543,-28.483 -37.815,-28.54 z"
       fill="#000000"
       fill-opacity="1"
       id="path19530" />
  </g>
  <g
     class=""
     transform="matrix(0.04579754,0,0,0.04428979,3.5819628,113.20973)"
     id="g19532-1">
    <path
       d="m 103.432,17.844 c -1.118,0.005 -2.234,0.032 -3.348,0.08 -2.547,0.11 -5.083,0.334 -7.604,0.678 -20.167,2.747 -39.158,13.667 -52.324,33.67 -24.613,37.4 2.194,98.025 56.625,98.025 0.536,0 1.058,-0.012 1.583,-0.022 v 0.704 h 60.565 c -10.758,31.994 -30.298,66.596 -52.448,101.43 -2.162,3.4 -4.254,6.878 -6.29,10.406 l 34.878,35.733 -56.263,9.423 c -32.728,85.966 -27.42,182.074 48.277,182.074 v -0.002 l 9.31,0.066 c 23.83,-0.57 46.732,-4.298 61.325,-12.887 4.174,-2.458 7.63,-5.237 10.467,-8.42 h -32.446 c -20.33,5.95 -40.8,-6.94 -47.396,-25.922 -8.956,-25.77 7.52,-52.36 31.867,-60.452 5.803,-1.93 11.723,-2.834 17.565,-2.834 v -0.406 h 178.33 c -0.57,-44.403 16.35,-90.125 49.184,-126 23.955,-26.176 42.03,-60.624 51.3,-94.846 l -41.225,-24.932 38.272,-6.906 -43.37,-25.807 h -0.005 l 0.002,-0.002 0.002,0.002 52.127,-8.85 C 457.16,52.713 433.552,23.734 385.022,23.734 341.14,32.26 222.11,35.29 149.34,28.496 134.452,21.733 118.793,17.773 103.432,17.844 Z m 0.464,18.703 c 13.137,0.043 27.407,3.804 41.247,10.63 l 0.033,-0.07 c 4.667,4.735 8.542,9.737 11.68,14.985 H 82.92 l 10.574,14.78 c 10.608,14.83 19.803,31.99 21.09,42.024 0.643,5.017 -0.11,7.167 -1.814,8.836 -1.705,1.67 -6.228,3.875 -15.99,3.875 -40.587,0 -56.878,-44.952 -41.012,-69.06 C 66.238,46.64 79.582,39.22 95.002,37.12 c 2.89,-0.395 5.863,-0.583 8.894,-0.573 z M 118.5,80.78 h 46.28 c 4.275,15.734 3.656,33.07 -0.544,51.51 H 131.52 c 1.9,-5.027 2.268,-10.574 1.6,-15.77 -1.527,-11.913 -7.405,-24.065 -14.62,-35.74 z m 101.553,317.095 c 6.44,6.84 11.192,15.31 13.37,24.914 3.797,16.736 3.092,31.208 -1.767,43.204 -4.526,11.175 -12.576,19.79 -22.29,26 h 237.19 c 14.448,0 24.887,-5.678 32.2,-14.318 7.312,-8.64 11.2,-20.514 10.705,-32.352 -0.186,-4.473 -0.978,-8.913 -2.407,-13.18 l -69.91,-8.205 42.017,-20.528 c -8.32,-3.442 -18.64,-5.537 -31.375,-5.537 H 220.053 Z m -42.668,0.506 c -1.152,-0.003 -2.306,0.048 -3.457,0.153 -2.633,0.242 -5.256,0.775 -7.824,1.63 -15.11,5.02 -25.338,21.54 -20.11,36.583 3.673,10.57 15.347,17.71 25.654,13.938 l 1.555,-0.57 h 43.354 c 0.946,-6.36 0.754,-13.882 -1.358,-23.192 -3.71,-16.358 -20.543,-28.483 -37.815,-28.54 z"
       fill="#000000"
       fill-opacity="1"
       id="path19530-6" />
  </g>
  <g
     class=""
     transform="matrix(0.15265846,0,0,0.14763262,10.27321,32.365782)"
     id="g19532-4"
     style="fill:#000000;fill-opacity:0.247059">
    <path
       d="m 103.432,17.844 c -1.118,0.005 -2.234,0.032 -3.348,0.08 -2.547,0.11 -5.083,0.334 -7.604,0.678 -20.167,2.747 -39.158,13.667 -52.324,33.67 -24.613,37.4 2.194,98.025 56.625,98.025 0.536,0 1.058,-0.012 1.583,-0.022 v 0.704 h 60.565 c -10.758,31.994 -30.298,66.596 -52.448,101.43 -2.162,3.4 -4.254,6.878 -6.29,10.406 l 34.878,35.733 -56.263,9.423 c -32.728,85.966 -27.42,182.074 48.277,182.074 v -0.002 l 9.31,0.066 c 23.83,-0.57 46.732,-4.298 61.325,-12.887 4.174,-2.458 7.63,-5.237 10.467,-8.42 h -32.446 c -20.33,5.95 -40.8,-6.94 -47.396,-25.922 -8.956,-25.77 7.52,-52.36 31.867,-60.452 5.803,-1.93 11.723,-2.834 17.565,-2.834 v -0.406 h 178.33 c -0.57,-44.403 16.35,-90.125 49.184,-126 23.955,-26.176 42.03,-60.624 51.3,-94.846 l -41.225,-24.932 38.272,-6.906 -43.37,-25.807 h -0.005 l 0.002,-0.002 0.002,0.002 52.127,-8.85 C 457.16,52.713 433.552,23.734 385.022,23.734 341.14,32.26 222.11,35.29 149.34,28.496 134.452,21.733 118.793,17.773 103.432,17.844 Z m 0.464,18.703 c 13.137,0.043 27.407,3.804 41.247,10.63 l 0.033,-0.07 c 4.667,4.735 8.542,9.737 11.68,14.985 H 82.92 l 10.574,14.78 c 10.608,14.83 19.803,31.99 21.09,42.024 0.643,5.017 -0.11,7.167 -1.814,8.836 -1.705,1.67 -6.228,3.875 -15.99,3.875 -40.587,0 -56.878,-44.952 -41.012,-69.06 C 66.238,46.64 79.582,39.22 95.002,37.12 c 2.89,-0.395 5.863,-0.583 8.894,-0.573 z M 118.5,80.78 h 46.28 c 4.275,15.734 3.656,33.07 -0.544,51.51 H 131.52 c 1.9,-5.027 2.268,-10.574 1.6,-15.77 -1.527,-11.913 -7.405,-24.065 -14.62,-35.74 z m 101.553,317.095 c 6.44,6.84 11.192,15.31 13.37,24.914 3.797,16.736 3.092,31.208 -1.767,43.204 -4.526,11.175 -12.576,19.79 -22.29,26 h 237.19 c 14.448,0 24.887,-5.678 32.2,-14.318 7.312,-8.64 11.2,-20.514 10.705,-32.352 -0.186,-4.473 -0.978,-8.913 -2.407,-13.18 l -69.91,-8.205 42.017,-20.528 c -8.32,-3.442 -18.64,-5.537 -31.375,-5.537 H 220.053 Z m -42.668,0.506 c -1.152,-0.003 -2.306,0.048 -3.457,0.153 -2.633,0.242 -5.256,0.775 -7.824,1.63 -15.11,5.02 -25.338,21.54 -20.11,36.583 3.673,10.57 15.347,17.71 25.654,13.938 l 1.555,-0.57 h 43.354 c 0.946,-6.36 0.754,-13.882 -1.358,-23.192 -3.71,-16.358 -20.543,-28.483 -37.815,-28.54 z"
       fill="#000000"
       fill-opacity="1"
       id="path19530-0"
       style="fill:#000000;fill-opacity:0.247059" />
  </g>
</svg>
