<?xml version="1.0" encoding="UTF-8" standalone="no"?>
<svg
   width="100px"
   height="140px"
   viewbox="0 0 100 140"
   version="1.1"
   id="svg47"
   sodipodi:docname="card-string.svg"
   inkscape:export-filename="card-back.png"
   inkscape:export-xdpi="96"
   inkscape:export-ydpi="96"
   inkscape:version="1.2.2 (732a01da63, 2022-12-09)"
   xmlns:inkscape="http://www.inkscape.org/namespaces/inkscape"
   xmlns:sodipodi="http://sodipodi.sourceforge.net/DTD/sodipodi-0.dtd"
   xmlns="http://www.w3.org/2000/svg"
   xmlns:svg="http://www.w3.org/2000/svg">
  <defs
     id="defs51" />
  <sodipodi:namedview
     id="namedview49"
     pagecolor="#ffffff"
     bordercolor="#666666"
     borderopacity="1.0"
     inkscape:showpageshadow="2"
     inkscape:pageopacity="0.0"
     inkscape:pagecheckerboard="0"
     inkscape:deskcolor="#d1d1d1"
     showgrid="false"
     inkscape:zoom="5.8142857"
     inkscape:cx="50.04914"
     inkscape:cy="70"
     inkscape:window-width="1920"
     inkscape:window-height="1017"
     inkscape:window-x="-8"
     inkscape:window-y="-8"
     inkscape:window-maximized="1"
     inkscape:current-layer="svg47" />
  <rect
     x="0.5"
     y="0.5"
     width="99px"
     height="139px"
     rx="4px"
     ry="4px"
     style="fill:#f6ac4d;fill-opacity:1;stroke:#000000;stroke-opacity:1;opacity:0.99999999;stroke-width:1;stroke-dasharray:none;stroke-linejoin:miter;stroke-linecap:butt"
     id="rect2" />
  <g
     aria-label="3"
     transform="scale(0.99321756,1.0068288)"
     id="text14048"
     style="font-size:28.5537px;line-height:1.25;letter-spacing:0px;word-spacing:0px;stroke-width:0.71384">
    <path
       d="m 12.641626,13.610269 h 2.147104 q 1.533646,0 2.272585,-0.766823 0.738938,-0.766823 0.738938,-2.035567 0,-1.2269166 -0.738938,-1.9100862 -0.724996,-0.6831696 -2.007682,-0.6831696 -1.157206,0 -1.937971,0.6413429 -0.780765,0.6274006 -0.780765,1.6451839 H 8.3055906 q 0,-1.589415 0.8504764,-2.8442162 0.864419,-1.2687435 2.398065,-1.9797975 1.547588,-0.7110541 3.401905,-0.7110541 3.220657,0 5.04709,1.5475882 1.826433,1.533646 1.826433,4.2384396 0,1.394224 -0.850477,2.565372 -0.850476,1.171147 -2.230758,1.798548 1.714896,0.613458 2.55143,1.840375 0.850476,1.226917 0.850476,2.899985 0,2.704794 -1.979797,4.336036 -1.965856,1.631241 -5.214397,1.631241 -3.039407,0 -4.977378,-1.603357 -1.9240286,-1.603357 -1.9240286,-4.23844 h 4.0293066 q 0,1.143264 0.850476,1.86826 0.864419,0.724996 2.11922,0.724996 1.43605,0 2.2447,-0.75288 0.822592,-0.766823 0.822592,-2.021625 0,-3.039407 -3.346137,-3.039407 h -2.133162 z"
       style="font-weight:bold;font-family:Roboto;-inkscape-font-specification:'Roboto Bold'"
       id="path18674" />
  </g>
  <g
     aria-label="3"
     transform="scale(0.99321752,1.0068288)"
     id="text14048-1"
     style="font-size:28.5537px;line-height:1.25;letter-spacing:0px;word-spacing:0px;stroke-width:0.71384">
    <path
       d="m 83.119641,121.87099 h 2.147105 q 1.533646,0 2.272584,-0.76683 0.738939,-0.76682 0.738939,-2.03556 0,-1.22692 -0.738939,-1.91009 -0.724996,-0.68317 -2.007682,-0.68317 -1.157205,0 -1.93797,0.64135 -0.780766,0.6274 -0.780766,1.64518 h -4.029306 q 0,-1.58942 0.850476,-2.84422 0.864419,-1.26874 2.398065,-1.97979 1.547588,-0.71106 3.401906,-0.71106 3.220656,0 5.047089,1.54759 1.826433,1.53365 1.826433,4.23844 0,1.39422 -0.850476,2.56537 -0.850477,1.17115 -2.230758,1.79855 1.714895,0.61346 2.551429,1.84037 0.850476,1.22692 0.850476,2.89999 0,2.70479 -1.979797,4.33604 -1.965855,1.63124 -5.214396,1.63124 -3.039408,0 -4.977379,-1.60336 -1.924028,-1.60336 -1.924028,-4.23844 h 4.029306 q 0,1.14326 0.850476,1.86826 0.864419,0.725 2.11922,0.725 1.436051,0 2.2447,-0.75289 0.822592,-0.76682 0.822592,-2.02162 0,-3.03941 -3.346136,-3.03941 h -2.133163 z"
       style="font-weight:bold;font-family:Roboto;-inkscape-font-specification:'Roboto Bold'"
       id="path18677" />
  </g>
  <g
     class=""
     transform="matrix(0.04517805,0,0,0.04518413,73.93504,3.9332027)"
     id="g38520">
    <path
       d="m 375.2,23.61 -12.7,12.7 24.5,24.5 c 0.5,-1.2 1,-2.3 1.5,-3.5 2.4,-6.6 4.1,-12.4 4.9,-15.5 z m 33.3,30.5 c -0.9,3 -1.9,5.9 -3.3,9.6 -4,10.8 -9.1,23.4 -20.2,30.4 -4,2.4 -8.1,2.6 -11.2,2.3 -3.1,-0.3 -5.6,-1.1 -7.5,-1.6 -1.7,-0.4 -2.6,-0.6 -3.2,-0.7 -0.6,0.9 -1.2,2.2 -1.6,4.5 -0.8,3.19 -1,7.49 -0.8,11.59 0.1,6 0.7,10.5 1.2,13.1 l 26.8,26.8 c 2.6,0.4 7.1,1 13,1.2 7.5,0.1 14.3,-1.8 16,-2.7 -0.1,-0.8 -0.2,-1.4 -0.6,-2.9 -0.5,-2 -1.3,-4.5 -1.7,-7.6 -0.3,-3.1 0,-7.3 2.3,-11.2 7,-11.1 19.6,-16.2 30.5,-20.3 3.6,-1.4 6.6,-2.2 9.6,-3.1 L 441.4,70.61 Z m -67.2,3.4 -12.7,12.7 17.4,17.5 c 1.3,-2.9 3,-5.6 5.6,-7.9 2.5,-2.2 5.6,-3.3 8.3,-3.7 z m 128.9,60.99 c -3.2,0.8 -9.1,2.4 -15.7,5 -1.1,0.4 -2.2,0.8 -3.4,1.3 l 24.6,24.6 12.7,-12.7 z m -120.7,17.9 -132.1,125.9 9.8,9.8 129,-129 z m 86.3,15.5 c -0.4,2.8 -1.5,6 -3.8,8.5 -2.3,2.5 -4.8,4.3 -7.5,5.6 l 17.3,17.3 12.7,-12.7 z m -66.9,3.9 -128.9,129.1 9.7,9.6 125.9,-132 z m -226.3,94.5 c -30.4,0 -60.87,11.6 -84.13,34.9 -46.53,46.5 -46.53,121.7 0,168.3 46.53,46.5 121.73,46.5 168.33,0 35.8,-35.9 43.9,-88.5 24.7,-132.2 l -94.7,94.7 14.9,14.9 -12.8,12.7 -90.46,-90.5 12.73,-12.7 14.75,14.7 94.78,-94.7 C 175.4,253.6 159,250.3 142.6,250.3 Z m 60.6,23.2 -94.5,94.4 11.3,11.3 94.5,-94.4 z m 24,24 -94.5,94.5 11.2,11.2 94.6,-94.4 z"
       fill="#000000"
       fill-opacity="1"
       id="path38518" />
  </g>
  <g
     class=""
     transform="matrix(0.04517805,0,0,0.04518413,3.9350405,112.93321)"
     id="g38520-6">
    <path
       d="m 375.2,23.61 -12.7,12.7 24.5,24.5 c 0.5,-1.2 1,-2.3 1.5,-3.5 2.4,-6.6 4.1,-12.4 4.9,-15.5 z m 33.3,30.5 c -0.9,3 -1.9,5.9 -3.3,9.6 -4,10.8 -9.1,23.4 -20.2,30.4 -4,2.4 -8.1,2.6 -11.2,2.3 -3.1,-0.3 -5.6,-1.1 -7.5,-1.6 -1.7,-0.4 -2.6,-0.6 -3.2,-0.7 -0.6,0.9 -1.2,2.2 -1.6,4.5 -0.8,3.19 -1,7.49 -0.8,11.59 0.1,6 0.7,10.5 1.2,13.1 l 26.8,26.8 c 2.6,0.4 7.1,1 13,1.2 7.5,0.1 14.3,-1.8 16,-2.7 -0.1,-0.8 -0.2,-1.4 -0.6,-2.9 -0.5,-2 -1.3,-4.5 -1.7,-7.6 -0.3,-3.1 0,-7.3 2.3,-11.2 7,-11.1 19.6,-16.2 30.5,-20.3 3.6,-1.4 6.6,-2.2 9.6,-3.1 L 441.4,70.61 Z m -67.2,3.4 -12.7,12.7 17.4,17.5 c 1.3,-2.9 3,-5.6 5.6,-7.9 2.5,-2.2 5.6,-3.3 8.3,-3.7 z m 128.9,60.99 c -3.2,0.8 -9.1,2.4 -15.7,5 -1.1,0.4 -2.2,0.8 -3.4,1.3 l 24.6,24.6 12.7,-12.7 z m -120.7,17.9 -132.1,125.9 9.8,9.8 129,-129 z m 86.3,15.5 c -0.4,2.8 -1.5,6 -3.8,8.5 -2.3,2.5 -4.8,4.3 -7.5,5.6 l 17.3,17.3 12.7,-12.7 z m -66.9,3.9 -128.9,129.1 9.7,9.6 125.9,-132 z m -226.3,94.5 c -30.4,0 -60.87,11.6 -84.13,34.9 -46.53,46.5 -46.53,121.7 0,168.3 46.53,46.5 121.73,46.5 168.33,0 35.8,-35.9 43.9,-88.5 24.7,-132.2 l -94.7,94.7 14.9,14.9 -12.8,12.7 -90.46,-90.5 12.73,-12.7 14.75,14.7 94.78,-94.7 C 175.4,253.6 159,250.3 142.6,250.3 Z m 60.6,23.2 -94.5,94.4 11.3,11.3 94.5,-94.4 z m 24,24 -94.5,94.5 11.2,11.2 94.6,-94.4 z"
       fill="#000000"
       fill-opacity="1"
       id="path38518-5" />
  </g>
  <g
     class=""
     transform="matrix(0.1505935,0,0,0.15061375,11.450135,31.444009)"
     id="g38520-3"
     style="fill:#000000;fill-opacity:0.24705882">
    <path
       d="m 375.2,23.61 -12.7,12.7 24.5,24.5 c 0.5,-1.2 1,-2.3 1.5,-3.5 2.4,-6.6 4.1,-12.4 4.9,-15.5 z m 33.3,30.5 c -0.9,3 -1.9,5.9 -3.3,9.6 -4,10.8 -9.1,23.4 -20.2,30.4 -4,2.4 -8.1,2.6 -11.2,2.3 -3.1,-0.3 -5.6,-1.1 -7.5,-1.6 -1.7,-0.4 -2.6,-0.6 -3.2,-0.7 -0.6,0.9 -1.2,2.2 -1.6,4.5 -0.8,3.19 -1,7.49 -0.8,11.59 0.1,6 0.7,10.5 1.2,13.1 l 26.8,26.8 c 2.6,0.4 7.1,1 13,1.2 7.5,0.1 14.3,-1.8 16,-2.7 -0.1,-0.8 -0.2,-1.4 -0.6,-2.9 -0.5,-2 -1.3,-4.5 -1.7,-7.6 -0.3,-3.1 0,-7.3 2.3,-11.2 7,-11.1 19.6,-16.2 30.5,-20.3 3.6,-1.4 6.6,-2.2 9.6,-3.1 L 441.4,70.61 Z m -67.2,3.4 -12.7,12.7 17.4,17.5 c 1.3,-2.9 3,-5.6 5.6,-7.9 2.5,-2.2 5.6,-3.3 8.3,-3.7 z m 128.9,60.99 c -3.2,0.8 -9.1,2.4 -15.7,5 -1.1,0.4 -2.2,0.8 -3.4,1.3 l 24.6,24.6 12.7,-12.7 z m -120.7,17.9 -132.1,125.9 9.8,9.8 129,-129 z m 86.3,15.5 c -0.4,2.8 -1.5,6 -3.8,8.5 -2.3,2.5 -4.8,4.3 -7.5,5.6 l 17.3,17.3 12.7,-12.7 z m -66.9,3.9 -128.9,129.1 9.7,9.6 125.9,-132 z m -226.3,94.5 c -30.4,0 -60.87,11.6 -84.13,34.9 -46.53,46.5 -46.53,121.7 0,168.3 46.53,46.5 121.73,46.5 168.33,0 35.8,-35.9 43.9,-88.5 24.7,-132.2 l -94.7,94.7 14.9,14.9 -12.8,12.7 -90.46,-90.5 12.73,-12.7 14.75,14.7 94.78,-94.7 C 175.4,253.6 159,250.3 142.6,250.3 Z m 60.6,23.2 -94.5,94.4 11.3,11.3 94.5,-94.4 z m 24,24 -94.5,94.5 11.2,11.2 94.6,-94.4 z"
       fill="#000000"
       fill-opacity="1"
       id="path38518-1"
       style="fill:#000000;fill-opacity:0.24705882" />
  </g>
</svg>
