<?xml version="1.0" encoding="UTF-8" standalone="no"?>
<svg
   width="100px"
   height="140px"
   viewbox="0 0 100 140"
   version="1.1"
   id="svg47"
   sodipodi:docname="card-flute.svg"
   inkscape:export-filename="card-back.png"
   inkscape:export-xdpi="96"
   inkscape:export-ydpi="96"
   inkscape:version="1.2.2 (732a01da63, 2022-12-09)"
   xmlns:inkscape="http://www.inkscape.org/namespaces/inkscape"
   xmlns:sodipodi="http://sodipodi.sourceforge.net/DTD/sodipodi-0.dtd"
   xmlns="http://www.w3.org/2000/svg"
   xmlns:svg="http://www.w3.org/2000/svg">
  <defs
     id="defs51" />
  <sodipodi:namedview
     id="namedview49"
     pagecolor="#ffffff"
     bordercolor="#666666"
     borderopacity="1.0"
     inkscape:showpageshadow="2"
     inkscape:pageopacity="0.0"
     inkscape:pagecheckerboard="0"
     inkscape:deskcolor="#d1d1d1"
     showgrid="false"
     inkscape:zoom="5.8142857"
     inkscape:cx="50.04914"
     inkscape:cy="70"
     inkscape:window-width="1920"
     inkscape:window-height="1017"
     inkscape:window-x="-8"
     inkscape:window-y="-8"
     inkscape:window-maximized="1"
     inkscape:current-layer="svg47" />
  <rect
     x="0.5"
     y="0.5"
     width="99px"
     height="139px"
     rx="4px"
     ry="4px"
     style="fill:#ccb1d2;fill-opacity:1;stroke:#000000;stroke-opacity:1;opacity:0.99999999;stroke-width:1;stroke-dasharray:none;stroke-linejoin:miter;stroke-linecap:butt"
     id="rect2" />
  <g
     aria-label="2"
     transform="scale(0.97884062,1.0216168)"
     id="text6170"
     style="font-weight:bold;font-size:28.5217px;line-height:1.25;font-family:Roboto;-inkscape-font-specification:'Roboto Bold';letter-spacing:0px;word-spacing:0px;stroke-width:0.713042">
    <path
       d="M 22.475564,25.449888 H 8.5768055 V 22.692419 L 15.136239,15.70126 q 1.350882,-1.47622 1.991506,-2.576423 0.654551,-1.100202 0.654551,-2.088991 0,-1.3508817 -0.682404,-2.1168454 -0.682404,-0.7798902 -1.949726,-0.7798902 -1.364808,0 -2.158625,0.9470096 -0.77989,0.933083 -0.77989,2.46501 H 8.1729338 q 0,-1.8522391 0.8773765,-3.3841664 Q 9.9416134,6.6350364 11.5571,5.7715865 13.172587,4.89421 15.219799,4.89421 q 3.133488,0 4.860387,1.504074 1.740827,1.504074 1.740827,4.247616 0,1.504074 -0.77989,3.063855 -0.779891,1.55978 -2.67391,3.634845 l -4.609708,4.860388 h 8.718059 z"
       id="path455" />
  </g>
  <g
     aria-label="2"
     transform="scale(0.97884307,1.0216142)"
     id="text6950"
     style="font-weight:bold;font-size:28.5216px;line-height:1.25;font-family:Roboto;-inkscape-font-specification:'Roboto Bold';letter-spacing:0px;word-spacing:0px;stroke-width:0.71305">
    <path
       d="M 93.988491,132.14381 H 80.089782 v -2.75746 l 6.559411,-6.99113 q 1.350876,-1.47622 1.991498,-2.57641 0.654549,-1.1002 0.654549,-2.08899 0,-1.35088 -0.682402,-2.11684 -0.682401,-0.77988 -1.949719,-0.77988 -1.364803,0 -2.158617,0.947 -0.779887,0.93308 -0.779887,2.465 h -4.038704 q 0,-1.85223 0.877374,-3.38415 0.8913,-1.53192 2.506781,-2.39537 1.615481,-0.87737 3.662686,-0.87737 3.133477,0 4.860371,1.50407 1.74082,1.50406 1.74082,4.2476 0,1.50407 -0.779888,3.06384 -0.779887,1.55978 -2.6739,3.63483 l -4.609692,4.86037 h 8.718028 z"
       id="path458" />
  </g>
  <g
     class=""
     id="g3393"
     transform="matrix(0.15237275,0,0,0.15237195,10.992555,30.994141)"
     style="fill:#000000;fill-opacity:0.247059">
    <path
       d="m 449.4,26.29 c -5.4,2.56 -14.6,7 -27.2,14.14 -17.6,9.98 -37.7,23.64 -45.9,34.27 -1.8,2.33 -5,10.39 -6.8,17.25 -1.2,4.49 -1.4,6.02 -1.8,8.25 l 44,44 c 2.2,-0.4 3.8,-0.6 8.3,-1.8 6.9,-1.8 15,-5 17.3,-6.8 10.6,-8.2 24.3,-28.2 34.2,-45.79 C 478.7,77.19 483.1,68 485.7,62.57 Z M 435,54.32 457.7,76.95 444.9,89.69 422.2,67.06 Z M 357.9,115.8 42.49,431.3 c 7.86,3 15.66,8.3 22.77,15.4 7.09,7.1 12.37,14.9 15.42,22.7 L 396.1,154 Z m -8.3,30.7 a 16,16 0 0 1 0.1,0 16,16 0 0 1 11.1,4.7 16,16 0 0 1 0,22.6 16,16 0 0 1 -22.7,0 16,16 0 0 1 0,-22.6 16,16 0 0 1 11.5,-4.7 z m -45.1,45.3 a 16,16 0 0 1 11,4.6 16,16 0 0 1 0,22.7 16,16 0 0 1 -22.6,0 16,16 0 0 1 0,-22.7 16,16 0 0 1 11.6,-4.6 z M 259.2,237 a 16,16 0 0 1 11.1,4.7 16,16 0 0 1 0,22.6 16,16 0 0 1 -22.6,0 16,16 0 0 1 0,-22.6 16,16 0 0 1 11.5,-4.7 z m -45.3,45.3 a 16,16 0 0 1 0.1,0 16,16 0 0 1 11,4.7 16,16 0 0 1 0,22.6 16,16 0 0 1 -22.6,0 16,16 0 0 1 0,-22.6 16,16 0 0 1 11.5,-4.7 z m -45.2,45.3 a 16,16 0 0 1 11.1,4.6 16,16 0 0 1 0,22.7 16,16 0 0 1 -22.7,0 16,16 0 0 1 0,-22.7 16,16 0 0 1 11.6,-4.6 z M 29.04,446.5 c -1.44,0 -2.13,0.4 -2.25,0.5 -0.21,0.2 -1.2,2.3 0.43,7.5 1.7,5.2 5.87,12.1 12.02,18.2 6.15,6.2 13.01,10.4 18.24,12.1 5.16,1.6 7.29,0.6 7.5,0.4 0.21,-0.2 1.2,-2.4 -0.43,-7.5 -1.69,-5.2 -5.87,-12.1 -12.02,-18.3 -6.15,-6.1 -13.01,-10.3 -18.24,-12 -1.93,-0.6 -3.44,-0.8 -4.58,-0.9 z"
       fill="#000000"
       fill-opacity="1"
       id="path3391"
       style="fill:#000000;fill-opacity:0.247059" />
  </g>
  <g
     class=""
     id="g3393-5"
     transform="matrix(0.04571182,0,0,0.04571159,73.797767,3.7982423)"
     style="fill:#000000;fill-opacity:1">
    <path
       d="m 449.4,26.29 c -5.4,2.56 -14.6,7 -27.2,14.14 -17.6,9.98 -37.7,23.64 -45.9,34.27 -1.8,2.33 -5,10.39 -6.8,17.25 -1.2,4.49 -1.4,6.02 -1.8,8.25 l 44,44 c 2.2,-0.4 3.8,-0.6 8.3,-1.8 6.9,-1.8 15,-5 17.3,-6.8 10.6,-8.2 24.3,-28.2 34.2,-45.79 C 478.7,77.19 483.1,68 485.7,62.57 Z M 435,54.32 457.7,76.95 444.9,89.69 422.2,67.06 Z M 357.9,115.8 42.49,431.3 c 7.86,3 15.66,8.3 22.77,15.4 7.09,7.1 12.37,14.9 15.42,22.7 L 396.1,154 Z m -8.3,30.7 a 16,16 0 0 1 0.1,0 16,16 0 0 1 11.1,4.7 16,16 0 0 1 0,22.6 16,16 0 0 1 -22.7,0 16,16 0 0 1 0,-22.6 16,16 0 0 1 11.5,-4.7 z m -45.1,45.3 a 16,16 0 0 1 11,4.6 16,16 0 0 1 0,22.7 16,16 0 0 1 -22.6,0 16,16 0 0 1 0,-22.7 16,16 0 0 1 11.6,-4.6 z M 259.2,237 a 16,16 0 0 1 11.1,4.7 16,16 0 0 1 0,22.6 16,16 0 0 1 -22.6,0 16,16 0 0 1 0,-22.6 16,16 0 0 1 11.5,-4.7 z m -45.3,45.3 a 16,16 0 0 1 0.1,0 16,16 0 0 1 11,4.7 16,16 0 0 1 0,22.6 16,16 0 0 1 -22.6,0 16,16 0 0 1 0,-22.6 16,16 0 0 1 11.5,-4.7 z m -45.2,45.3 a 16,16 0 0 1 11.1,4.6 16,16 0 0 1 0,22.7 16,16 0 0 1 -22.7,0 16,16 0 0 1 0,-22.7 16,16 0 0 1 11.6,-4.6 z M 29.04,446.5 c -1.44,0 -2.13,0.4 -2.25,0.5 -0.21,0.2 -1.2,2.3 0.43,7.5 1.7,5.2 5.87,12.1 12.02,18.2 6.15,6.2 13.01,10.4 18.24,12.1 5.16,1.6 7.29,0.6 7.5,0.4 0.21,-0.2 1.2,-2.4 -0.43,-7.5 -1.69,-5.2 -5.87,-12.1 -12.02,-18.3 -6.15,-6.1 -13.01,-10.3 -18.24,-12 -1.93,-0.6 -3.44,-0.8 -4.58,-0.9 z"
       fill="#000000"
       fill-opacity="1"
       id="path3391-6"
       style="fill:#000000;fill-opacity:1" />
  </g>
  <g
     class=""
     id="g3393-5-3"
     transform="matrix(0.04571182,0,0,0.04571159,3.7977668,112.79824)"
     style="fill:#000000;fill-opacity:1">
    <path
       d="m 449.4,26.29 c -5.4,2.56 -14.6,7 -27.2,14.14 -17.6,9.98 -37.7,23.64 -45.9,34.27 -1.8,2.33 -5,10.39 -6.8,17.25 -1.2,4.49 -1.4,6.02 -1.8,8.25 l 44,44 c 2.2,-0.4 3.8,-0.6 8.3,-1.8 6.9,-1.8 15,-5 17.3,-6.8 10.6,-8.2 24.3,-28.2 34.2,-45.79 C 478.7,77.19 483.1,68 485.7,62.57 Z M 435,54.32 457.7,76.95 444.9,89.69 422.2,67.06 Z M 357.9,115.8 42.49,431.3 c 7.86,3 15.66,8.3 22.77,15.4 7.09,7.1 12.37,14.9 15.42,22.7 L 396.1,154 Z m -8.3,30.7 a 16,16 0 0 1 0.1,0 16,16 0 0 1 11.1,4.7 16,16 0 0 1 0,22.6 16,16 0 0 1 -22.7,0 16,16 0 0 1 0,-22.6 16,16 0 0 1 11.5,-4.7 z m -45.1,45.3 a 16,16 0 0 1 11,4.6 16,16 0 0 1 0,22.7 16,16 0 0 1 -22.6,0 16,16 0 0 1 0,-22.7 16,16 0 0 1 11.6,-4.6 z M 259.2,237 a 16,16 0 0 1 11.1,4.7 16,16 0 0 1 0,22.6 16,16 0 0 1 -22.6,0 16,16 0 0 1 0,-22.6 16,16 0 0 1 11.5,-4.7 z m -45.3,45.3 a 16,16 0 0 1 0.1,0 16,16 0 0 1 11,4.7 16,16 0 0 1 0,22.6 16,16 0 0 1 -22.6,0 16,16 0 0 1 0,-22.6 16,16 0 0 1 11.5,-4.7 z m -45.2,45.3 a 16,16 0 0 1 11.1,4.6 16,16 0 0 1 0,22.7 16,16 0 0 1 -22.7,0 16,16 0 0 1 0,-22.7 16,16 0 0 1 11.6,-4.6 z M 29.04,446.5 c -1.44,0 -2.13,0.4 -2.25,0.5 -0.21,0.2 -1.2,2.3 0.43,7.5 1.7,5.2 5.87,12.1 12.02,18.2 6.15,6.2 13.01,10.4 18.24,12.1 5.16,1.6 7.29,0.6 7.5,0.4 0.21,-0.2 1.2,-2.4 -0.43,-7.5 -1.69,-5.2 -5.87,-12.1 -12.02,-18.3 -6.15,-6.1 -13.01,-10.3 -18.24,-12 -1.93,-0.6 -3.44,-0.8 -4.58,-0.9 z"
       fill="#000000"
       fill-opacity="1"
       id="path3391-6-9"
       style="fill:#000000;fill-opacity:1" />
  </g>
</svg>
