<?xml version="1.0" encoding="UTF-8" standalone="no"?>
<svg
   width="100px"
   height="140px"
   viewbox="0 0 100 140"
   version="1.1"
   id="svg47"
   sodipodi:docname="card-umbrella.svg"
   inkscape:export-filename="card-back.png"
   inkscape:export-xdpi="96"
   inkscape:export-ydpi="96"
   inkscape:version="1.2.2 (732a01da63, 2022-12-09)"
   xmlns:inkscape="http://www.inkscape.org/namespaces/inkscape"
   xmlns:sodipodi="http://sodipodi.sourceforge.net/DTD/sodipodi-0.dtd"
   xmlns="http://www.w3.org/2000/svg"
   xmlns:svg="http://www.w3.org/2000/svg">
  <defs
     id="defs51" />
  <sodipodi:namedview
     id="namedview49"
     pagecolor="#ffffff"
     bordercolor="#666666"
     borderopacity="1.0"
     inkscape:showpageshadow="2"
     inkscape:pageopacity="0.0"
     inkscape:pagecheckerboard="0"
     inkscape:deskcolor="#d1d1d1"
     showgrid="false"
     inkscape:zoom="5.8142857"
     inkscape:cx="36.891892"
     inkscape:cy="70"
     inkscape:window-width="1920"
     inkscape:window-height="1017"
     inkscape:window-x="-8"
     inkscape:window-y="-8"
     inkscape:window-maximized="1"
     inkscape:current-layer="svg47" />
  <rect
     x="0.5"
     y="0.5"
     width="99px"
     height="139px"
     rx="4px"
     ry="4px"
     style="fill:#8bb4e0;fill-opacity:1;stroke:#000000;stroke-opacity:1;opacity:0.99999999;stroke-width:1;stroke-dasharray:none;stroke-linejoin:miter;stroke-linecap:butt"
     id="rect2" />
  <g
     class=""
     transform="matrix(0.04477908,0,0,0.04598255,73.953289,3.5043428)"
     id="g24778">
    <path
       d="m 258.438,32.53 c -4.628,0.44 -10.283,3.95 -16.657,12.657 -6.842,9.35 -13.723,24.012 -19.593,42.563 -11.094,35.068 -18.797,84.06 -20.875,139.156 h 115.97 c -2.073,-55.1 -9.714,-104.116 -20.75,-139.187 -5.84,-18.553 -12.68,-33.187 -19.5,-42.532 -6.57,-9.003 -12.353,-12.417 -17.063,-12.657 -0.48,0.006 -0.96,-0.01 -1.44,0 -0.03,0.002 -0.06,0 -0.092,0 z m 35.968,4.907 c 7.715,11.575 14.262,26.65 19.938,44.688 11.825,37.578 19.62,88.07 21.687,144.78 h 82.19 C 413.108,172.993 394.584,125.145 367.688,90.655 347.138,64.305 322.061,45.762 294.408,37.437 Z M 223.5,38.782 c -26.088,8.886 -49.81,26.876 -69.438,51.907 -27.044,34.493 -45.687,82.318 -50.812,136.22 h 79.313 c 2.07,-56.722 9.923,-107.234 21.812,-144.813 5.488,-17.346 11.768,-31.932 19.125,-43.313 z m -55.25,10.47 C 91.18,79.186 34.663,146.36 23.375,226.906 H 84.28 C 89.44,169 109.43,117.31 139.345,79.156 148.133,67.946 157.819,57.914 168.251,49.25 Z m 190.313,4.25 c 8.533,7.655 16.523,16.26 23.875,25.688 29.76,38.16 49.604,89.83 54.75,147.718 h 55.156 C 481.597,149.98 430.048,85.248 358.564,53.502 Z M 249.97,245.594 v 171.53 c 0,20.038 -5.565,33.484 -13,41.813 -7.438,8.33 -16.894,11.913 -26.564,11.563 -19.34,-0.7 -40.22,-17.18 -40.22,-53.375 H 151.5 c 0,43.858 28.352,70.98 58.25,72.063 14.95,0.54 30.13,-5.43 41.156,-17.782 11.027,-12.352 17.75,-30.725 17.75,-54.28 V 245.593 H 249.97 Z"
       fill="#000000"
       fill-opacity="1"
       id="path24776" />
  </g>
  <g
     class=""
     transform="matrix(0.04477908,0,0,0.04598255,3.953289,112.50434)"
     id="g24778-3">
    <path
       d="m 258.438,32.53 c -4.628,0.44 -10.283,3.95 -16.657,12.657 -6.842,9.35 -13.723,24.012 -19.593,42.563 -11.094,35.068 -18.797,84.06 -20.875,139.156 h 115.97 c -2.073,-55.1 -9.714,-104.116 -20.75,-139.187 -5.84,-18.553 -12.68,-33.187 -19.5,-42.532 -6.57,-9.003 -12.353,-12.417 -17.063,-12.657 -0.48,0.006 -0.96,-0.01 -1.44,0 -0.03,0.002 -0.06,0 -0.092,0 z m 35.968,4.907 c 7.715,11.575 14.262,26.65 19.938,44.688 11.825,37.578 19.62,88.07 21.687,144.78 h 82.19 C 413.108,172.993 394.584,125.145 367.688,90.655 347.138,64.305 322.061,45.762 294.408,37.437 Z M 223.5,38.782 c -26.088,8.886 -49.81,26.876 -69.438,51.907 -27.044,34.493 -45.687,82.318 -50.812,136.22 h 79.313 c 2.07,-56.722 9.923,-107.234 21.812,-144.813 5.488,-17.346 11.768,-31.932 19.125,-43.313 z m -55.25,10.47 C 91.18,79.186 34.663,146.36 23.375,226.906 H 84.28 C 89.44,169 109.43,117.31 139.345,79.156 148.133,67.946 157.819,57.914 168.251,49.25 Z m 190.313,4.25 c 8.533,7.655 16.523,16.26 23.875,25.688 29.76,38.16 49.604,89.83 54.75,147.718 h 55.156 C 481.597,149.98 430.048,85.248 358.564,53.502 Z M 249.97,245.594 v 171.53 c 0,20.038 -5.565,33.484 -13,41.813 -7.438,8.33 -16.894,11.913 -26.564,11.563 -19.34,-0.7 -40.22,-17.18 -40.22,-53.375 H 151.5 c 0,43.858 28.352,70.98 58.25,72.063 14.95,0.54 30.13,-5.43 41.156,-17.782 11.027,-12.352 17.75,-30.725 17.75,-54.28 V 245.593 H 249.97 Z"
       fill="#000000"
       fill-opacity="1"
       id="path24776-0" />
  </g>
  <g
     class=""
     transform="matrix(0.1492636,0,0,0.15327517,11.510963,30.014476)"
     id="g24778-7"
     style="fill:#000000;fill-opacity:0.247059">
    <path
       d="m 258.438,32.53 c -4.628,0.44 -10.283,3.95 -16.657,12.657 -6.842,9.35 -13.723,24.012 -19.593,42.563 -11.094,35.068 -18.797,84.06 -20.875,139.156 h 115.97 c -2.073,-55.1 -9.714,-104.116 -20.75,-139.187 -5.84,-18.553 -12.68,-33.187 -19.5,-42.532 -6.57,-9.003 -12.353,-12.417 -17.063,-12.657 -0.48,0.006 -0.96,-0.01 -1.44,0 -0.03,0.002 -0.06,0 -0.092,0 z m 35.968,4.907 c 7.715,11.575 14.262,26.65 19.938,44.688 11.825,37.578 19.62,88.07 21.687,144.78 h 82.19 C 413.108,172.993 394.584,125.145 367.688,90.655 347.138,64.305 322.061,45.762 294.408,37.437 Z M 223.5,38.782 c -26.088,8.886 -49.81,26.876 -69.438,51.907 -27.044,34.493 -45.687,82.318 -50.812,136.22 h 79.313 c 2.07,-56.722 9.923,-107.234 21.812,-144.813 5.488,-17.346 11.768,-31.932 19.125,-43.313 z m -55.25,10.47 C 91.18,79.186 34.663,146.36 23.375,226.906 H 84.28 C 89.44,169 109.43,117.31 139.345,79.156 148.133,67.946 157.819,57.914 168.251,49.25 Z m 190.313,4.25 c 8.533,7.655 16.523,16.26 23.875,25.688 29.76,38.16 49.604,89.83 54.75,147.718 h 55.156 C 481.597,149.98 430.048,85.248 358.564,53.502 Z M 249.97,245.594 v 171.53 c 0,20.038 -5.565,33.484 -13,41.813 -7.438,8.33 -16.894,11.913 -26.564,11.563 -19.34,-0.7 -40.22,-17.18 -40.22,-53.375 H 151.5 c 0,43.858 28.352,70.98 58.25,72.063 14.95,0.54 30.13,-5.43 41.156,-17.782 11.027,-12.352 17.75,-30.725 17.75,-54.28 V 245.593 H 249.97 Z"
       fill="#000000"
       fill-opacity="1"
       id="path24776-5"
       style="fill:#000000;fill-opacity:0.247059" />
  </g>
  <g
     aria-label="3"
     transform="scale(0.99321756,1.0068288)"
     id="text14048"
     style="font-size:28.5537px;line-height:1.25;letter-spacing:0px;word-spacing:0px;stroke-width:0.71384">
    <path
       d="m 12.641626,13.610269 h 2.147104 q 1.533646,0 2.272585,-0.766823 0.738938,-0.766823 0.738938,-2.035567 0,-1.2269166 -0.738938,-1.9100862 -0.724996,-0.6831696 -2.007682,-0.6831696 -1.157206,0 -1.937971,0.6413429 -0.780765,0.6274006 -0.780765,1.6451839 H 8.3055906 q 0,-1.589415 0.8504764,-2.8442162 0.864419,-1.2687435 2.398065,-1.9797975 1.547588,-0.7110541 3.401905,-0.7110541 3.220657,0 5.04709,1.5475882 1.826433,1.533646 1.826433,4.2384396 0,1.394224 -0.850477,2.565372 -0.850476,1.171147 -2.230758,1.798548 1.714896,0.613458 2.55143,1.840375 0.850476,1.226917 0.850476,2.899985 0,2.704794 -1.979797,4.336036 -1.965856,1.631241 -5.214397,1.631241 -3.039407,0 -4.977378,-1.603357 -1.9240286,-1.603357 -1.9240286,-4.23844 h 4.0293066 q 0,1.143264 0.850476,1.86826 0.864419,0.724996 2.11922,0.724996 1.43605,0 2.2447,-0.75288 0.822592,-0.766823 0.822592,-2.021625 0,-3.039407 -3.346137,-3.039407 h -2.133162 z"
       style="font-weight:bold;font-family:Roboto;-inkscape-font-specification:'Roboto Bold'"
       id="path428" />
  </g>
  <g
     aria-label="3"
     transform="scale(0.99321752,1.0068288)"
     id="text14048-1"
     style="font-size:28.5537px;line-height:1.25;letter-spacing:0px;word-spacing:0px;stroke-width:0.71384">
    <path
       d="m 83.119641,121.87099 h 2.147105 q 1.533646,0 2.272584,-0.76683 0.738939,-0.76682 0.738939,-2.03556 0,-1.22692 -0.738939,-1.91009 -0.724996,-0.68317 -2.007682,-0.68317 -1.157205,0 -1.93797,0.64135 -0.780766,0.6274 -0.780766,1.64518 h -4.029306 q 0,-1.58942 0.850476,-2.84422 0.864419,-1.26874 2.398065,-1.97979 1.547588,-0.71106 3.401906,-0.71106 3.220656,0 5.047089,1.54759 1.826433,1.53365 1.826433,4.23844 0,1.39422 -0.850476,2.56537 -0.850477,1.17115 -2.230758,1.79855 1.714895,0.61346 2.551429,1.84037 0.850476,1.22692 0.850476,2.89999 0,2.70479 -1.979797,4.33604 -1.965855,1.63124 -5.214396,1.63124 -3.039408,0 -4.977379,-1.60336 -1.924028,-1.60336 -1.924028,-4.23844 h 4.029306 q 0,1.14326 0.850476,1.86826 0.864419,0.725 2.11922,0.725 1.436051,0 2.2447,-0.75289 0.822592,-0.76682 0.822592,-2.02162 0,-3.03941 -3.346136,-3.03941 h -2.133163 z"
       style="font-weight:bold;font-family:Roboto;-inkscape-font-specification:'Roboto Bold'"
       id="path431" />
  </g>
</svg>
