<?xml version="1.0" encoding="UTF-8" standalone="no"?>
<svg
   width="100px"
   height="140px"
   viewbox="0 0 100 140"
   version="1.1"
   id="svg47"
   sodipodi:docname="card-tea.svg"
   inkscape:export-filename="card-back.png"
   inkscape:export-xdpi="96"
   inkscape:export-ydpi="96"
   inkscape:version="1.2.2 (732a01da63, 2022-12-09)"
   xmlns:inkscape="http://www.inkscape.org/namespaces/inkscape"
   xmlns:sodipodi="http://sodipodi.sourceforge.net/DTD/sodipodi-0.dtd"
   xmlns="http://www.w3.org/2000/svg"
   xmlns:svg="http://www.w3.org/2000/svg">
  <defs
     id="defs51" />
  <sodipodi:namedview
     id="namedview49"
     pagecolor="#ffffff"
     bordercolor="#666666"
     borderopacity="1.0"
     inkscape:showpageshadow="2"
     inkscape:pageopacity="0.0"
     inkscape:pagecheckerboard="0"
     inkscape:deskcolor="#d1d1d1"
     showgrid="false"
     inkscape:zoom="5.8142857"
     inkscape:cx="50.04914"
     inkscape:cy="70"
     inkscape:window-width="1920"
     inkscape:window-height="1017"
     inkscape:window-x="-8"
     inkscape:window-y="-8"
     inkscape:window-maximized="1"
     inkscape:current-layer="svg47" />
  <rect
     x="0.5"
     y="0.5"
     width="99px"
     height="139px"
     rx="4px"
     ry="4px"
     style="fill:#9dcc62;fill-opacity:1;stroke:#000000;stroke-opacity:1;opacity:0.99999999;stroke-width:1;stroke-dasharray:none;stroke-linejoin:miter;stroke-linecap:butt"
     id="rect2" />
  <g
     aria-label="4"
     transform="scale(0.95513456,1.0469729)"
     id="text14048"
     style="font-size:28.2132px;line-height:1.25;letter-spacing:0px;word-spacing:0px;stroke-width:0.705327">
    <path
       d="m 20.760386,17.284236 h 2.273036 v 3.209803 h -2.273036 v 4.339432 H 16.779129 V 20.494039 H 8.5548713 L 8.3757836,17.986811 16.737801,4.7756497 h 4.022585 z m -8.417121,0 h 4.435864 v -7.080852 l -0.261743,0.454608 z"
       style="font-weight:bold;font-family:Roboto;-inkscape-font-specification:'Roboto Bold'"
       id="path20346" />
  </g>
  <g
     aria-label="4"
     transform="scale(0.95513456,1.0469729)"
     id="text14048-1"
     style="font-size:28.2132px;line-height:1.25;letter-spacing:0px;word-spacing:0px;stroke-width:0.705327">
    <path
       d="m 94.048486,121.3939 h 2.273036 v 3.2098 h -2.273036 v 4.33943 h -3.981257 v -4.33943 h -8.224258 l -0.179088,-2.50723 8.362018,-13.21116 h 4.022585 z m -8.417122,0 h 4.435865 v -7.08086 l -0.261744,0.45461 z"
       style="font-weight:bold;font-family:Roboto;-inkscape-font-specification:'Roboto Bold'"
       id="path20349" />
  </g>
  <g
     class=""
     transform="matrix(0.15380902,0,0,0.15268103,10.624902,30.913625)"
     id="g47404"
     style="fill:#000000;fill-opacity:0.24705882">
    <path
       d="M 211.445,26.773 C 137.751,25.997 44.26,75.975 42.477,239.486 c -8.545,16.61 -14.032,34.713 -14.032,52.287 0,13.75 4.94,25.406 14.274,36.074 9.334,10.668 23.228,20.078 40.38,27.701 34.305,15.247 81.346,23.225 128.346,23.225 30.105,0 60.22,-3.28 87,-9.639 v -48.361 c 1.9,-6.007 5.104,-12.136 9.104,-15.994 5.237,-4.953 12.015,-8.802 19.986,-11.99 15.943,-6.378 36.846,-10.016 59.91,-10.016 2.203,0 4.379,0.044 6.54,0.11 -2.628,-26.23 -16.394,-52.877 -33.454,-73.348 -9.496,-11.396 -19.956,-20.86 -29.578,-27.274 a 79.937,79.937 0 0 0 -5.707,-3.47 c -1.604,1.517 -3.377,2.904 -5.23,4.167 -6.703,4.57 -15.405,8.262 -25.985,11.436 -21.16,6.348 -49.836,10.379 -82.586,10.379 -32.75,0 -61.426,-4.031 -82.586,-10.38 -10.58,-3.173 -19.281,-6.865 -25.984,-11.435 -1.853,-1.263 -3.627,-2.65 -5.23,-4.168 a 79.938,79.938 0 0 0 -5.707,3.471 c -11.996,9.21 -22.661,18.58 -30.645,28.6 3.094,-90.792 69.745,-166.58 150.152,-166.088 47,0 83.793,7.683 109.42,35.14 18.78,20.121 32.355,52.099 38.274,101.938 5.217,4.882 10.331,10.293 15.22,16.16 a 193.205,193.205 0 0 1 4.871,6.104 C 374.997,138.04 359.598,95.032 334.025,67.632 303.653,35.09 260.445,26.772 211.445,26.772 Z m -9,89 v 25.369 c -15.394,1.095 -37.588,4.946 -56.816,9.361 -12.492,2.869 -26.519,5.525 -36.63,13.985 6.339,6.58 17.481,10.365 25.032,12.664 18.84,5.652 46.164,9.62 77.414,9.62 31.25,0 58.574,-3.968 77.414,-9.62 7.918,-3.755 19.654,-5.043 25.034,-12.664 -10.812,-7.303 -25.474,-11.167 -36.631,-13.985 -19.14,-4.785 -41.423,-8.266 -56.817,-9.361 v -25.37 z M 459.07,151.32 c -12.203,-0.1 -23.82,5.44 -23.627,12.263 18.388,9.998 36.678,10.319 47.11,1.57 6.358,-5.332 -19.468,-13.8 -23.483,-13.833 z m -36.027,25.828 c -12.671,12.753 -27.106,24.45 -41.209,30.433 16.009,21.882 28.415,48.64 30.342,76.663 a 167.562,167.562 0 0 1 15.941,2.722 c 20.988,-28.852 29.848,-68.37 43.104,-99.674 -14.763,2.331 -31.553,-0.14 -48.178,-10.144 z m -35.598,123.625 c -21.118,0 -39.696,5.078 -53.226,8.728 -7.201,1.943 -17.637,6.785 -17.774,14.272 2.12,7.532 11.521,11.731 17.774,14.271 13.011,5.205 32.108,8.729 53.226,8.729 21.119,0 40.215,-3.524 53.227,-8.729 5.214,-2.934 17.637,-6.784 17.773,-14.271 -2.119,-7.533 -11.52,-11.732 -17.773,-14.272 -13.012,-5.204 -32.108,-8.728 -53.227,-8.728 z m -71,48.605 v 70.395 c 0,12.25 7.067,21.035 20.235,28.058 13.168,7.023 31.965,10.942 50.765,10.942 18.8,0 37.598,-3.919 50.766,-10.942 13.168,-7.023 20.234,-15.808 20.234,-28.058 v -70.395 c -3.365,1.998 -7.074,3.773 -11.09,5.38 -15.942,6.376 -36.845,10.015 -59.91,10.015 -23.064,0 -43.967,-3.639 -59.91,-10.016 -4.015,-1.606 -7.725,-3.381 -11.09,-5.379 z m -122.091,58.783 c -32.944,7.997 -65.843,6.02 -94.125,4.163 -17.383,-1.142 -33.086,-2.17 -45.69,-1.1 -8.301,0.704 -14.874,2.364 -20.193,5.016 11.668,11.788 26.717,21.415 46.199,27.025 5.622,-3.346 11.84,-5.581 18.27,-6.896 14.864,-3.04 31.296,-2.337 49.019,-2.194 10.8,0.088 22.024,0.032 33.537,-0.945 6.809,-7.024 9.929,-17.027 12.983,-25.069 z m 56.341,23.84 c -36.811,19.406 -73.306,20.413 -103.007,20.172 -18.006,-0.146 -33.672,-0.541 -45.266,1.83 -8.787,1.798 -14.964,4.559 -19.772,10.328 26.798,18.15 68.464,29.208 118.88,13.125 29.22,-9.32 38.834,-20.316 44.488,-32.025 2.007,-4.157 3.36,-8.726 4.677,-13.43 z"
       fill="#000000"
       fill-opacity="1"
       id="path47402"
       style="fill:#000000;fill-opacity:0.24705882" />
  </g>
  <g
     class=""
     transform="matrix(0.0461427,0,0,0.04580431,3.6874708,112.77409)"
     id="g47404-5">
    <path
       d="M 211.445,26.773 C 137.751,25.997 44.26,75.975 42.477,239.486 c -8.545,16.61 -14.032,34.713 -14.032,52.287 0,13.75 4.94,25.406 14.274,36.074 9.334,10.668 23.228,20.078 40.38,27.701 34.305,15.247 81.346,23.225 128.346,23.225 30.105,0 60.22,-3.28 87,-9.639 v -48.361 c 1.9,-6.007 5.104,-12.136 9.104,-15.994 5.237,-4.953 12.015,-8.802 19.986,-11.99 15.943,-6.378 36.846,-10.016 59.91,-10.016 2.203,0 4.379,0.044 6.54,0.11 -2.628,-26.23 -16.394,-52.877 -33.454,-73.348 -9.496,-11.396 -19.956,-20.86 -29.578,-27.274 a 79.937,79.937 0 0 0 -5.707,-3.47 c -1.604,1.517 -3.377,2.904 -5.23,4.167 -6.703,4.57 -15.405,8.262 -25.985,11.436 -21.16,6.348 -49.836,10.379 -82.586,10.379 -32.75,0 -61.426,-4.031 -82.586,-10.38 -10.58,-3.173 -19.281,-6.865 -25.984,-11.435 -1.853,-1.263 -3.627,-2.65 -5.23,-4.168 a 79.938,79.938 0 0 0 -5.707,3.471 c -11.996,9.21 -22.661,18.58 -30.645,28.6 3.094,-90.792 69.745,-166.58 150.152,-166.088 47,0 83.793,7.683 109.42,35.14 18.78,20.121 32.355,52.099 38.274,101.938 5.217,4.882 10.331,10.293 15.22,16.16 a 193.205,193.205 0 0 1 4.871,6.104 C 374.997,138.04 359.598,95.032 334.025,67.632 303.653,35.09 260.445,26.772 211.445,26.772 Z m -9,89 v 25.369 c -15.394,1.095 -37.588,4.946 -56.816,9.361 -12.492,2.869 -26.519,5.525 -36.63,13.985 6.339,6.58 17.481,10.365 25.032,12.664 18.84,5.652 46.164,9.62 77.414,9.62 31.25,0 58.574,-3.968 77.414,-9.62 7.918,-3.755 19.654,-5.043 25.034,-12.664 -10.812,-7.303 -25.474,-11.167 -36.631,-13.985 -19.14,-4.785 -41.423,-8.266 -56.817,-9.361 v -25.37 z M 459.07,151.32 c -12.203,-0.1 -23.82,5.44 -23.627,12.263 18.388,9.998 36.678,10.319 47.11,1.57 6.358,-5.332 -19.468,-13.8 -23.483,-13.833 z m -36.027,25.828 c -12.671,12.753 -27.106,24.45 -41.209,30.433 16.009,21.882 28.415,48.64 30.342,76.663 a 167.562,167.562 0 0 1 15.941,2.722 c 20.988,-28.852 29.848,-68.37 43.104,-99.674 -14.763,2.331 -31.553,-0.14 -48.178,-10.144 z m -35.598,123.625 c -21.118,0 -39.696,5.078 -53.226,8.728 -7.201,1.943 -17.637,6.785 -17.774,14.272 2.12,7.532 11.521,11.731 17.774,14.271 13.011,5.205 32.108,8.729 53.226,8.729 21.119,0 40.215,-3.524 53.227,-8.729 5.214,-2.934 17.637,-6.784 17.773,-14.271 -2.119,-7.533 -11.52,-11.732 -17.773,-14.272 -13.012,-5.204 -32.108,-8.728 -53.227,-8.728 z m -71,48.605 v 70.395 c 0,12.25 7.067,21.035 20.235,28.058 13.168,7.023 31.965,10.942 50.765,10.942 18.8,0 37.598,-3.919 50.766,-10.942 13.168,-7.023 20.234,-15.808 20.234,-28.058 v -70.395 c -3.365,1.998 -7.074,3.773 -11.09,5.38 -15.942,6.376 -36.845,10.015 -59.91,10.015 -23.064,0 -43.967,-3.639 -59.91,-10.016 -4.015,-1.606 -7.725,-3.381 -11.09,-5.379 z m -122.091,58.783 c -32.944,7.997 -65.843,6.02 -94.125,4.163 -17.383,-1.142 -33.086,-2.17 -45.69,-1.1 -8.301,0.704 -14.874,2.364 -20.193,5.016 11.668,11.788 26.717,21.415 46.199,27.025 5.622,-3.346 11.84,-5.581 18.27,-6.896 14.864,-3.04 31.296,-2.337 49.019,-2.194 10.8,0.088 22.024,0.032 33.537,-0.945 6.809,-7.024 9.929,-17.027 12.983,-25.069 z m 56.341,23.84 c -36.811,19.406 -73.306,20.413 -103.007,20.172 -18.006,-0.146 -33.672,-0.541 -45.266,1.83 -8.787,1.798 -14.964,4.559 -19.772,10.328 26.798,18.15 68.464,29.208 118.88,13.125 29.22,-9.32 38.834,-20.316 44.488,-32.025 2.007,-4.157 3.36,-8.726 4.677,-13.43 z"
       fill="#000000"
       fill-opacity="1"
       id="path47402-8" />
  </g>
  <g
     class=""
     transform="matrix(0.0461427,0,0,0.04580431,73.68747,3.7740876)"
     id="g47404-4">
    <path
       d="M 211.445,26.773 C 137.751,25.997 44.26,75.975 42.477,239.486 c -8.545,16.61 -14.032,34.713 -14.032,52.287 0,13.75 4.94,25.406 14.274,36.074 9.334,10.668 23.228,20.078 40.38,27.701 34.305,15.247 81.346,23.225 128.346,23.225 30.105,0 60.22,-3.28 87,-9.639 v -48.361 c 1.9,-6.007 5.104,-12.136 9.104,-15.994 5.237,-4.953 12.015,-8.802 19.986,-11.99 15.943,-6.378 36.846,-10.016 59.91,-10.016 2.203,0 4.379,0.044 6.54,0.11 -2.628,-26.23 -16.394,-52.877 -33.454,-73.348 -9.496,-11.396 -19.956,-20.86 -29.578,-27.274 a 79.937,79.937 0 0 0 -5.707,-3.47 c -1.604,1.517 -3.377,2.904 -5.23,4.167 -6.703,4.57 -15.405,8.262 -25.985,11.436 -21.16,6.348 -49.836,10.379 -82.586,10.379 -32.75,0 -61.426,-4.031 -82.586,-10.38 -10.58,-3.173 -19.281,-6.865 -25.984,-11.435 -1.853,-1.263 -3.627,-2.65 -5.23,-4.168 a 79.938,79.938 0 0 0 -5.707,3.471 c -11.996,9.21 -22.661,18.58 -30.645,28.6 3.094,-90.792 69.745,-166.58 150.152,-166.088 47,0 83.793,7.683 109.42,35.14 18.78,20.121 32.355,52.099 38.274,101.938 5.217,4.882 10.331,10.293 15.22,16.16 a 193.205,193.205 0 0 1 4.871,6.104 C 374.997,138.04 359.598,95.032 334.025,67.632 303.653,35.09 260.445,26.772 211.445,26.772 Z m -9,89 v 25.369 c -15.394,1.095 -37.588,4.946 -56.816,9.361 -12.492,2.869 -26.519,5.525 -36.63,13.985 6.339,6.58 17.481,10.365 25.032,12.664 18.84,5.652 46.164,9.62 77.414,9.62 31.25,0 58.574,-3.968 77.414,-9.62 7.918,-3.755 19.654,-5.043 25.034,-12.664 -10.812,-7.303 -25.474,-11.167 -36.631,-13.985 -19.14,-4.785 -41.423,-8.266 -56.817,-9.361 v -25.37 z M 459.07,151.32 c -12.203,-0.1 -23.82,5.44 -23.627,12.263 18.388,9.998 36.678,10.319 47.11,1.57 6.358,-5.332 -19.468,-13.8 -23.483,-13.833 z m -36.027,25.828 c -12.671,12.753 -27.106,24.45 -41.209,30.433 16.009,21.882 28.415,48.64 30.342,76.663 a 167.562,167.562 0 0 1 15.941,2.722 c 20.988,-28.852 29.848,-68.37 43.104,-99.674 -14.763,2.331 -31.553,-0.14 -48.178,-10.144 z m -35.598,123.625 c -21.118,0 -39.696,5.078 -53.226,8.728 -7.201,1.943 -17.637,6.785 -17.774,14.272 2.12,7.532 11.521,11.731 17.774,14.271 13.011,5.205 32.108,8.729 53.226,8.729 21.119,0 40.215,-3.524 53.227,-8.729 5.214,-2.934 17.637,-6.784 17.773,-14.271 -2.119,-7.533 -11.52,-11.732 -17.773,-14.272 -13.012,-5.204 -32.108,-8.728 -53.227,-8.728 z m -71,48.605 v 70.395 c 0,12.25 7.067,21.035 20.235,28.058 13.168,7.023 31.965,10.942 50.765,10.942 18.8,0 37.598,-3.919 50.766,-10.942 13.168,-7.023 20.234,-15.808 20.234,-28.058 v -70.395 c -3.365,1.998 -7.074,3.773 -11.09,5.38 -15.942,6.376 -36.845,10.015 -59.91,10.015 -23.064,0 -43.967,-3.639 -59.91,-10.016 -4.015,-1.606 -7.725,-3.381 -11.09,-5.379 z m -122.091,58.783 c -32.944,7.997 -65.843,6.02 -94.125,4.163 -17.383,-1.142 -33.086,-2.17 -45.69,-1.1 -8.301,0.704 -14.874,2.364 -20.193,5.016 11.668,11.788 26.717,21.415 46.199,27.025 5.622,-3.346 11.84,-5.581 18.27,-6.896 14.864,-3.04 31.296,-2.337 49.019,-2.194 10.8,0.088 22.024,0.032 33.537,-0.945 6.809,-7.024 9.929,-17.027 12.983,-25.069 z m 56.341,23.84 c -36.811,19.406 -73.306,20.413 -103.007,20.172 -18.006,-0.146 -33.672,-0.541 -45.266,1.83 -8.787,1.798 -14.964,4.559 -19.772,10.328 26.798,18.15 68.464,29.208 118.88,13.125 29.22,-9.32 38.834,-20.316 44.488,-32.025 2.007,-4.157 3.36,-8.726 4.677,-13.43 z"
       fill="#000000"
       fill-opacity="1"
       id="path47402-1" />
  </g>
</svg>
