<?xml version="1.0" encoding="UTF-8" standalone="no"?>
<svg
   width="100px"
   height="140px"
   viewbox="0 0 100 140"
   version="1.1"
   id="svg47"
   sodipodi:docname="card-flower.svg"
   inkscape:export-filename="card-back.png"
   inkscape:export-xdpi="96"
   inkscape:export-ydpi="96"
   inkscape:version="1.2.2 (732a01da63, 2022-12-09)"
   xmlns:inkscape="http://www.inkscape.org/namespaces/inkscape"
   xmlns:sodipodi="http://sodipodi.sourceforge.net/DTD/sodipodi-0.dtd"
   xmlns="http://www.w3.org/2000/svg"
   xmlns:svg="http://www.w3.org/2000/svg">
  <defs
     id="defs51" />
  <sodipodi:namedview
     id="namedview49"
     pagecolor="#ffffff"
     bordercolor="#666666"
     borderopacity="1.0"
     inkscape:showpageshadow="2"
     inkscape:pageopacity="0.0"
     inkscape:pagecheckerboard="0"
     inkscape:deskcolor="#d1d1d1"
     showgrid="false"
     inkscape:zoom="5.8142857"
     inkscape:cx="50.04914"
     inkscape:cy="70"
     inkscape:window-width="1920"
     inkscape:window-height="1017"
     inkscape:window-x="-8"
     inkscape:window-y="-8"
     inkscape:window-maximized="1"
     inkscape:current-layer="svg47" />
  <rect
     x="0.5"
     y="0.5"
     width="99px"
     height="139px"
     rx="4px"
     ry="4px"
     style="fill:#f2b1b9;fill-opacity:1;stroke:#000000;stroke-opacity:1;opacity:0.99999999;stroke-width:1;stroke-dasharray:none;stroke-linejoin:miter;stroke-linecap:butt"
     id="rect2" />
  <g
     aria-label="5"
     transform="scale(0.99949302,1.0005072)"
     id="text14048"
     style="font-size:29.1234px;line-height:1.25;letter-spacing:0px;word-spacing:0px;stroke-width:0.728082">
    <path
       d="M 8.5302135,15.520541 9.7247279,4.9974374 H 21.328583 V 8.4245562 H 13.094965 L 12.58303,12.875545 q 1.464703,-0.782123 3.11427,-0.782123 2.957845,0 4.635854,1.834433 1.678008,1.834433 1.678008,5.133568 0,2.005078 -0.853224,3.597764 -0.839005,1.578465 -2.41747,2.460131 -1.578466,0.867445 -3.725748,0.867445 -1.877094,0 -3.484,-0.753682 Q 9.9238137,24.465179 8.9852666,23.085799 8.06094,21.706419 8.0040583,19.943088 h 4.0670377 q 0.127983,1.294058 0.895885,2.019299 0.782123,0.71102 2.033519,0.71102 1.3936,0 2.147282,-0.995429 0.753682,-1.009649 0.753682,-2.844082 0,-1.76333 -0.867445,-2.701878 -0.867445,-0.938547 -2.460131,-0.938547 -1.464702,0 -2.374809,0.767903 l -0.398171,0.36973 z"
       style="font-weight:bold;font-family:Roboto;-inkscape-font-specification:'Roboto Bold'"
       id="path23482" />
  </g>
  <g
     aria-label="5"
     transform="scale(0.99949302,1.0005072)"
     id="text14048-1"
     style="font-size:29.1234px;line-height:1.25;letter-spacing:0px;word-spacing:0px;stroke-width:0.728082">
    <path
       d="m 78.565723,124.46531 1.194515,-10.5231 h 11.603854 v 3.42712 h -8.233617 l -0.511935,4.45099 q 1.464702,-0.78213 3.11427,-0.78213 2.957845,0 4.635853,1.83444 1.678009,1.83443 1.678009,5.13356 0,2.00508 -0.853225,3.59777 -0.839004,1.57846 -2.41747,2.46013 -1.578465,0.86744 -3.725747,0.86744 -1.877094,0 -3.484,-0.75368 -1.606907,-0.7679 -2.545454,-2.14728 -0.924326,-1.37938 -0.981208,-3.14271 h 4.067037 q 0.127984,1.29406 0.895886,2.0193 0.782123,0.71102 2.033519,0.71102 1.3936,0 2.147282,-0.99543 0.753681,-1.00965 0.753681,-2.84408 0,-1.76333 -0.867445,-2.70188 -0.867445,-0.93855 -2.460131,-0.93855 -1.464702,0 -2.374808,0.7679 l -0.398172,0.36974 z"
       style="font-weight:bold;font-family:Roboto;-inkscape-font-specification:'Roboto Bold'"
       id="path23485" />
  </g>
  <g
     class=""
     transform="matrix(0.04460682,0,0,0.04460644,74.171964,4.1330292)"
     id="g55574-6">
    <path
       d="m 152.313,19.438 c -14.238,53.672 20.671,107.224 25.937,160.812 -28.744,-16.01 -71.286,-25.18 -88.656,-43.656 9.36,29.558 51.055,44.096 77.094,66.312 -57.236,1.556 -101.637,65.75 -148.125,79 54.52,31.628 111.427,0.296 167.437,23.875 -27.654,34.76 -47.284,67.888 -57.97,107.283 20.757,-28.864 46.04,-61.674 70.69,-87.064 -11.686,54.742 1.313,109.477 28.155,164.22 13.028,-52.977 67.36,-98.796 75.03,-157.533 22.665,36.313 53.4,62.266 83.158,103.938 -14.644,-51.287 -47.12,-87.914 -64.22,-123.625 52.358,5.59 115.075,28.68 168.5,43.47 -29.835,-58.79 -64.534,-103.922 -107.78,-125.158 33.01,0.717 70.858,5.604 103.312,10.907 -33.377,-19.14 -68.513,-28.226 -110,-33.032 49.013,-47.885 68.943,-95.774 68.406,-143.657 -48.033,32.51 -96.09,58.57 -144.124,74.75 17.206,-28.64 40.82,-59.57 62,-85.468 -35.326,20.535 -61.807,48.477 -88.22,85.094 C 249.221,93.016 192.944,75.838 152.314,19.436 Z m 35.625,72.937 c 8.325,26.55 49.006,61.23 63.718,91.625 -7.935,2.196 -15.188,5.65 -21.437,10.063 -9.67,-33.43 -46.513,-71.114 -42.282,-101.688 z m 213.28,31.906 c -20.144,34.656 -47.403,60.806 -83,86.72 -2.394,-7.408 -7.083,-13.755 -13.124,-18.563 31.454,-17.384 66.972,-44.313 96.125,-68.156 z m -129.812,75.814 c 6.66,0.108 12.638,1.57 17.375,3.97 7.22,3.653 11.376,8.906 12.345,15.436 0.97,6.53 -1.55,13.663 -7.53,20.188 -5.983,6.524 -15.326,12.01 -26.283,14.218 -10.956,2.208 -21.094,0.686 -28.312,-2.97 -7.218,-3.653 -11.374,-8.906 -12.344,-15.436 -0.97,-6.53 1.55,-13.694 7.53,-20.22 5.983,-6.524 15.328,-11.98 26.283,-14.186 2.738,-0.552 5.424,-0.86 8.03,-0.97 0.977,-0.04 1.955,-0.046 2.906,-0.03 z m -63.562,30.562 c -0.138,2.495 -0.034,5.02 0.344,7.563 0.983,6.622 3.748,12.55 7.718,17.56 -36.236,-7.654 -91.958,24.29 -125.062,10.157 34.23,-0.804 77.367,-27.78 117,-35.28 z m 107.5,10.25 c 43.444,16.685 78.393,35.883 108.406,65.72 -39.556,-17.844 -87.918,-37.4 -126.563,-45.47 3.768,-2.62 7.204,-5.558 10.188,-8.812 3.177,-3.465 5.884,-7.328 7.97,-11.438 z m -41.188,30.593 0.22,0.03 c -19.568,32.856 -17.574,83.757 -44.313,131.845 8.36,-50.135 3.05,-88.19 17.593,-130.438 7.4,1.1 15.3,0.903 23.344,-0.718 1.07,-0.217 2.108,-0.46 3.156,-0.72 z"
       fill="#000000"
       fill-opacity="1"
       id="path55572-5" />
  </g>
  <g
     class=""
     transform="matrix(0.14868941,0,0,0.14868815,12.239878,32.110097)"
     id="g55574"
     style="fill:#000000;fill-opacity:0.24705882">
    <path
       d="m 152.313,19.438 c -14.238,53.672 20.671,107.224 25.937,160.812 -28.744,-16.01 -71.286,-25.18 -88.656,-43.656 9.36,29.558 51.055,44.096 77.094,66.312 -57.236,1.556 -101.637,65.75 -148.125,79 54.52,31.628 111.427,0.296 167.437,23.875 -27.654,34.76 -47.284,67.888 -57.97,107.283 20.757,-28.864 46.04,-61.674 70.69,-87.064 -11.686,54.742 1.313,109.477 28.155,164.22 13.028,-52.977 67.36,-98.796 75.03,-157.533 22.665,36.313 53.4,62.266 83.158,103.938 -14.644,-51.287 -47.12,-87.914 -64.22,-123.625 52.358,5.59 115.075,28.68 168.5,43.47 -29.835,-58.79 -64.534,-103.922 -107.78,-125.158 33.01,0.717 70.858,5.604 103.312,10.907 -33.377,-19.14 -68.513,-28.226 -110,-33.032 49.013,-47.885 68.943,-95.774 68.406,-143.657 -48.033,32.51 -96.09,58.57 -144.124,74.75 17.206,-28.64 40.82,-59.57 62,-85.468 -35.326,20.535 -61.807,48.477 -88.22,85.094 C 249.221,93.016 192.944,75.838 152.314,19.436 Z m 35.625,72.937 c 8.325,26.55 49.006,61.23 63.718,91.625 -7.935,2.196 -15.188,5.65 -21.437,10.063 -9.67,-33.43 -46.513,-71.114 -42.282,-101.688 z m 213.28,31.906 c -20.144,34.656 -47.403,60.806 -83,86.72 -2.394,-7.408 -7.083,-13.755 -13.124,-18.563 31.454,-17.384 66.972,-44.313 96.125,-68.156 z m -129.812,75.814 c 6.66,0.108 12.638,1.57 17.375,3.97 7.22,3.653 11.376,8.906 12.345,15.436 0.97,6.53 -1.55,13.663 -7.53,20.188 -5.983,6.524 -15.326,12.01 -26.283,14.218 -10.956,2.208 -21.094,0.686 -28.312,-2.97 -7.218,-3.653 -11.374,-8.906 -12.344,-15.436 -0.97,-6.53 1.55,-13.694 7.53,-20.22 5.983,-6.524 15.328,-11.98 26.283,-14.186 2.738,-0.552 5.424,-0.86 8.03,-0.97 0.977,-0.04 1.955,-0.046 2.906,-0.03 z m -63.562,30.562 c -0.138,2.495 -0.034,5.02 0.344,7.563 0.983,6.622 3.748,12.55 7.718,17.56 -36.236,-7.654 -91.958,24.29 -125.062,10.157 34.23,-0.804 77.367,-27.78 117,-35.28 z m 107.5,10.25 c 43.444,16.685 78.393,35.883 108.406,65.72 -39.556,-17.844 -87.918,-37.4 -126.563,-45.47 3.768,-2.62 7.204,-5.558 10.188,-8.812 3.177,-3.465 5.884,-7.328 7.97,-11.438 z m -41.188,30.593 0.22,0.03 c -19.568,32.856 -17.574,83.757 -44.313,131.845 8.36,-50.135 3.05,-88.19 17.593,-130.438 7.4,1.1 15.3,0.903 23.344,-0.718 1.07,-0.217 2.108,-0.46 3.156,-0.72 z"
       fill="#000000"
       fill-opacity="1"
       id="path55572"
       style="fill:#000000;fill-opacity:0.24705882" />
  </g>
  <g
     class=""
     transform="matrix(0.04460682,0,0,0.04460644,4.1719636,113.13303)"
     id="g55574-6-4">
    <path
       d="m 152.313,19.438 c -14.238,53.672 20.671,107.224 25.937,160.812 -28.744,-16.01 -71.286,-25.18 -88.656,-43.656 9.36,29.558 51.055,44.096 77.094,66.312 -57.236,1.556 -101.637,65.75 -148.125,79 54.52,31.628 111.427,0.296 167.437,23.875 -27.654,34.76 -47.284,67.888 -57.97,107.283 20.757,-28.864 46.04,-61.674 70.69,-87.064 -11.686,54.742 1.313,109.477 28.155,164.22 13.028,-52.977 67.36,-98.796 75.03,-157.533 22.665,36.313 53.4,62.266 83.158,103.938 -14.644,-51.287 -47.12,-87.914 -64.22,-123.625 52.358,5.59 115.075,28.68 168.5,43.47 -29.835,-58.79 -64.534,-103.922 -107.78,-125.158 33.01,0.717 70.858,5.604 103.312,10.907 -33.377,-19.14 -68.513,-28.226 -110,-33.032 49.013,-47.885 68.943,-95.774 68.406,-143.657 -48.033,32.51 -96.09,58.57 -144.124,74.75 17.206,-28.64 40.82,-59.57 62,-85.468 -35.326,20.535 -61.807,48.477 -88.22,85.094 C 249.221,93.016 192.944,75.838 152.314,19.436 Z m 35.625,72.937 c 8.325,26.55 49.006,61.23 63.718,91.625 -7.935,2.196 -15.188,5.65 -21.437,10.063 -9.67,-33.43 -46.513,-71.114 -42.282,-101.688 z m 213.28,31.906 c -20.144,34.656 -47.403,60.806 -83,86.72 -2.394,-7.408 -7.083,-13.755 -13.124,-18.563 31.454,-17.384 66.972,-44.313 96.125,-68.156 z m -129.812,75.814 c 6.66,0.108 12.638,1.57 17.375,3.97 7.22,3.653 11.376,8.906 12.345,15.436 0.97,6.53 -1.55,13.663 -7.53,20.188 -5.983,6.524 -15.326,12.01 -26.283,14.218 -10.956,2.208 -21.094,0.686 -28.312,-2.97 -7.218,-3.653 -11.374,-8.906 -12.344,-15.436 -0.97,-6.53 1.55,-13.694 7.53,-20.22 5.983,-6.524 15.328,-11.98 26.283,-14.186 2.738,-0.552 5.424,-0.86 8.03,-0.97 0.977,-0.04 1.955,-0.046 2.906,-0.03 z m -63.562,30.562 c -0.138,2.495 -0.034,5.02 0.344,7.563 0.983,6.622 3.748,12.55 7.718,17.56 -36.236,-7.654 -91.958,24.29 -125.062,10.157 34.23,-0.804 77.367,-27.78 117,-35.28 z m 107.5,10.25 c 43.444,16.685 78.393,35.883 108.406,65.72 -39.556,-17.844 -87.918,-37.4 -126.563,-45.47 3.768,-2.62 7.204,-5.558 10.188,-8.812 3.177,-3.465 5.884,-7.328 7.97,-11.438 z m -41.188,30.593 0.22,0.03 c -19.568,32.856 -17.574,83.757 -44.313,131.845 8.36,-50.135 3.05,-88.19 17.593,-130.438 7.4,1.1 15.3,0.903 23.344,-0.718 1.07,-0.217 2.108,-0.46 3.156,-0.72 z"
       fill="#000000"
       fill-opacity="1"
       id="path55572-5-0" />
  </g>
</svg>
