<?xml version="1.0" encoding="UTF-8" standalone="no"?>
<svg
   width="100px"
   height="140px"
   viewbox="0 0 100 140"
   version="1.1"
   id="svg47"
   sodipodi:docname="card-fan.svg"
   inkscape:export-filename="card-back.png"
   inkscape:export-xdpi="96"
   inkscape:export-ydpi="96"
   inkscape:version="1.2.2 (732a01da63, 2022-12-09)"
   xmlns:inkscape="http://www.inkscape.org/namespaces/inkscape"
   xmlns:sodipodi="http://sodipodi.sourceforge.net/DTD/sodipodi-0.dtd"
   xmlns="http://www.w3.org/2000/svg"
   xmlns:svg="http://www.w3.org/2000/svg">
  <defs
     id="defs51" />
  <sodipodi:namedview
     id="namedview49"
     pagecolor="#ffffff"
     bordercolor="#666666"
     borderopacity="1.0"
     inkscape:showpageshadow="2"
     inkscape:pageopacity="0.0"
     inkscape:pagecheckerboard="0"
     inkscape:deskcolor="#d1d1d1"
     showgrid="false"
     inkscape:zoom="5.8142857"
     inkscape:cx="-4.0417691"
     inkscape:cy="68.796069"
     inkscape:window-width="1920"
     inkscape:window-height="1017"
     inkscape:window-x="-8"
     inkscape:window-y="-8"
     inkscape:window-maximized="1"
     inkscape:current-layer="svg47" />
  <rect
     x="0.5"
     y="0.5"
     width="99px"
     height="139px"
     rx="4px"
     ry="4px"
     style="fill:#d76d57;fill-opacity:1;stroke:#000000;stroke-opacity:1;opacity:0.99999999;stroke-width:1;stroke-dasharray:none;stroke-linejoin:miter;stroke-linecap:butt"
     id="rect2" />
  <g
     aria-label="2"
     transform="scale(0.97884062,1.0216168)"
     id="text6170"
     style="font-weight:bold;font-size:28.5217px;line-height:1.25;font-family:Roboto;-inkscape-font-specification:'Roboto Bold';letter-spacing:0px;word-spacing:0px;stroke-width:0.713042">
    <path
       d="M 22.475564,25.449888 H 8.5768055 V 22.692419 L 15.136239,15.70126 q 1.350882,-1.47622 1.991506,-2.576423 0.654551,-1.100202 0.654551,-2.088991 0,-1.3508817 -0.682404,-2.1168454 -0.682404,-0.7798902 -1.949726,-0.7798902 -1.364808,0 -2.158625,0.9470096 -0.77989,0.933083 -0.77989,2.46501 H 8.1729338 q 0,-1.8522391 0.8773765,-3.3841664 Q 9.9416134,6.6350364 11.5571,5.7715865 13.172587,4.89421 15.219799,4.89421 q 3.133488,0 4.860387,1.504074 1.740827,1.504074 1.740827,4.247616 0,1.504074 -0.77989,3.063855 -0.779891,1.55978 -2.67391,3.634845 l -4.609708,4.860388 h 8.718059 z"
       id="path455" />
  </g>
  <g
     aria-label="2"
     transform="scale(0.97884307,1.0216142)"
     id="text6950"
     style="font-weight:bold;font-size:28.5216px;line-height:1.25;font-family:Roboto;-inkscape-font-specification:'Roboto Bold';letter-spacing:0px;word-spacing:0px;stroke-width:0.71305">
    <path
       d="M 93.988491,132.14381 H 80.089782 v -2.75746 l 6.559411,-6.99113 q 1.350876,-1.47622 1.991498,-2.57641 0.654549,-1.1002 0.654549,-2.08899 0,-1.35088 -0.682402,-2.11684 -0.682401,-0.77988 -1.949719,-0.77988 -1.364803,0 -2.158617,0.947 -0.779887,0.93308 -0.779887,2.465 h -4.038704 q 0,-1.85223 0.877374,-3.38415 0.8913,-1.53192 2.506781,-2.39537 1.615481,-0.87737 3.662686,-0.87737 3.133477,0 4.860371,1.50407 1.74082,1.50406 1.74082,4.2476 0,1.50407 -0.779888,3.06384 -0.779887,1.55978 -2.6739,3.63483 l -4.609692,4.86037 h 8.718028 z"
       id="path458" />
  </g>
  <g
     class=""
     id="g16817"
     transform="matrix(0.14737494,0,0,0.14860923,12.27209,31.956037)"
     style="stroke-width:1.00006218;stroke-dasharray:none;stroke:none;stroke-opacity:1;fill:#000000;fill-opacity:0.24705882">
    <path
       d="m 392.121,381.388 -32.913,-33.36 c 23.148,-24.21 41.168,-51.51 54.043,-80.538 l 55.004,22.431 6.352,-15.575 -55.005,-22.433 c 10.655,-28.528 16.532,-58.432 17.624,-88.483 l 56.15,0.378 0.113,-16.82 -56.15,-0.378 C 436.595,114.285 430.326,82.054 418.504,51.447 L 455.256,35.987 448.733,20.483 269.6,95.829 a 127.212,127.212 0 0 1 6.513,15.511 128.442,128.442 0 0 1 6.739,34.348 c 0.057,0.989 0.092,1.979 0.126,2.968 0.015,0.44 0.037,0.881 0.048,1.322 0.023,0.982 0.026,1.965 0.027,2.947 10e-4,0.442 0.008,0.885 0.004,1.327 -0.008,0.975 -0.035,1.95 -0.066,2.924 -0.014,0.457 -0.025,0.913 -0.044,1.37 -0.04,0.936 -0.094,1.873 -0.154,2.808 -0.704,11.001 -2.807,21.925 -6.328,32.478 -0.24,0.72 -0.5,1.436 -0.754,2.154 -0.221,0.625 -0.437,1.25 -0.668,1.872 -0.297,0.797 -0.61,1.59 -0.922,2.382 -0.21,0.532 -0.415,1.065 -0.632,1.595 -0.356,0.867 -0.73,1.73 -1.106,2.59 -0.188,0.432 -0.373,0.863 -0.566,1.293 -0.402,0.893 -0.817,1.781 -1.24,2.667 a 127.196,127.196 0 0 1 -20.435,30.49 c -0.693,0.769 -1.389,1.536 -2.103,2.292 a 129.7,129.7 0 0 1 -3.024,3.095 129.666,129.666 0 0 1 -3.135,2.982 c -0.765,0.704 -1.542,1.389 -2.32,2.071 a 127.196,127.196 0 0 1 -30.763,20.023 c -0.891,0.41 -1.785,0.814 -2.684,1.204 -0.432,0.187 -0.866,0.367 -1.3,0.549 -0.865,0.364 -1.732,0.726 -2.605,1.07 -0.532,0.21 -1.068,0.408 -1.603,0.61 -0.796,0.303 -1.593,0.605 -2.394,0.89 -0.625,0.223 -1.253,0.43 -1.88,0.643 -0.722,0.245 -1.44,0.494 -2.165,0.725 a 128.514,128.514 0 0 1 -32.56,5.89 c -0.936,0.047 -1.873,0.09 -2.81,0.117 -0.457,0.013 -0.913,0.017 -1.37,0.025 -0.975,0.018 -1.95,0.032 -2.925,0.027 -0.442,-0.002 -0.885,-0.015 -1.327,-0.022 -0.982,-0.015 -1.964,-0.03 -2.946,-0.068 -0.44,-0.016 -0.88,-0.044 -1.321,-0.065 -0.99,-0.048 -1.979,-0.096 -2.967,-0.166 a 128.442,128.442 0 0 1 -34.254,-7.2 127.218,127.218 0 0 1 -15.421,-6.722 l -77.755,178.103 15.415,6.73 15.953,-36.54 c 30.445,12.233 62.588,18.936 94.9,20.116 l -0.377,56.15 16.82,0.113 0.378,-56.15 c 30.063,-0.687 60.043,-6.16 88.713,-16.43 l 21.69,55.303 15.659,-6.142 -21.689,-55.302 c 29.2,-12.482 56.74,-30.133 81.26,-52.953 l 32.913,33.36 z M 233.2,232.287 a 113.305,113.305 0 0 0 5.767,-6.131 l -49.109,-49.775 64.787,26.421 A 110.492,110.492 0 0 0 261,187.23 l -62.295,-25.406 67.273,0.453 c 0.46,-5.595 0.498,-11.219 0.113,-16.82 l -69.967,-0.471 64.498,-27.13 a 110.462,110.462 0 0 0 -6.531,-15.502 l -67.808,28.522 c 10.696,15.023 9.242,36.178 -4.28,49.52 -13.524,13.342 -34.697,14.511 -49.574,3.613 l -29.433,67.418 c 4.995,2.655 10.149,4.9 15.413,6.74 l 27.996,-64.128 -0.472,69.968 c 5.596,0.46 11.22,0.498 16.82,0.113 l 0.454,-67.272 24.564,62.631 a 110.494,110.494 0 0 0 15.658,-6.145 l -25.547,-65.137 49.11,49.774 a 113.307,113.307 0 0 0 6.207,-5.683 z M 170.188,168.42 c 8.522,-8.407 8.613,-21.876 0.205,-30.398 -8.407,-8.521 -21.876,-8.612 -30.398,-0.205 -8.521,8.408 -8.612,21.877 -0.204,30.398 8.407,8.522 21.876,8.613 30.397,0.205 z"
       fill="#000000"
       fill-opacity="1"
       id="path16815"
       style="stroke-width:1.00006218;stroke-dasharray:none;stroke:none;stroke-opacity:1;fill:#000000;fill-opacity:0.24705882" />
  </g>
  <g
     class=""
     id="g16817-0"
     transform="matrix(0.04421248,0,0,0.04458277,74.181627,4.0868111)"
     style="fill:#000000;fill-opacity:1">
    <path
       d="m 392.121,381.388 -32.913,-33.36 c 23.148,-24.21 41.168,-51.51 54.043,-80.538 l 55.004,22.431 6.352,-15.575 -55.005,-22.433 c 10.655,-28.528 16.532,-58.432 17.624,-88.483 l 56.15,0.378 0.113,-16.82 -56.15,-0.378 C 436.595,114.285 430.326,82.054 418.504,51.447 L 455.256,35.987 448.733,20.483 269.6,95.829 a 127.212,127.212 0 0 1 6.513,15.511 128.442,128.442 0 0 1 6.739,34.348 c 0.057,0.989 0.092,1.979 0.126,2.968 0.015,0.44 0.037,0.881 0.048,1.322 0.023,0.982 0.026,1.965 0.027,2.947 10e-4,0.442 0.008,0.885 0.004,1.327 -0.008,0.975 -0.035,1.95 -0.066,2.924 -0.014,0.457 -0.025,0.913 -0.044,1.37 -0.04,0.936 -0.094,1.873 -0.154,2.808 -0.704,11.001 -2.807,21.925 -6.328,32.478 -0.24,0.72 -0.5,1.436 -0.754,2.154 -0.221,0.625 -0.437,1.25 -0.668,1.872 -0.297,0.797 -0.61,1.59 -0.922,2.382 -0.21,0.532 -0.415,1.065 -0.632,1.595 -0.356,0.867 -0.73,1.73 -1.106,2.59 -0.188,0.432 -0.373,0.863 -0.566,1.293 -0.402,0.893 -0.817,1.781 -1.24,2.667 a 127.196,127.196 0 0 1 -20.435,30.49 c -0.693,0.769 -1.389,1.536 -2.103,2.292 a 129.7,129.7 0 0 1 -3.024,3.095 129.666,129.666 0 0 1 -3.135,2.982 c -0.765,0.704 -1.542,1.389 -2.32,2.071 a 127.196,127.196 0 0 1 -30.763,20.023 c -0.891,0.41 -1.785,0.814 -2.684,1.204 -0.432,0.187 -0.866,0.367 -1.3,0.549 -0.865,0.364 -1.732,0.726 -2.605,1.07 -0.532,0.21 -1.068,0.408 -1.603,0.61 -0.796,0.303 -1.593,0.605 -2.394,0.89 -0.625,0.223 -1.253,0.43 -1.88,0.643 -0.722,0.245 -1.44,0.494 -2.165,0.725 a 128.514,128.514 0 0 1 -32.56,5.89 c -0.936,0.047 -1.873,0.09 -2.81,0.117 -0.457,0.013 -0.913,0.017 -1.37,0.025 -0.975,0.018 -1.95,0.032 -2.925,0.027 -0.442,-0.002 -0.885,-0.015 -1.327,-0.022 -0.982,-0.015 -1.964,-0.03 -2.946,-0.068 -0.44,-0.016 -0.88,-0.044 -1.321,-0.065 -0.99,-0.048 -1.979,-0.096 -2.967,-0.166 a 128.442,128.442 0 0 1 -34.254,-7.2 127.218,127.218 0 0 1 -15.421,-6.722 l -77.755,178.103 15.415,6.73 15.953,-36.54 c 30.445,12.233 62.588,18.936 94.9,20.116 l -0.377,56.15 16.82,0.113 0.378,-56.15 c 30.063,-0.687 60.043,-6.16 88.713,-16.43 l 21.69,55.303 15.659,-6.142 -21.689,-55.302 c 29.2,-12.482 56.74,-30.133 81.26,-52.953 l 32.913,33.36 z M 233.2,232.287 a 113.305,113.305 0 0 0 5.767,-6.131 l -49.109,-49.775 64.787,26.421 A 110.492,110.492 0 0 0 261,187.23 l -62.295,-25.406 67.273,0.453 c 0.46,-5.595 0.498,-11.219 0.113,-16.82 l -69.967,-0.471 64.498,-27.13 a 110.462,110.462 0 0 0 -6.531,-15.502 l -67.808,28.522 c 10.696,15.023 9.242,36.178 -4.28,49.52 -13.524,13.342 -34.697,14.511 -49.574,3.613 l -29.433,67.418 c 4.995,2.655 10.149,4.9 15.413,6.74 l 27.996,-64.128 -0.472,69.968 c 5.596,0.46 11.22,0.498 16.82,0.113 l 0.454,-67.272 24.564,62.631 a 110.494,110.494 0 0 0 15.658,-6.145 l -25.547,-65.137 49.11,49.774 a 113.307,113.307 0 0 0 6.207,-5.683 z M 170.188,168.42 c 8.522,-8.407 8.613,-21.876 0.205,-30.398 -8.407,-8.521 -21.876,-8.612 -30.398,-0.205 -8.521,8.408 -8.612,21.877 -0.204,30.398 8.407,8.522 21.876,8.613 30.397,0.205 z"
       fill="#000000"
       fill-opacity="1"
       id="path16815-9"
       style="fill:#000000;fill-opacity:1" />
  </g>
  <g
     class=""
     id="g16817-0-9"
     transform="matrix(0.04421248,0,0,0.04458277,4.181627,113.08681)"
     style="fill:#000000;fill-opacity:1">
    <path
       d="m 392.121,381.388 -32.913,-33.36 c 23.148,-24.21 41.168,-51.51 54.043,-80.538 l 55.004,22.431 6.352,-15.575 -55.005,-22.433 c 10.655,-28.528 16.532,-58.432 17.624,-88.483 l 56.15,0.378 0.113,-16.82 -56.15,-0.378 C 436.595,114.285 430.326,82.054 418.504,51.447 L 455.256,35.987 448.733,20.483 269.6,95.829 a 127.212,127.212 0 0 1 6.513,15.511 128.442,128.442 0 0 1 6.739,34.348 c 0.057,0.989 0.092,1.979 0.126,2.968 0.015,0.44 0.037,0.881 0.048,1.322 0.023,0.982 0.026,1.965 0.027,2.947 10e-4,0.442 0.008,0.885 0.004,1.327 -0.008,0.975 -0.035,1.95 -0.066,2.924 -0.014,0.457 -0.025,0.913 -0.044,1.37 -0.04,0.936 -0.094,1.873 -0.154,2.808 -0.704,11.001 -2.807,21.925 -6.328,32.478 -0.24,0.72 -0.5,1.436 -0.754,2.154 -0.221,0.625 -0.437,1.25 -0.668,1.872 -0.297,0.797 -0.61,1.59 -0.922,2.382 -0.21,0.532 -0.415,1.065 -0.632,1.595 -0.356,0.867 -0.73,1.73 -1.106,2.59 -0.188,0.432 -0.373,0.863 -0.566,1.293 -0.402,0.893 -0.817,1.781 -1.24,2.667 a 127.196,127.196 0 0 1 -20.435,30.49 c -0.693,0.769 -1.389,1.536 -2.103,2.292 a 129.7,129.7 0 0 1 -3.024,3.095 129.666,129.666 0 0 1 -3.135,2.982 c -0.765,0.704 -1.542,1.389 -2.32,2.071 a 127.196,127.196 0 0 1 -30.763,20.023 c -0.891,0.41 -1.785,0.814 -2.684,1.204 -0.432,0.187 -0.866,0.367 -1.3,0.549 -0.865,0.364 -1.732,0.726 -2.605,1.07 -0.532,0.21 -1.068,0.408 -1.603,0.61 -0.796,0.303 -1.593,0.605 -2.394,0.89 -0.625,0.223 -1.253,0.43 -1.88,0.643 -0.722,0.245 -1.44,0.494 -2.165,0.725 a 128.514,128.514 0 0 1 -32.56,5.89 c -0.936,0.047 -1.873,0.09 -2.81,0.117 -0.457,0.013 -0.913,0.017 -1.37,0.025 -0.975,0.018 -1.95,0.032 -2.925,0.027 -0.442,-0.002 -0.885,-0.015 -1.327,-0.022 -0.982,-0.015 -1.964,-0.03 -2.946,-0.068 -0.44,-0.016 -0.88,-0.044 -1.321,-0.065 -0.99,-0.048 -1.979,-0.096 -2.967,-0.166 a 128.442,128.442 0 0 1 -34.254,-7.2 127.218,127.218 0 0 1 -15.421,-6.722 l -77.755,178.103 15.415,6.73 15.953,-36.54 c 30.445,12.233 62.588,18.936 94.9,20.116 l -0.377,56.15 16.82,0.113 0.378,-56.15 c 30.063,-0.687 60.043,-6.16 88.713,-16.43 l 21.69,55.303 15.659,-6.142 -21.689,-55.302 c 29.2,-12.482 56.74,-30.133 81.26,-52.953 l 32.913,33.36 z M 233.2,232.287 a 113.305,113.305 0 0 0 5.767,-6.131 l -49.109,-49.775 64.787,26.421 A 110.492,110.492 0 0 0 261,187.23 l -62.295,-25.406 67.273,0.453 c 0.46,-5.595 0.498,-11.219 0.113,-16.82 l -69.967,-0.471 64.498,-27.13 a 110.462,110.462 0 0 0 -6.531,-15.502 l -67.808,28.522 c 10.696,15.023 9.242,36.178 -4.28,49.52 -13.524,13.342 -34.697,14.511 -49.574,3.613 l -29.433,67.418 c 4.995,2.655 10.149,4.9 15.413,6.74 l 27.996,-64.128 -0.472,69.968 c 5.596,0.46 11.22,0.498 16.82,0.113 l 0.454,-67.272 24.564,62.631 a 110.494,110.494 0 0 0 15.658,-6.145 l -25.547,-65.137 49.11,49.774 a 113.307,113.307 0 0 0 6.207,-5.683 z M 170.188,168.42 c 8.522,-8.407 8.613,-21.876 0.205,-30.398 -8.407,-8.521 -21.876,-8.612 -30.398,-0.205 -8.521,8.408 -8.612,21.877 -0.204,30.398 8.407,8.522 21.876,8.613 30.397,0.205 z"
       fill="#000000"
       fill-opacity="1"
       id="path16815-9-9"
       style="fill:#000000;fill-opacity:1" />
  </g>
</svg>
