<svg version="1.2" baseProfile="tiny-ps" xmlns="http://www.w3.org/2000/svg" viewBox="0 0 500 500" width="500" height="500">
	<title>Select-svg</title>
	<style>
		tspan { white-space:pre }
		.shp0 { fill: #1f5ca6;stroke: #0d2f5e;stroke-linejoin:round;stroke-width: 12 } 
		.shp1 { fill: #ffffff } 
	</style>
	<path id="Forma 1" class="shp0" d="M250 490C117.28 490 10 382.72 10 250C10 117.28 117.28 10 250 10C382.72 10 490 117.28 490 250C490 382.72 382.72 490 250 490Z" />
	<path id="Layer" class="shp1" d="M250 88.43C262.63 88.43 272.86 78.2 272.86 65.58C272.86 52.95 262.63 42.72 250 42.72C237.37 42.72 227.14 52.95 227.14 65.58C227.14 78.2 237.37 88.43 250 88.43ZM266 94.15L263.02 94.15C259.05 95.97 254.64 97 250 97C245.36 97 240.96 95.97 236.98 94.15L234 94.15C220.75 94.15 210 104.9 210 118.15L210 125.58C210 130.31 213.84 134.15 218.57 134.15L281.43 134.15C286.16 134.15 290 130.31 290 125.58L290 118.15C290 104.9 279.25 94.15 266 94.15Z" />
	<path id="Layer" class="shp1" d="M212.43 51.25L213.57 51.52L213.57 61.95C212.32 62.7 211.43 64 211.43 65.58C211.43 67.08 212.25 68.32 213.41 69.09L210.63 80.22C210.32 81.45 211 82.72 211.98 82.72L219.45 82.72C220.43 82.72 221.11 81.45 220.8 80.22L218.02 69.09C219.18 68.32 220 67.08 220 65.58C220 64 219.11 62.7 217.86 61.95L217.86 52.56L229.64 55.4C228.11 58.47 227.14 61.9 227.14 65.58C227.14 78.2 237.37 88.43 250 88.43C262.63 88.43 272.86 78.2 272.86 65.58C272.86 61.9 271.91 58.47 270.36 55.4L287.55 51.25C290.8 50.47 290.8 46.41 287.55 45.63L253.55 37.41C251.23 36.86 248.78 36.86 246.46 37.41L212.43 45.61C209.2 46.4 209.2 50.47 212.43 51.25L212.43 51.25Z" />
	<path id="Text" class="shp1" d="M 273.58398 183.98242 C 273.0062 183.98242 272.46033 184.09419 271.94922 184.31641 C 271.46033 184.53863 271.02817 184.85 270.65039 185.25 C 270.27262 185.62777 269.97223 186.08385 269.75 186.61719 C 269.52778 187.1283 269.41602 187.67222 269.41602 188.25 C 269.41602 188.82777 269.52778 189.3717 269.75 189.88281 C 269.97223 190.3717 270.27262 190.80581 270.65039 191.18359 C 271.02817 191.56137 271.46033 191.86176 271.94922 192.08398 C 272.46033 192.30621 273.0062 192.41602 273.58398 192.41602 C 274.16176 192.41602 274.70569 192.30621 275.2168 192.08398 C 275.72791 191.86176 276.173 191.56137 276.55078 191.18359 C 276.95078 190.80581 277.26216 190.3717 277.48438 189.88281 C 277.72882 189.3717 277.84961 188.82777 277.84961 188.25 C 277.84961 187.67222 277.72882 187.1283 277.48438 186.61719 C 277.26216 186.08385 276.95078 185.62777 276.55078 185.25 C 276.173 184.85 275.72791 184.53863 275.2168 184.31641 C 274.70569 184.09419 274.16176 183.98242 273.58398 183.98242 z M 105.05078 185.08398 L 105.05078 232.84961 L 111.51562 232.84961 L 111.51562 212.31641 L 131.15039 212.31641 L 131.15039 207.05078 L 111.51562 207.05078 L 111.51562 190.34961 L 134.48242 190.34961 L 134.48242 185.08398 L 105.05078 185.08398 z M 250.05078 188.11719 C 249.67301 188.11719 249.36163 188.22699 249.11719 188.44922 C 248.89497 188.64922 248.75026 188.91667 248.68359 189.25 L 247.31641 199.68359 L 241.7832 200.38281 L 241.7832 202.75 C 241.7832 203.19445 241.90594 203.52777 242.15039 203.75 C 242.39484 203.95 242.69523 204.05078 243.05078 204.05078 L 247.11719 204.05078 L 247.11719 224.7168 C 247.11719 227.5168 247.82778 229.66151 249.25 231.15039 C 250.69445 232.63928 252.74935 233.38281 255.41602 233.38281 C 256.94935 233.38281 258.43837 233.11732 259.88281 232.58398 C 261.32726 232.02843 262.56177 231.27196 263.58398 230.31641 L 261.84961 227.48242 C 261.60516 227.10464 261.32868 226.91602 261.01758 226.91602 C 260.8398 226.91602 260.62726 227.00581 260.38281 227.18359 C 260.16059 227.33915 259.88411 227.5168 259.55078 227.7168 C 259.21745 227.9168 258.81628 228.10542 258.34961 228.2832 C 257.90516 228.43876 257.37222 228.51758 256.75 228.51758 C 255.66111 228.51758 254.77287 228.17131 254.08398 227.48242 C 253.39509 226.79354 253.05078 225.73863 253.05078 224.31641 L 253.05078 204.05078 L 270.44922 204.05078 L 270.44922 232.84961 L 276.38281 232.84961 L 276.38281 199.75 L 253.05078 199.75 L 253.05078 188.11719 L 250.05078 188.11719 z M 192.84961 198.55078 C 190.47183 198.55078 188.373 199.05078 186.55078 200.05078 C 184.72856 201.05078 183.08385 202.3602 181.61719 203.98242 L 181.15039 200.31641 C 180.95039 199.49419 180.42842 199.08398 179.58398 199.08398 L 176.01758 199.08398 L 176.01758 232.84961 L 181.98242 232.84961 L 181.98242 207.98242 C 183.24909 206.53798 184.63928 205.39522 186.15039 204.55078 C 187.68372 203.70634 189.33941 203.2832 191.11719 203.2832 C 193.49496 203.2832 195.26046 203.9938 196.41602 205.41602 C 197.59379 206.81601 198.18359 208.79405 198.18359 211.34961 L 198.18359 232.84961 L 204.15039 232.84961 L 204.15039 211.34961 C 204.15039 209.4385 203.90491 207.69497 203.41602 206.11719 C 202.92713 204.53942 202.20556 203.1951 201.25 202.08398 C 200.31667 200.95065 199.13902 200.08242 197.7168 199.48242 C 196.3168 198.8602 194.69405 198.55078 192.84961 198.55078 z M 227.18359 198.55078 C 224.62804 198.55078 222.36058 198.98294 220.38281 199.84961 C 218.42725 200.71628 216.77157 201.92686 215.41602 203.48242 C 214.08268 205.01575 213.06072 206.84909 212.34961 208.98242 C 211.66072 211.11575 211.31641 213.43811 211.31641 215.94922 C 211.31641 218.70478 211.69366 221.16086 212.44922 223.31641 C 213.20477 225.47196 214.25065 227.29432 215.58398 228.7832 C 216.91732 230.24987 218.4832 231.37261 220.2832 232.15039 C 222.10542 232.92817 224.07248 233.31641 226.18359 233.31641 C 227.40581 233.31641 228.60542 233.21758 229.7832 233.01758 C 230.96098 232.81758 232.08373 232.50621 233.15039 232.08398 C 234.23928 231.63954 235.25026 231.09366 236.18359 230.44922 C 237.11693 229.80477 237.95026 229.0283 238.68359 228.11719 L 237.01758 225.94922 C 236.75091 225.57144 236.37171 225.38281 235.88281 225.38281 C 235.48281 225.38281 235.07261 225.56046 234.65039 225.91602 C 234.25039 226.24935 233.73941 226.62856 233.11719 227.05078 C 232.51719 227.473 231.74974 227.86124 230.81641 228.2168 C 229.88307 228.55013 228.69444 228.7168 227.25 228.7168 C 225.73889 228.7168 224.37262 228.43837 223.15039 227.88281 C 221.95039 227.30503 220.91745 226.48268 220.05078 225.41602 C 219.20634 224.32713 218.55065 222.99379 218.08398 221.41602 C 217.61731 219.81602 217.38281 217.99366 217.38281 215.94922 C 217.38281 213.99367 217.59535 212.22817 218.01758 210.65039 C 218.46202 209.07261 219.10478 207.7283 219.94922 206.61719 C 220.81588 205.50608 221.88373 204.66176 223.15039 204.08398 C 224.41706 203.48398 225.88412 203.18359 227.55078 203.18359 C 228.79522 203.18359 229.83915 203.3283 230.68359 203.61719 C 231.55026 203.88385 232.27183 204.18425 232.84961 204.51758 C 233.44961 204.85091 233.94961 205.16033 234.34961 205.44922 C 234.74961 205.71589 235.11589 205.84961 235.44922 205.84961 C 235.76033 205.84961 236.00582 205.78372 236.18359 205.65039 C 236.36137 205.51706 236.53902 205.32843 236.7168 205.08398 L 238.2832 202.94922 C 236.8832 201.54922 235.27144 200.47235 233.44922 199.7168 C 231.64922 198.93902 229.56137 198.55078 227.18359 198.55078 z M 300.34961 198.55078 C 297.86072 198.55078 295.61719 198.96098 293.61719 199.7832 C 291.63941 200.60542 289.95078 201.77209 288.55078 203.2832 C 287.15078 204.79431 286.07196 206.62765 285.31641 208.7832 C 284.58307 210.91653 284.2168 213.30477 284.2168 215.94922 C 284.2168 218.61588 284.58307 221.01705 285.31641 223.15039 C 286.07196 225.28372 287.15078 227.10608 288.55078 228.61719 C 289.95078 230.12829 291.63941 231.29496 293.61719 232.11719 C 295.61719 232.91719 297.86072 233.31641 300.34961 233.31641 C 302.81627 233.31641 305.0398 232.91719 307.01758 232.11719 C 308.99536 231.29496 310.68399 230.12829 312.08398 228.61719 C 313.48398 227.10608 314.54987 225.28372 315.2832 223.15039 C 316.03876 221.01705 316.41602 218.61588 316.41602 215.94922 C 316.41602 213.30477 316.03876 210.91653 315.2832 208.7832 C 314.54987 206.62765 313.48398 204.79431 312.08398 203.2832 C 310.68399 201.77209 308.99536 200.60542 307.01758 199.7832 C 305.0398 198.96098 302.81627 198.55078 300.34961 198.55078 z M 340.75 198.55078 C 338.37222 198.55078 336.27144 199.05078 334.44922 200.05078 C 332.627 201.05078 330.98424 202.3602 329.51758 203.98242 L 329.05078 200.31641 C 328.85078 199.49419 328.32687 199.08398 327.48242 199.08398 L 323.91602 199.08398 L 323.91602 232.84961 L 329.88281 232.84961 L 329.88281 207.98242 C 331.14948 206.53798 332.53967 205.39522 334.05078 204.55078 C 335.58411 203.70634 337.2398 203.2832 339.01758 203.2832 C 341.39536 203.2832 343.16085 203.9938 344.31641 205.41602 C 345.49419 206.81601 346.08398 208.79405 346.08398 211.34961 L 346.08398 232.84961 L 352.05078 232.84961 L 352.05078 211.34961 C 352.05078 209.4385 351.80529 207.69497 351.31641 206.11719 C 350.82751 204.53942 350.10594 203.1951 349.15039 202.08398 C 348.21706 200.95065 347.03941 200.08242 345.61719 199.48242 C 344.21719 198.8602 342.59444 198.55078 340.75 198.55078 z M 371.55078 198.55078 C 369.63967 198.55078 367.93811 198.81628 366.44922 199.34961 C 364.96033 199.88294 363.70582 200.60647 362.68359 201.51758 C 361.66137 202.40646 360.88294 203.45039 360.34961 204.65039 C 359.81628 205.82816 359.55078 207.06072 359.55078 208.34961 C 359.55078 209.79405 359.79432 211.02856 360.2832 212.05078 C 360.79432 213.05078 361.46098 213.8951 362.2832 214.58398 C 363.10543 215.27288 364.03954 215.84974 365.08398 216.31641 C 366.15065 216.76085 367.22752 217.16203 368.31641 217.51758 C 369.42752 217.87313 370.50634 218.21745 371.55078 218.55078 C 372.61745 218.86189 373.56059 219.23915 374.38281 219.68359 C 375.20503 220.10581 375.86072 220.62778 376.34961 221.25 C 376.86072 221.85001 377.11719 222.61745 377.11719 223.55078 C 377.11719 224.30633 376.97249 225.01693 376.68359 225.68359 C 376.41693 226.35026 375.9938 226.93811 375.41602 227.44922 C 374.83824 227.96033 374.11667 228.37249 373.25 228.68359 C 372.38333 228.97249 371.37236 229.11719 370.2168 229.11719 C 368.86124 229.11719 367.72752 228.9615 366.81641 228.65039 C 365.90529 228.33928 365.12881 227.99497 364.48438 227.61719 C 363.86215 227.23941 363.32726 226.8951 362.88281 226.58398 C 362.43837 226.27287 362.01719 226.11719 361.61719 226.11719 C 361.23941 226.11719 360.92804 226.19405 360.68359 226.34961 C 360.43915 226.50516 360.22856 226.72869 360.05078 227.01758 L 358.65039 229.2832 C 359.98372 230.4832 361.60647 231.47222 363.51758 232.25 C 365.42869 233.00555 367.56046 233.38281 369.91602 233.38281 C 371.98268 233.38281 373.80503 233.10633 375.38281 232.55078 C 376.96059 231.99523 378.29393 231.23876 379.38281 230.2832 C 380.4717 229.30543 381.29406 228.16072 381.84961 226.84961 C 382.40516 225.51628 382.68359 224.07314 382.68359 222.51758 C 382.68359 221.16203 382.42712 220.00634 381.91602 219.05078 C 381.42712 218.07301 380.77144 217.25065 379.94922 216.58398 C 379.127 215.91731 378.19484 215.36046 377.15039 214.91602 C 376.10595 214.47157 375.02713 214.07235 373.91602 213.7168 C 372.82713 213.33902 371.76124 212.99471 370.7168 212.68359 C 369.67235 212.35026 368.73823 211.973 367.91602 211.55078 C 367.0938 211.12856 366.42713 210.62856 365.91602 210.05078 C 365.42713 209.473 365.18359 208.74948 365.18359 207.88281 C 365.18359 207.19393 365.3283 206.5602 365.61719 205.98242 C 365.9283 205.38242 366.36046 204.86046 366.91602 204.41602 C 367.4938 203.97158 368.18438 203.62726 368.98438 203.38281 C 369.78437 203.11615 370.68359 202.98242 371.68359 202.98242 C 372.83915 202.98242 373.83915 203.11615 374.68359 203.38281 C 375.52804 203.62726 376.24961 203.90569 376.84961 204.2168 C 377.47183 204.50569 377.99379 204.77314 378.41602 205.01758 C 378.83824 205.26202 379.21745 205.38281 379.55078 205.38281 C 380.10633 205.38281 380.51654 205.13928 380.7832 204.65039 L 382.11719 202.48242 C 380.8283 201.2602 379.29535 200.30607 377.51758 199.61719 C 375.76202 198.90607 373.773 198.55078 371.55078 198.55078 z M 138.51562 199.08398 L 138.51562 220.61719 C 138.51562 222.5283 138.75013 224.27183 139.2168 225.84961 C 139.70568 227.42739 140.42726 228.77171 141.38281 229.88281 C 142.33837 230.99392 143.51602 231.8602 144.91602 232.48242 C 146.33823 233.08242 147.97196 233.38281 149.81641 233.38281 C 152.17196 233.38281 154.26177 232.89379 156.08398 231.91602 C 157.90621 230.91602 159.54896 229.60465 161.01562 227.98242 L 161.48242 231.61719 C 161.70464 232.43941 162.23954 232.84961 163.08398 232.84961 L 166.61719 232.84961 L 166.61719 199.08398 L 160.68359 199.08398 L 160.68359 223.98242 C 159.39471 225.44909 157.98255 226.5938 156.44922 227.41602 C 154.91589 228.23824 153.28411 228.65039 151.55078 228.65039 C 149.15078 228.65039 147.36137 227.95078 146.18359 226.55078 C 145.02803 225.15078 144.44922 223.17274 144.44922 220.61719 L 144.44922 199.08398 L 138.51562 199.08398 z M 393.58398 199.98242 C 393.0062 199.98242 392.46033 200.09419 391.94922 200.31641 C 391.43811 200.53863 390.99497 200.83902 390.61719 201.2168 C 390.26163 201.59458 389.97223 202.03968 389.75 202.55078 C 389.55 203.06189 389.44922 203.60581 389.44922 204.18359 C 389.44922 204.78359 389.55 205.3385 389.75 205.84961 C 389.97223 206.3385 390.26163 206.77261 390.61719 207.15039 C 390.99497 207.52816 391.43811 207.82855 391.94922 208.05078 C 392.46033 208.25078 393.0062 208.34961 393.58398 208.34961 C 394.16176 208.34961 394.70568 208.25078 395.2168 208.05078 C 395.72791 207.82855 396.173 207.52816 396.55078 207.15039 C 396.92855 206.77261 397.22699 206.3385 397.44922 205.84961 C 397.67144 205.3385 397.7832 204.78359 397.7832 204.18359 C 397.7832 203.60581 397.67144 203.06189 397.44922 202.55078 C 397.22699 202.03968 396.92855 201.59458 396.55078 201.2168 C 396.173 200.83902 395.72791 200.53863 395.2168 200.31641 C 394.70568 200.09419 394.16176 199.98242 393.58398 199.98242 z M 300.34961 203.2168 C 303.68294 203.2168 306.17196 204.33954 307.81641 206.58398 C 309.46085 208.82843 310.2832 211.9602 310.2832 215.98242 C 310.2832 219.98242 309.46085 223.10516 307.81641 225.34961 C 306.17196 227.57183 303.68294 228.68359 300.34961 228.68359 C 296.97183 228.68359 294.44987 227.57183 292.7832 225.34961 C 291.13876 223.10516 290.31641 219.98242 290.31641 215.98242 C 290.31641 213.98242 290.51602 212.19496 290.91602 210.61719 C 291.33824 209.01718 291.96098 207.67287 292.7832 206.58398 C 293.62764 205.4951 294.67157 204.66176 295.91602 204.08398 C 297.18268 203.5062 298.66072 203.2168 300.34961 203.2168 z M 393.58398 224.98242 C 393.0062 224.98242 392.46033 225.09419 391.94922 225.31641 C 391.43811 225.53863 390.99497 225.83902 390.61719 226.2168 C 390.26163 226.59458 389.97223 227.03967 389.75 227.55078 C 389.55 228.06189 389.44922 228.60582 389.44922 229.18359 C 389.44922 229.78359 389.55 230.3385 389.75 230.84961 C 389.97223 231.3385 390.26163 231.77261 390.61719 232.15039 C 390.99497 232.52817 391.43811 232.81758 391.94922 233.01758 C 392.46033 233.2398 393.0062 233.34961 393.58398 233.34961 C 394.16176 233.34961 394.70568 233.2398 395.2168 233.01758 C 395.72791 232.81758 396.173 232.52817 396.55078 232.15039 C 396.92855 231.77261 397.22699 231.3385 397.44922 230.84961 C 397.67144 230.3385 397.7832 229.78359 397.7832 229.18359 C 397.7832 228.60582 397.67144 228.06189 397.44922 227.55078 C 397.22699 227.03967 396.92855 226.59458 396.55078 226.2168 C 396.173 225.83902 395.72791 225.53863 395.2168 225.31641 C 394.70568 225.09419 394.16176 224.98242 393.58398 224.98242 z M 58.833984 267.88281 C 56.456208 267.88281 54.344443 268.24909 52.5 268.98242 C 50.677778 269.71575 49.133854 270.69379 47.867188 271.91602 C 46.622743 273.13823 45.666666 274.53941 45 276.11719 C 44.355555 277.69497 44.033203 279.32869 44.033203 281.01758 C 44.033203 283.12869 44.355555 284.90516 45 286.34961 C 45.666666 287.77183 46.532943 288.96046 47.599609 289.91602 C 48.666276 290.87157 49.887848 291.65 51.265625 292.25 C 52.643402 292.85 54.044575 293.38294 55.466797 293.84961 C 56.889018 294.29406 58.288238 294.73915 59.666016 295.18359 C 61.043793 295.60581 62.267318 296.12778 63.333984 296.75 C 64.40065 297.37223 65.255946 298.15065 65.900391 299.08398 C 66.567057 299.9951 66.900391 301.17275 66.900391 302.61719 C 66.900391 303.9283 66.676866 305.11693 66.232422 306.18359 C 65.787978 307.25026 65.145225 308.17144 64.300781 308.94922 C 63.478559 309.70478 62.465624 310.29458 61.265625 310.7168 C 60.065626 311.13902 58.699348 311.34961 57.166016 311.34961 C 55.943794 311.34961 54.844965 311.2398 53.867188 311.01758 C 52.88941 310.77313 52.010199 310.47274 51.232422 310.11719 C 50.476867 309.76163 49.799218 309.37144 49.199219 308.94922 C 48.599219 308.527 48.066276 308.13876 47.599609 307.7832 C 47.132943 307.42765 46.711762 307.13824 46.333984 306.91602 C 45.978429 306.67157 45.656077 306.55078 45.367188 306.55078 C 45.056076 306.55078 44.766666 306.63863 44.5 306.81641 C 44.255556 306.97196 44.044965 307.17157 43.867188 307.41602 L 42 310.48242 C 43.799999 312.39353 45.966668 313.91745 48.5 315.05078 C 51.033332 316.16189 53.855687 316.7168 56.966797 316.7168 C 59.500129 316.7168 61.754645 316.32855 63.732422 315.55078 C 65.732421 314.773 67.41007 313.70517 68.765625 312.34961 C 70.143402 310.99406 71.18928 309.40621 71.900391 307.58398 C 72.611501 305.73955 72.966797 303.77248 72.966797 301.68359 C 72.966797 299.70582 72.633463 298.03915 71.966797 296.68359 C 71.322352 295.32804 70.456076 294.18333 69.367188 293.25 C 68.300521 292.31667 67.076995 291.54922 65.699219 290.94922 C 64.343663 290.327 62.944444 289.7721 61.5 289.2832 C 60.077779 288.79432 58.678559 288.32726 57.300781 287.88281 C 55.945227 287.41615 54.721701 286.87222 53.632812 286.25 C 52.566147 285.62778 51.69987 284.88425 51.033203 284.01758 C 50.388759 283.12869 50.066406 282.01693 50.066406 280.68359 C 50.066406 279.63915 50.255035 278.67209 50.632812 277.7832 C 51.01059 276.87209 51.567449 276.08268 52.300781 275.41602 C 53.056336 274.74935 53.977517 274.22739 55.066406 273.84961 C 56.177516 273.44961 57.455947 273.25 58.900391 273.25 C 60.433723 273.25 61.734115 273.43863 62.800781 273.81641 C 63.889669 274.19419 64.810851 274.61732 65.566406 275.08398 C 66.344183 275.52842 66.988889 275.93863 67.5 276.31641 C 68.011111 276.69419 68.456207 276.88281 68.833984 276.88281 C 69.167317 276.88281 69.443794 276.80595 69.666016 276.65039 C 69.91046 276.47262 70.133985 276.21615 70.333984 275.88281 L 71.900391 272.81641 C 70.233725 271.21641 68.299609 269.99484 66.099609 269.15039 C 63.921832 268.30594 61.50065 267.88281 58.833984 267.88281 z M 443.9668 267.88281 C 441.58902 267.88281 439.47726 268.24909 437.63281 268.98242 C 435.81059 269.71575 434.26667 270.69379 433 271.91602 C 431.75555 273.13823 430.79948 274.53941 430.13281 276.11719 C 429.48837 277.69497 429.16602 279.32869 429.16602 281.01758 C 429.16602 283.12869 429.48837 284.90516 430.13281 286.34961 C 430.79948 287.77183 431.66771 288.96046 432.73438 289.91602 C 433.80104 290.87157 435.02261 291.65 436.40039 292.25 C 437.77817 292.85 439.17739 293.38294 440.59961 293.84961 C 442.02183 294.29406 443.42301 294.73915 444.80078 295.18359 C 446.17856 295.60581 447.40013 296.12778 448.4668 296.75 C 449.53346 297.37223 450.38876 298.15065 451.0332 299.08398 C 451.69987 299.9951 452.0332 301.17275 452.0332 302.61719 C 452.0332 303.9283 451.81163 305.11693 451.36719 306.18359 C 450.92275 307.25026 450.27804 308.17144 449.43359 308.94922 C 448.61137 309.70478 447.6004 310.29458 446.40039 310.7168 C 445.20039 311.13902 443.83411 311.34961 442.30078 311.34961 C 441.07856 311.34961 439.97778 311.2398 439 311.01758 C 438.02222 310.77313 437.14496 310.47274 436.36719 310.11719 C 435.61163 309.76163 434.93398 309.37144 434.33398 308.94922 C 433.73398 308.527 433.20104 308.13876 432.73438 307.7832 C 432.26771 307.42765 431.84458 307.13824 431.4668 306.91602 C 431.11124 306.67157 430.78889 306.55078 430.5 306.55078 C 430.18889 306.55078 429.89948 306.63863 429.63281 306.81641 C 429.38837 306.97196 429.17777 307.17157 429 307.41602 L 427.13281 310.48242 C 428.93281 312.39353 431.09948 313.91745 433.63281 315.05078 C 436.16614 316.16189 438.9885 316.7168 442.09961 316.7168 C 444.63294 316.7168 446.88941 316.32855 448.86719 315.55078 C 450.86719 314.773 452.54483 313.70517 453.90039 312.34961 C 455.27817 310.99406 456.3221 309.40621 457.0332 307.58398 C 457.74432 305.73955 458.09961 303.77248 458.09961 301.68359 C 458.09961 299.70582 457.76628 298.03915 457.09961 296.68359 C 456.45516 295.32804 455.58889 294.18333 454.5 293.25 C 453.43333 292.31667 452.21176 291.54922 450.83398 290.94922 C 449.47843 290.327 448.07726 289.7721 446.63281 289.2832 C 445.21059 288.79432 443.81137 288.32726 442.43359 287.88281 C 441.07804 287.41615 439.85646 286.87222 438.76758 286.25 C 437.70091 285.62778 436.83268 284.88425 436.16602 284.01758 C 435.52157 283.12869 435.19922 282.01693 435.19922 280.68359 C 435.19922 279.63915 435.3898 278.67209 435.76758 277.7832 C 436.14535 276.87209 436.70026 276.08268 437.43359 275.41602 C 438.18915 274.74935 439.11033 274.22739 440.19922 273.84961 C 441.31033 273.44961 442.58876 273.25 444.0332 273.25 C 445.56653 273.25 446.86693 273.43863 447.93359 273.81641 C 449.02248 274.19419 449.94366 274.61732 450.69922 275.08398 C 451.47699 275.52842 452.1217 275.93863 452.63281 276.31641 C 453.14393 276.69419 453.58902 276.88281 453.9668 276.88281 C 454.30013 276.88281 454.57856 276.80595 454.80078 276.65039 C 455.04523 276.47262 455.2668 276.21615 455.4668 275.88281 L 457.0332 272.81641 C 455.36654 271.21641 453.43437 269.99484 451.23438 269.15039 C 449.0566 268.30594 446.63346 267.88281 443.9668 267.88281 z M 77 268.41602 L 91.900391 316.18359 L 97.699219 316.18359 L 109.86719 279.75 C 109.97829 279.41667 110.07712 279.05039 110.16602 278.65039 C 110.27712 278.22816 110.38889 277.79406 110.5 277.34961 C 110.7 278.26072 110.92157 279.06111 111.16602 279.75 L 123.26562 316.18359 L 129.06641 316.18359 L 143.9668 268.41602 L 138.93359 268.41602 C 138.37803 268.41602 137.9 268.57171 137.5 268.88281 C 137.12223 269.19393 136.87674 269.54922 136.76562 269.94922 L 126.86719 303.15039 C 126.71163 303.72817 126.56693 304.35091 126.43359 305.01758 C 126.30026 305.68424 126.16654 306.37288 126.0332 307.08398 C 125.89987 306.37288 125.74419 305.68424 125.56641 305.01758 C 125.41085 304.35091 125.2332 303.72817 125.0332 303.15039 L 113.83398 269.94922 C 113.65621 269.50477 113.38876 269.1385 113.0332 268.84961 C 112.67765 268.56072 112.21059 268.41602 111.63281 268.41602 L 109.76562 268.41602 C 109.21007 268.41602 108.73398 268.58268 108.33398 268.91602 C 107.9562 269.22712 107.69974 269.57144 107.56641 269.94922 L 96.333984 303.15039 C 96.133985 303.72817 95.943403 304.37288 95.765625 305.08398 C 95.610069 305.77288 95.456336 306.49445 95.300781 307.25 C 95.167448 306.49445 95.022743 305.77288 94.867188 305.08398 C 94.733854 304.3951 94.589149 303.75039 94.433594 303.15039 L 84.566406 269.94922 C 84.455295 269.50477 84.200781 269.1385 83.800781 268.84961 C 83.423004 268.56072 82.944965 268.41602 82.367188 268.41602 L 77 268.41602 z M 161.43359 268.41602 L 142.33398 316.18359 L 147.33398 316.18359 C 147.88954 316.18359 148.35464 316.02791 148.73242 315.7168 C 149.11019 315.40568 149.36667 315.05039 149.5 314.65039 L 153.9668 303.11719 L 175.40039 303.11719 L 179.86719 314.65039 C 180.04496 315.09484 180.31046 315.46111 180.66602 315.75 C 181.02157 316.03889 181.48863 316.18359 182.06641 316.18359 L 187.06641 316.18359 L 167.9668 268.41602 L 161.43359 268.41602 z M 193.36719 268.41602 L 193.36719 316.18359 L 199.80078 316.18359 L 199.80078 298.31641 L 207.4668 298.31641 C 210.35568 298.31641 212.89961 297.95013 215.09961 297.2168 C 217.32183 296.46124 219.17713 295.41732 220.66602 294.08398 C 222.17713 292.75065 223.32183 291.16085 224.09961 289.31641 C 224.87739 287.47196 225.26758 285.43902 225.26758 283.2168 C 225.26758 280.97236 224.89935 278.93941 224.16602 277.11719 C 223.4549 275.29497 222.36706 273.73811 220.90039 272.44922 C 219.43373 271.16033 217.57843 270.17131 215.33398 269.48242 C 213.11176 268.77132 210.48901 268.41602 207.4668 268.41602 L 193.36719 268.41602 z M 233.40039 268.41602 L 233.40039 316.18359 L 239.86719 316.18359 L 239.86719 294.44922 L 265.63281 294.44922 L 265.63281 316.18359 L 272.09961 316.18359 L 272.09961 268.41602 L 265.63281 268.41602 L 265.63281 289.7168 L 239.86719 289.7168 L 239.86719 268.41602 L 233.40039 268.41602 z M 297.5 268.41602 L 278.40039 316.18359 L 283.40039 316.18359 C 283.95594 316.18359 284.423 316.02791 284.80078 315.7168 C 285.17856 315.40568 285.43307 315.05039 285.56641 314.65039 L 290.0332 303.11719 L 311.4668 303.11719 L 315.93359 314.65039 C 316.11137 315.09484 316.37882 315.46111 316.73438 315.75 C 317.08993 316.03889 317.55503 316.18359 318.13281 316.18359 L 323.13281 316.18359 L 304.0332 268.41602 L 297.5 268.41602 z M 329.43359 268.41602 L 329.43359 316.18359 L 335.09961 316.18359 L 335.09961 282.15039 C 335.09961 281.70594 335.08861 281.21693 335.06641 280.68359 C 335.04421 280.15026 335.01126 279.60633 334.9668 279.05078 L 362.59961 315.01758 C 362.93294 315.4398 363.26628 315.73824 363.59961 315.91602 C 363.95516 316.0938 364.38928 316.18359 364.90039 316.18359 L 368.13281 316.18359 L 368.13281 268.41602 L 362.4668 268.41602 L 362.4668 302.25 C 362.4668 302.73889 362.4778 303.26085 362.5 303.81641 C 362.54442 304.34974 362.58835 304.9066 362.63281 305.48438 L 335 269.51758 C 334.82223 269.29535 334.65556 269.11576 334.5 268.98242 C 334.34445 268.82687 334.18876 268.71706 334.0332 268.65039 C 333.87765 268.56148 333.7 268.50462 333.5 268.48242 C 333.3 268.43796 333.05646 268.41602 332.76758 268.41602 L 329.43359 268.41602 z M 380.33398 268.41602 L 380.33398 316.18359 L 398.16602 316.18359 C 401.67713 316.18359 404.87869 315.61575 407.76758 314.48242 C 410.67869 313.32686 413.1677 311.70607 415.23438 309.61719 C 417.30104 307.5283 418.89987 305.01731 420.0332 302.08398 C 421.16654 299.15065 421.73438 295.89418 421.73438 292.31641 C 421.73437 288.73863 421.16654 285.48411 420.0332 282.55078 C 418.89987 279.61745 417.30104 277.10647 415.23438 275.01758 C 413.1677 272.90647 410.67869 271.28372 407.76758 270.15039 C 404.87869 268.99484 401.67713 268.41602 398.16602 268.41602 L 380.33398 268.41602 z M 199.80078 273.51758 L 207.4668 273.51758 C 211.28901 273.51758 214.13333 274.37287 216 276.08398 C 217.88888 277.7951 218.83398 280.17236 218.83398 283.2168 C 218.83398 284.68347 218.5885 286.02778 218.09961 287.25 C 217.61072 288.47222 216.87816 289.52712 215.90039 290.41602 C 214.94483 291.28268 213.7562 291.96033 212.33398 292.44922 C 210.93399 292.93811 209.31124 293.18359 207.4668 293.18359 L 199.80078 293.18359 L 199.80078 273.51758 z M 386.80078 273.65039 L 398.16602 273.65039 C 400.74379 273.65039 403.07713 274.07157 405.16602 274.91602 C 407.25491 275.76046 409.03333 276.98399 410.5 278.58398 C 411.96667 280.18398 413.10039 282.13811 413.90039 284.44922 C 414.70039 286.76033 415.09961 289.38308 415.09961 292.31641 C 415.09961 295.24974 414.70039 297.87248 413.90039 300.18359 C 413.10039 302.4947 411.96667 304.45078 410.5 306.05078 C 409.03333 307.62856 407.25491 308.83915 405.16602 309.68359 C 403.07713 310.52803 400.74379 310.94922 398.16602 310.94922 L 386.80078 310.94922 L 386.80078 273.65039 z M 164.66602 274.58398 C 164.91046 275.45065 165.14496 276.26203 165.36719 277.01758 C 165.61163 277.77314 165.85516 278.43981 166.09961 279.01758 L 173.59961 298.44922 L 155.76758 298.44922 L 163.26758 279.05078 C 163.51202 278.473 163.74457 277.80634 163.9668 277.05078 C 164.21124 276.27301 164.44379 275.45065 164.66602 274.58398 z M 300.73242 274.58398 C 300.97687 275.45065 301.21137 276.26203 301.43359 277.01758 C 301.67804 277.77314 301.92157 278.43981 302.16602 279.01758 L 309.66602 298.44922 L 291.83398 298.44922 L 299.33398 279.05078 C 299.57843 278.473 299.81098 277.80634 300.0332 277.05078 C 300.27765 276.27301 300.5102 275.45065 300.73242 274.58398 z " />
</svg>
