<svg xmlns="http://www.w3.org/2000/svg" viewBox="0 0 800 800" width="800" height="800">
	<defs>
		<radialGradient id="grd1" gradientUnits="userSpaceOnUse"  cx="400" cy="400" r="442.25">
			<stop offset="0" stop-color="#ffffff" stop-opacity="0" />
			<stop offset="1" stop-color="#000000"  />
		</radialGradient>
	</defs>
	<style>
		tspan { white-space:pre }
		.shp0 { fill: #695d3e } 
		.shp1 { fill: #9f9f9f } 
		.shp2 { fill: #3e3e46 } 
		.shp3 { opacity: 0.502;fill: url(#grd1) } 
	</style>
	<path id="Forma 1" class="shp0" d="M399.02 800C177.82 799.45 -0.54 620.21 0 399.02C0.55 177.82 179.79 -0.54 400.98 0C622.18 0.55 800.54 179.79 800 400.98C799.45 622.18 620.21 800.54 399.02 800Z" />
	<path id="Camada 1" class="shp1" d="M400 783C188.2 783 17 611.8 17 400C17 188.2 188.2 17 400 17C611.8 17 783 188.2 783 400C783 611.8 611.8 783 400 783Z" />
	<path id="Layer" fill-rule="evenodd" class="shp0" d="M635.78 456.8C635.8 475.7 631.82 493.13 616.09 504.83C615.59 505.23 615 505.54 614.4 505.84C606.2 521.39 594.48 534.87 579.05 544.57C573.27 548.2 566.36 546.45 561.43 542.38C546.45 530.08 533.26 515.96 521.56 500.54C515.69 505.07 509.13 510.62 505.26 516.44C504.77 517.15 504.37 517.65 503.88 518.25C512.93 526.09 522.08 534.03 531.13 541.88C537.36 547.24 545.4 552.48 549.54 559.86C555.11 569.72 549.67 579.76 543.93 588.09C534.91 601.25 523.78 612.63 510.44 621.51C482.36 640.09 446.08 643.43 415.68 628.52C409.36 625.36 407.72 618.87 409.18 612.86C384.69 628.82 356.85 638.9 326.91 633.49C292.87 627.31 270.09 598.76 250.32 572.89C245.28 566.32 249.62 557.19 255.39 553.05C271.42 541.65 287.55 530.15 303.57 518.74C302.87 518.15 302.17 517.55 301.46 516.96C295.63 512.19 289.8 507.23 284.86 501.56C276.21 509.22 267.46 516.67 258.41 523.93C256.12 525.85 253.43 527.17 250.73 527.78C249.45 529.89 248.16 531.9 246.97 534.01C242.42 541.94 230.73 543.81 224.19 537.05C214.43 526.92 204.46 516.98 194.89 506.64C185.83 496.7 178.56 485.85 174.58 472.97C167.22 449.12 170.96 423.09 176.7 399.26C177 398.35 177.29 397.45 177.69 396.65C176.57 394.66 175.56 392.66 174.85 390.37C169.34 373.9 171.41 353.29 175.5 336.76C179.69 319.64 187.79 303.68 198.5 289.71C203.46 283.28 208.92 277.35 215.08 272.21C216.48 271 217.97 269.69 219.46 268.48C219.56 267.88 219.75 267.28 219.95 266.68C223.19 257.15 231.86 253 241.18 256.34C246.8 258.4 250.53 263.48 254.26 267.85C262.12 277 269.28 286.56 275.94 296.52C276.35 297.11 276.55 297.61 276.85 298.11C283.71 291.37 290.57 284.52 297.52 277.88C287.26 267.64 277.59 256.9 269.01 245.16C268.51 245.16 268.01 245.07 267.51 244.97C265.61 244.88 263.81 244.39 262.1 243.3C260.39 242.41 258.99 241.22 257.98 239.63C256.67 238.24 255.76 236.64 255.34 234.75C254.43 231.75 254.61 229.45 255.19 226.45C255.19 226.25 255.29 226.15 255.29 226.05C255.58 225.44 255.78 224.84 256.08 224.24C256.37 223.64 256.57 223.04 256.87 222.44C256.86 222.34 256.96 222.34 256.96 222.24C257.56 221.43 258.25 220.53 258.95 219.62C260.13 216.52 262.21 213.8 265.1 212.08C266.39 211.37 267.69 210.87 268.99 210.56C286.58 193.04 304.15 172.63 327.38 162.98C339.45 158 353.34 156.71 365.87 160.93C376.69 164.56 385.84 171 394.58 178.05C412.19 163.33 433.53 154.2 457.58 161.34C473.21 166.04 487.57 175.25 501.42 183.46C515.47 191.87 529.33 200.68 542.79 209.99C551.63 216.04 552.81 229.03 542.95 234.99C531.4 241.97 521.78 254.63 512.65 266.09C509.48 270.11 506.2 274.03 502.93 277.95L526.09 303C534.73 293.55 543.57 284.29 554.83 277.72C555.43 277.41 556.02 277.11 556.72 276.81C557.31 275.7 558.01 274.7 558.9 273.79C561.68 270.87 564.36 267.96 567.15 265.04C574.2 257.49 584.52 260.63 589.96 267.79C602.37 284.11 614.18 300.74 622 319.89C629.52 338.34 634.29 364.11 621.8 381.49C619.82 384.4 616.93 386.52 613.84 387.74C618.41 398.31 621.88 409.29 624.25 420.37C625.97 423.56 627.69 426.65 629.31 429.84C633.97 438.71 636.02 447 635.78 456.8ZM557.68 332.2C566.92 338.54 575.77 345.68 583.72 353.53C584.11 352.03 584.6 350.63 585.09 349.42C586.37 345.92 586.36 345.02 586.34 341.62C586.41 336.62 583.67 330.63 580.44 325.55C578.92 323.06 577.4 320.67 575.69 318.28C572.9 320.5 570.22 322.82 567.53 324.84C564.25 327.26 560.86 329.78 557.68 332.2ZM442.31 212.74C453.08 224.27 463.86 235.9 474.63 247.53C481.98 239.99 489.33 232.44 496.69 224.89C489.25 219.04 480.92 214.69 471.6 212.35C462.39 210.01 452.09 210.28 442.31 212.74ZM364.82 276.74C376 289.17 386.79 303 398.96 314.22C405.63 309.18 412.6 304.44 419.77 300.09C422.66 298.37 425.45 296.65 428.34 295.23C432.21 291.21 436.19 287.18 440.06 283.16C427.16 267.64 414.36 252.22 401.66 236.6C399.77 238.32 397.88 240.13 395.99 242.04C390.53 247.48 385.37 253.21 380.4 259.14C377.82 262.16 375.44 265.07 372.96 268.09C370.48 271.21 368.1 274.62 364.82 276.74ZM313.19 225.77C321.34 233.32 329.49 240.87 337.44 248.62C338.61 244.91 340.49 241.5 342.87 238.28C348.82 230.34 354.97 222.6 361.22 214.96C360.32 214.37 359.41 213.78 358.51 213.08C357.4 212.29 356.4 211.4 355.29 210.5C354.49 209.91 354.99 210.3 353.58 209.41C352.68 208.82 351.78 208.22 350.77 207.73C350.57 207.63 349.47 207.24 349.37 207.14C348.67 206.94 347.87 206.75 347.16 206.55C346.86 206.56 346.16 206.36 345.76 206.36C344.56 206.27 343.26 206.58 341.67 207.19C340.57 207.7 338.08 209.11 336.59 210.12C332.01 212.95 327.63 216.08 323.14 219.11C319.86 221.33 316.57 223.55 313.19 225.77ZM223.32 355.46C232.65 344.9 242.19 334.53 251.82 324.37C250.23 325.18 248.53 325.89 246.83 326.3C239.85 328.15 234.52 324.48 229.4 320.42C224.47 331.35 222.44 342.86 223.32 355.46ZM250.02 464.49C248.22 464.3 246.42 463.71 244.91 462.62C234.47 455.59 224.42 447.85 215.06 439.51C214.96 439.81 214.97 440.01 214.87 440.31C214.77 440.71 214.39 443.61 214.29 443.62C214.2 444.92 214.11 446.32 214.01 447.62C213.94 450.92 214.06 454.22 214.38 457.52C214.38 457.62 214.38 457.72 214.38 457.82C214.59 458.51 214.69 459.21 214.79 459.91C215.1 461.51 215.51 463.11 215.92 464.71C216.34 466.3 216.85 467.9 217.36 469.5C217.46 470 219.08 473.79 218.78 473.19C220.1 475.98 221.62 478.67 223.33 481.26C225.35 484.45 225.15 484.25 227.16 486.33C228.95 484.62 230.74 482.81 232.53 481.1C236.8 476.97 241.08 472.84 245.35 468.72C246.84 467.31 248.43 465.8 250.02 464.49ZM313.13 403.38C302.45 390.95 292.96 377.51 284.67 363.36C270.75 376.05 256.13 388.04 241.51 399.94C242.72 401.53 243.93 403.02 245.04 404.42C249.98 410.38 255.61 415.75 260.85 421.52L272.7 430.04C275.22 431.92 277.23 434.21 278.45 436.7C290.07 425.63 301.6 414.45 313.13 403.38ZM353.9 584.32C345.44 574.77 338.67 563.82 331.7 552.96C330.51 554.67 329.12 556.28 327.33 557.49C324.04 559.81 321.06 562.23 317.97 564.85C315.79 566.86 313.6 569.48 311.22 571.59C311.42 571.99 311.62 572.39 311.72 572.59C313.74 575.88 314.85 577.37 316.26 578.96C317.37 580.15 318.58 581.35 319.79 582.54C319.99 582.74 320.99 583.53 321.8 584.23C323.99 583.71 326.19 583.8 328.5 584.18C331.7 584.86 332.9 585.05 337 585.23C340.61 585.4 344.21 585.38 347.8 585.06C350.6 584.84 351.4 584.74 353.9 584.32ZM438.43 526.17C437.82 525.48 437.32 524.78 436.71 524.08C425.73 511.55 413.36 500.33 400.2 491.12C399.5 491.82 398.71 492.53 397.91 493.13C390.95 498.48 383.88 503.82 376.91 509.17C372.24 512.8 367.47 517.13 362.08 520.06C367.23 526.63 372.37 533.3 377.71 539.76C379.01 540.06 380.12 540.65 381.22 541.44C389.16 547.49 396.5 553.74 403.25 561L403.35 561.1C416.19 551.22 427.61 538.84 438.43 526.17ZM486.89 567.26C482.67 563.69 478.44 560.02 474.22 556.44C464.19 566.51 453.95 576.57 443.41 586.14C444.91 585.93 446.61 585.92 448.21 586.01C451.01 586.19 453.71 586.48 456.51 586.26C457.01 586.15 457.01 586.25 457.01 586.25C457.21 586.25 457.41 586.15 458.11 585.95C459.61 585.54 461.11 585.13 462.6 584.62C464.1 584.11 465.3 583.5 467.79 582.09C470.08 580.67 472.37 579.26 474.56 577.64C478.14 575.02 482.12 571.59 486.1 567.97C486.39 567.77 486.69 567.46 486.89 567.26ZM494.52 463.11C492.81 461.62 491.1 460.03 489.39 458.34C483.55 452.58 477.72 446.92 471.88 441.26C463.43 433.01 454.97 424.76 446.52 416.52C442.22 416.75 437.81 415.17 434.99 412.39C430.56 408.02 429.93 402.43 431.8 397.31C431.45 390.62 436.51 384.28 442.8 382.24C456.5 366.65 475.97 347.33 491.59 333.73C484.84 325.97 476.81 321.42 470.16 313.56C450.98 332.69 428.21 353.04 406.82 369.57C400.15 374.82 391.22 370.17 386.98 364.5C385.27 362.21 383.76 360.42 381.54 357.74C377.25 358.96 372.44 358.19 368.32 354.02C356.14 341.8 344.35 329.18 333.07 316.25C327.5 320.58 322.23 325.42 317.16 330.55C325.11 337.5 331.96 345.76 338.42 354.11C343.96 361.28 347.9 366.75 352.53 372.22C355.05 375.31 357.67 378.19 360.49 380.97C362 382.46 363.51 383.85 365.02 385.24C365.82 386.04 366.63 386.73 367.53 387.43C367.63 387.53 367.83 387.63 367.93 387.72C376.07 393.67 377.23 402.56 370.98 410.51C354.91 431.01 337.64 450.62 319.36 469.24C325.29 475.2 330.93 481.36 336.28 487.63C341.14 481.9 346.61 476.96 352.98 472.82C353.86 469.02 356.23 465.5 359.62 463.08C372.06 454.1 383.59 443.32 394.02 431.66C398.98 426.13 409.48 425.86 414.52 431.53C426.2 444.75 438.69 458.67 452.45 468.48C458.18 472.54 466.01 477.39 472.75 483.05C479.91 476.4 487.16 469.86 494.52 463.11ZM562.33 401.67C562.92 401.17 563.52 400.66 564.12 400.26C555.02 385.92 545.44 372.98 531.87 361.87C529.66 359.98 528.34 357.49 527.82 354.69C524.74 357.01 521.55 359.43 518.47 361.75C508.03 371.92 497.6 381.99 487.06 392.06C497.55 405.59 508.14 419.12 518.62 432.65C520.04 434.55 520.75 436.84 520.77 439.14C534.49 426.55 548.31 414.06 562.33 401.67ZM560.19 473.59C560.69 473.98 560.99 474.28 561.09 474.38C561.5 474.68 562 475.08 562.5 475.37C564.01 476.36 565.61 477.25 567.32 478.04C568.12 478.44 568.92 478.83 569.83 479.23C568.42 478.73 568.62 478.83 570.23 479.42C572.03 480.01 573.74 480.7 575.54 481.29C576.14 481.39 576.64 481.58 577.14 481.78C577.93 479.47 578.61 477.17 579.3 474.86C580.57 470.16 581.64 465.45 582.41 460.64C582.98 456.94 583.26 452.74 583.33 448.44C575.28 456.49 566.93 464.34 558.28 471.8C558.78 472.3 559.28 472.89 560.19 473.59Z" />
	<path id="Layer" fill-rule="evenodd" class="shp2" d="M633.6 481.2C630.5 491.7 624.1 500.9 617.5 509.5C611.1 517.9 603.9 525.7 596 532.7C592.1 536.2 588 539.6 583.7 542.7C579.6 545.7 575.2 549.4 570.2 550.7C565.7 551.9 561.9 550.3 558.7 547.2C554.7 543.3 551.1 538.8 547.3 534.7L521.3 506.2C521.3 506.1 521.3 506.1 521.2 506C516.4 510.4 511.6 514.7 506.8 519C512.2 524.4 517.6 529.9 522.9 535.4C533 545.7 543.6 556 552.6 567.3C556.2 571.8 556.2 576.3 552.7 580.9C548.4 586.6 543.4 591.9 538.8 597.4C530.1 607.7 521.6 618 510.5 625.8C500.4 632.9 488.7 637.8 476.7 640.3C451.5 645.5 424.9 639.4 404.2 624.1C403.2 623.4 402.8 622.5 402.7 621.5C386.3 630.6 368 636.3 349.1 635.9C326.5 635.5 304.5 627.2 286.4 614.1C277.3 607.5 268.9 599.7 261.6 591.1C258.2 587.1 254.9 582.9 251.9 578.6C249.1 574.6 245.3 570.1 244 565.3C242.6 560.5 244.8 556.6 248.3 553.5C252.6 549.7 257.3 546.2 261.7 542.6C272.1 534.1 282.5 525.7 292.9 517.2C289.2 512.9 285.6 508.6 282 504.3C266.3 518.7 250.5 533 234.4 547C232.9 548.3 231.2 548.1 229.9 547.2C228.7 547.7 227.3 547.7 226.1 546.7C182.6 512.3 144.7 450.6 174.6 395.6C173.3 391.5 172.7 387.1 172.5 382.5C171.7 364.8 171.2 346.9 174.3 329.4C177.2 312.6 184.2 297.4 195.3 284.5C206.2 272 219.8 262.1 233.1 252.4C234 251.7 235.7 251.7 236.6 252.4C252.4 264.1 265.9 278.3 276.7 294.8C281.9 289.8 287.3 284.8 292.6 279.8C279.3 265.2 266.3 250.3 253.8 235.1C252 234.8 250.2 233.2 250.5 230.8C251.6 223.5 255.8 217.6 260.7 212.3C266.5 205.9 272.7 199.8 278.9 193.9C291.1 182.2 304.5 171.4 320.1 164.6C346 153.3 379.2 155 397 178.8C410.7 168.5 426.3 160 443.4 159.7C466.3 159.3 487.4 171.7 505.8 184C515.7 190.7 525.4 197.7 534.7 205.2C539.5 209 544.2 213 548.8 217C551.7 219.5 557 222.8 557.1 227.1C557.3 231.7 551.5 235.4 548.5 238.2C543.7 242.7 538.8 247.3 534 251.9C525.2 260.3 516.4 268.6 507.6 277C514.1 283.7 520.5 290.3 527 297C527.1 297.1 527.2 297.3 527.3 297.4C542.9 283 558.5 268.5 574.1 254.1C575.6 252.7 577.5 252.9 579 254.1C589.2 262.1 597.8 271.8 605.7 282.1C613.7 292.6 621.7 303.8 627.5 315.8C633.2 327.7 635.7 340.3 634 353.4C632.2 366.5 626.9 378.8 620.5 390.2C620.4 390.3 620.3 390.5 620.2 390.6C624.4 396.5 627.3 403 629.2 410.5C632.1 422 634.1 433.7 635.1 445.5C636.2 457.2 637.1 469.7 633.6 481.2ZM450 378.4C446.4 381.8 442.7 385.1 439.1 388.5C436.7 390.6 430.8 394.2 432.3 397.2C433.3 399.2 436.1 401.3 437.7 403C439.3 404.7 440.8 406.4 442.4 408.1C445.5 411.5 448.7 414.9 451.8 418.3C464.2 431.7 476.5 445.1 488.9 458.5C497 451.2 505.1 444 513.2 436.8C502.9 425.6 493.4 413.9 484.5 401.6C483.5 400.3 484.1 398.5 485 397.4C504.6 374.2 526.3 352.9 550.1 334C555.6 329.6 561.3 325.3 567 321.2C571.7 317.9 576.2 314.5 580.3 320.4C587.1 330.1 593 344.1 585.6 355C594.9 364.1 604.2 373 613.3 382.2C614.1 383 614.8 383.9 615.6 384.7C621.5 373.9 626.3 362.2 627.4 349.8C628.5 337.3 625 325.5 619 314.6C608.3 295 593.9 275.5 576.6 261.1L532.3 302.1C504.8 327.5 477.4 352.9 450 378.4ZM581.3 337.8C580.5 334.8 579.1 331.9 577.5 329.2C576.7 327.8 575.8 325.7 574.6 324.4C572.9 325.3 571.3 326.9 569.9 327.9C568 329.3 566.1 330.7 564.2 332.1C563.6 332.5 562.9 333 562.3 333.5C564 334.3 565.7 335.7 567.2 337.1C571.7 341.3 576 345.7 580.4 350C582.3 346.3 582.4 342.1 581.3 337.8ZM492 400.1C500.2 411.4 509.1 422.1 518.5 432.3C530.9 421.4 543.4 410.6 556 399.9C547.6 386.7 537.4 374.8 524.9 365.3C513.3 376.4 502.3 388 492 400.1ZM380.8 408.1C361.3 428.1 341.5 447.8 321.3 467.2C325.1 471.9 328.9 476.7 332.8 481.4C354.8 463 375.4 443.1 394.5 421.7C397.5 418.3 401.9 419.4 405.3 422.1C411.4 427 416.9 432.9 422.6 438.3C434.7 449.7 446.8 461 458.9 472.4C461.3 474.7 463.8 477 466.2 479.3C466.4 479.1 466.5 479 466.7 478.8C472.3 473.6 478 468.4 483.7 463.2C468.4 446.7 453.2 430.2 438 413.7C434.4 409.8 430.7 405.9 427.2 402C425.4 400 423.6 397.9 423.9 395C424.3 391.4 428 389.1 430.4 386.8C434 383.4 437.7 380.1 441.3 376.7C455.8 363.2 470.4 349.7 485 336.2C485.7 335.6 486.4 334.9 487.1 334.3L472.9 318.7C471.4 319.9 469.7 320.7 467.7 321L414.4 366.8C409.2 371.3 401.6 381.8 394.2 376.4C386.7 371 379.8 364.3 372.8 358.1C359.7 346.5 346.8 334.6 334.3 322.4C330.6 326.2 326.7 329.9 322.7 333.4C345.7 353.8 365.5 377.5 381.4 403.8C382.2 405.2 381.9 407 380.8 408.1ZM473.6 252.2C471 252.8 468.9 250.1 469.4 247.9C459.8 238 450.2 228.1 440.6 218.2C440.4 218.2 440.3 218.2 440.2 218.3C434.6 220.8 429.6 224.7 424.7 228.3C419.7 232 414.8 235.8 410.1 239.7L492 329.4C492.1 329.5 492.1 329.6 492.2 329.7L522 302.1C521.9 302 521.9 302 521.8 301.9C505.8 285.3 489.7 268.8 473.6 252.2ZM297.6 274.8C309.9 288.1 322.4 301.1 335.3 313.8C336.3 314.1 337.1 314.9 337.5 315.9C349.7 327.9 362.1 339.5 374.9 350.8C381.5 356.7 388.2 362.4 394.9 368.1C397.9 370.6 399.9 370.2 402.7 367.8L408 363.3C411.8 360.1 415.5 356.8 419.3 353.6C434.1 340.8 449 328.1 463.8 315.3C464.5 314.6 465.3 314.4 466.1 314.4C466.32 314.33 466.48 314.25 466.67 314.22C466.42 314.22 467.33 314 467.5 314L467.6 314C467.8 314 467.9 313.9 468.1 313.8C468.1 313.7 468.2 313.7 468.2 313.7L442.6 285.6C442.4 285.9 442.1 286.2 441.8 286.4C435.5 291.1 429.2 295.9 422.9 300.6C417.1 305 411.4 310.2 405.1 314C400 317.1 397.1 313.9 393.5 310.3C388.1 304.9 382.8 299.4 377.4 294C373.2 289.8 369.1 285.6 365 281.4C364.2 281.1 363.5 280.4 363.1 279.5C346.2 262.3 329.2 245.1 312.3 227.9C310.6 226.2 311.3 224 312.7 222.8C312.8 222.5 313 222.3 313.2 222.1C320.6 214.5 329.9 208.9 340.1 206C348.4 203.6 358.3 202.2 366.1 206.3C372.4 200 378.7 193.9 385.4 188.1C387.4 186.4 389.4 184.7 391.5 183C374.8 160.2 342.4 161.1 319 172.7C305.3 179.5 293.5 189.4 282.6 199.9C277.6 204.7 272.7 209.7 267.8 214.8C263.7 219.1 259.8 223.5 258.1 229.1C270.9 244.7 284.1 260 297.6 274.8ZM466.9 314.2C466.82 314.2 466.74 314.21 466.67 314.22C466.71 314.22 466.79 314.21 466.9 314.2ZM378.5 203.9C364.8 217.1 352.1 231.4 338.4 244.6C347.6 253.9 356.9 263.3 366.1 272.7C383.8 252.7 403.6 234.7 425.4 219.2C429 216.6 432.8 214.1 436.9 212.2C437.5 210 440.3 208.4 442.4 210.2C442.7 210.1 442.9 210.1 443.2 210C449.4 208.6 455.8 209.2 462 210.4C474.7 212.8 488.4 215.9 499 223.8C500.5 224.9 501.5 226.9 500.3 228.6C494.7 236.6 487.9 243.4 479.8 248.7C487.3 256.5 494.9 264.2 502.4 272C511.2 263.7 520 255.3 528.8 247C533.6 242.5 538.5 237.9 543.3 233.3C544.4 232.3 549.5 228.6 549.2 226.9C548.9 225.2 543.6 221.9 542.3 220.8C525.8 206.5 508.2 193.1 489.4 182C471.5 171.3 450 162.4 429 169C418.2 172.4 408.1 178.6 398.9 185.8C398.7 186.1 398.3 186.4 397.9 186.6C391.1 192 384.6 198 378.5 203.9ZM474.9 243.5C481.7 239.3 487.6 233.9 492.4 227.6C483 221.8 471.8 219.3 461.1 217.2C457 216.4 452.7 215.9 448.5 216.2C457.3 225.3 466.1 234.4 474.9 243.5ZM361.1 211.4C354.5 208.9 345 211.5 339 213.6C331.8 216.2 325.3 220.2 319.8 225.4C324.4 230.1 329 234.8 333.6 239.5C343.1 230.4 352 220.8 361.1 211.4ZM401.3 308.3C402.2 308 404.9 305.5 405.3 305.2C416.2 297 427.1 288.7 438 280.5L404.8 244.2C392.9 254.5 381.6 265.7 371.2 277.6C373.1 279.5 374.9 281.4 376.8 283.3C381.7 288.2 386.6 293.2 391.5 298.2C394.1 300.8 396.6 303.4 399.2 306C399.5 306.3 401.6 308.1 401.3 308.3ZM250.9 329.7C250.8 331.4 249.3 333 247.6 333.1C240.6 340.2 233.6 347.4 226.7 354.6C225.9 355.5 224.9 355.7 224 355.6C224.5 362.1 226 368.6 228.4 374.6C231.8 383.2 236.9 390.8 243 397.7C243.2 397.4 243.3 397 243.6 396.7C256.4 380.5 271.2 366.4 287.2 353.5C301.5 341.9 316.3 330.9 329.2 317.6C318.4 306.9 307.8 296 297.4 284.8C281.7 299.4 266.3 314.3 250.9 329.7ZM374 405.1C358.5 380.1 339.5 357.6 317.4 338.1C309.2 345 300.6 351.6 292.2 358.4C289.9 360.2 287.6 362.1 285.4 364C296.5 375.5 307.6 387 318.7 398.5C319.7 399.5 320.1 401.4 319.2 402.7C307.7 419.1 290.1 430 275.6 443.4C259.9 457.9 245.5 473.9 232.8 491.1C231.5 492.9 229 493.5 227.3 491.8C212.8 477.1 206.6 455.9 210.7 435.8C206.6 432 202.6 428.2 198.6 424.3C192.2 418.2 185.3 412.2 179.8 405.3C179.3 404.6 178.8 404 178.4 403.3C154.6 454 190.9 509.5 230.4 541C280 497.6 327.9 452.3 374 405.1ZM179.9 386.5C180.8 395.6 185.6 401.4 191.9 407.6C198 413.6 204.1 419.6 210.3 425.5C212.4 427.5 214.6 429.5 216.7 431.5C216.9 431.7 217.2 431.9 217.4 432.2C227.7 441.7 238.4 450.9 249.8 459.3C255.6 452.8 261.7 446.6 268.1 440.6C270.4 438.4 272.9 436.2 275.3 434.1C251.8 416.7 225.9 397 218.9 367C215.8 354 216.4 339.8 222.4 327.6C224.5 323.2 228.6 315.5 234 314.6C239.1 313.8 243.6 319.1 247.2 323.4C255.3 315.3 263.4 307.3 271.7 299.3C271.4 299.1 271.1 298.8 270.9 298.5C261.2 283.5 249 270.3 234.8 259.5C221.4 269.3 207.8 279.4 197.5 292.6C187.3 305.7 182 321.4 180.1 337.8C178.2 353.7 178.1 370.8 179.9 386.5ZM242.1 328.7C240.6 327.2 239.2 325.7 237.8 324.2C236.5 322.8 236.2 321.6 234.3 322.6C233.3 323.1 232 325.4 231.3 326.4C228.2 330.9 226.2 335.9 225.1 341.2C224.7 343.1 224.4 345.1 224.2 347.1C230.1 340.9 236.1 334.8 242.1 328.7ZM216.8 441.4C214.9 456.6 219.6 472.1 229.5 483.8C234.5 477.2 239.7 470.9 245.1 464.7C235.3 457.5 225.9 449.6 216.8 441.4ZM248.4 401.7C248.1 402.1 247.8 402.4 247.4 402.6C257.1 412.4 268.5 420.8 279.2 428.8C279.7 429.1 280.1 429.6 280.3 430C284.2 426.7 288 423.6 291.9 420.4C299 414.6 306 408.6 311.6 401.3C301.1 390.4 290.6 379.5 280.1 368.6C268.7 378.7 258.1 389.6 248.4 401.7ZM363.2 580.4L363.3 580.5C366.9 579.1 370.3 577.4 373.7 575.3C381.2 570.7 388.1 565.2 394.8 559.5C366.8 532 340.6 502.8 316.3 472C306.7 481.2 297 490.3 287.2 499.3C310.9 527.9 336.3 555 363.2 580.4ZM454.1 477.4C444.8 468.6 435.5 459.9 426.2 451.2C421.5 446.8 416.8 442.4 412.1 438C409.8 435.8 407.4 433.6 405.1 431.4C403.9 430.3 399.4 427 400.1 425.9C400 426 400 426 399.9 426.1C399.8 426.3 399.7 426.5 399.5 426.7C380.3 448.2 359.5 468.3 337.3 486.7C337.3 486.8 337.2 486.8 337.2 486.8C345.7 497 354.4 506.9 363.3 516.7L401.8 488.4C403 487.4 405 487.9 406 488.9C433.7 516 461.4 543.2 489.1 570.4C490.8 572.1 490.2 574.6 488.4 575.9C476 584.5 461.2 587.8 446.4 585.8C436.1 596.7 425.1 606.8 412.6 615.2C411.1 616.2 409.6 617.2 408.1 618.1C429.1 633.5 456 638.9 481.2 631.8C492.1 628.7 502.6 623.4 511.4 616.2C520.9 608.5 528.5 598.6 536.4 589.3C538.9 586.2 541.5 583.2 544.1 580.1C546.4 577.4 549.2 575.4 547.3 571.8C546 569.4 543.4 567.2 541.5 565.2C539.4 562.9 537.3 560.5 535.1 558.2C526.4 548.8 517.6 539.7 508.7 530.6C490.8 512.5 472.5 494.8 454.1 477.4ZM463.8 555.5C454.9 546.7 445.9 538 437 529.2C425.9 540.9 414.2 552.1 401.9 562.6C390.6 572.2 378.8 582.2 364.8 587.6C350.3 593.2 335.8 590.8 322.1 584.3C317.6 582.2 308.7 579.2 310.4 572.6C311.3 569.3 314.8 566.7 317 564.4C320 561.2 323.1 558 326.2 554.8C326.4 554.5 326.7 554.4 326.9 554.2C316.8 543.8 307 533.1 297.5 522.2C287.2 530.6 277 538.9 266.7 547.3C262.1 551 256 554.6 252.3 559.1C248.5 563.9 255.1 570.7 258 574.8C282 608.8 322.3 634.7 365.3 627.5C407.6 620.4 437.6 586.8 463.8 555.5ZM331.6 559.2C331.5 559.5 331.3 559.7 331.1 559.9C328.5 562.6 325.8 565.4 323.2 568.1C321.9 569.4 320.4 570.8 319.2 572.2C318 573.7 317.6 573.4 318.5 574.7C319.8 576.6 325.1 578.2 327.1 579.1C330.3 580.5 333.6 581.7 337 582.6C343.4 584.2 349.7 584.2 355.7 582.9C347.5 575.1 339.5 567.2 331.6 559.2ZM452.3 579.4C462.4 579.8 472.2 577.3 481 572.3C477 568.3 472.9 564.3 468.8 560.3C463.4 566.8 457.9 573.2 452.3 579.4ZM399.8 554.5C399.9 554.6 400 554.8 400.1 554.9C401.8 553.4 403.5 551.9 405.2 550.4C414.5 542 423.4 533.3 432 524.2L403.2 496C391.5 504.6 379.7 513.3 368 521.9C378.3 533 388.9 543.9 399.8 554.5ZM576.4 446.8C576.9 446.4 577.4 446.1 577.9 446C574.8 435.2 569.3 424.5 565.5 416.9C563.6 413.2 561.7 409.6 559.6 406C529.7 431.3 500.4 457.2 471.6 483.8C471.5 483.9 471.3 484 471.2 484.1C481.5 494 491.8 503.9 501.9 513.9C526.8 491.5 551.6 469.2 576.4 446.8ZM627.5 440.1C626.3 429.7 624.5 419.2 621.6 409.2C618.7 399.1 613.2 392.1 605.8 384.8C597.9 377.1 590.1 369.4 582.2 361.7C578.2 357.7 574.1 353.8 570.1 349.8C568.6 348.4 560.5 338.7 558.5 340C557 341 555.5 340.6 554.5 339.6C553.5 340.4 552.6 341.1 551.6 341.9C544.3 347.9 537.1 354 530.2 360.4C530.1 360.5 530.1 360.5 530 360.6C549.6 376 563.8 396.8 574.3 419.3C584 440.1 597.4 471.9 574.2 489C573.3 489.7 571.6 489.7 570.7 489C565.2 484.7 560.5 480 556.4 474.4C546.4 483.4 536.5 492.3 526.5 501.3C534.7 510.3 542.9 519.3 551.1 528.3C555 532.5 558.8 536.9 562.8 541.1C565.5 543.9 567.8 544.5 571.4 542.6C573.6 541.5 575.6 539.9 577.6 538.5C592.9 527.6 606.4 513.9 617 498.4C622.8 490 627.5 481.2 628.6 470.9C629.6 460.7 628.7 450.1 627.5 440.1ZM561.6 469.6C564.7 474 568.4 478 572.5 481.4C580.5 474.3 581.7 464 579.7 453.3C573.7 458.7 567.6 464.2 561.6 469.6Z" />
	<path id="Camada 1 copy" class="shp3" d="M400 783C188.2 783 17 611.8 17 400C17 188.2 188.2 17 400 17C611.8 17 783 188.2 783 400C783 611.8 611.8 783 400 783Z" />
</svg>