<?xml version="1.0" encoding="UTF-8" standalone="no"?>
<svg
   viewBox="0 0 500 500"
   version="1.1"
   id="svg1"
   sodipodi:docname="ded.svg"
   width="500"
   height="500"
   inkscape:version="1.3 (0e150ed6c4, 2023-07-21)"
   xmlns:inkscape="http://www.inkscape.org/namespaces/inkscape"
   xmlns:sodipodi="http://sodipodi.sourceforge.net/DTD/sodipodi-0.dtd"
   xmlns="http://www.w3.org/2000/svg"
   xmlns:svg="http://www.w3.org/2000/svg">
  <defs
     id="defs1" />
  <sodipodi:namedview
     id="namedview1"
     pagecolor="#ffffff"
     bordercolor="#666666"
     borderopacity="1.0"
     inkscape:showpageshadow="2"
     inkscape:pageopacity="0.0"
     inkscape:pagecheckerboard="0"
     inkscape:deskcolor="#d1d1d1"
     inkscape:zoom="1.6777344"
     inkscape:cx="255.70198"
     inkscape:cy="256"
     inkscape:window-width="1920"
     inkscape:window-height="1017"
     inkscape:window-x="-8"
     inkscape:window-y="-8"
     inkscape:window-maximized="1"
     inkscape:current-layer="svg1" />
  <g
     class=""
     style="fill:#3f3f3f;fill-opacity:1"
     transform="matrix(1.0657922,0,0,1.0657922,-21.435032,-23.679776)"
     id="g1">
    <path
       d="m 425.344,24.860764 c -9.027,0.085 -18.7,5.826 -24.344,19.405 -11.143,26.803 -31.93,59.155996 -58.563,93.469996 10.57,8.694 19.85,18.92 27.5,30.31 35.1,-26.57 68.882,-46.81 98.125,-56.75 44.6,-15.159996 12.02,-69.719996 -35.343,-35.342996 26.91,-27.842 11.107,-51.27 -7.376,-51.093 z m -341.22,0.03 c -18.5,0.378 -37.604,23.962 -16.343,49.875 -36.258,-33.49 -68.583,13.355 -30.686,30.687996 28.085,12.844 62.54,35.66 99.062,64.343 8.125,-12.5 18.207,-23.61 29.78,-32.937 -26.782,-35.743 -48.44,-69.834996 -61.78,-98.469996 -4.515,-9.69 -12.22,-13.66 -20.03,-13.5 z m 169.5,99.687996 c -67.104,0 -121.31,54.21 -121.31,121.312 0,44.676 24.04,83.613 59.905,104.656 v 56.406 h 18.718 v -47.468 c 5.203,1.95 10.576,3.552 16.093,4.78 v 42.688 h 18.69 v -40.03 c 2.614,0.167 5.247,0.25 7.905,0.25 2.637,0 5.25,-0.086 7.844,-0.25 v 40.03 h 18.686 v -42.687 c 5.52,-1.226 10.89,-2.834 16.094,-4.78 v 47.467 h 18.688 v -56.342 c 35.92,-21.03 60,-60.003 60,-104.72 0,-67.105 -54.208,-121.313 -121.313,-121.313 z m -66.874,88.218 c 19.88,0 36,16.12 36,36 0,19.88 -16.12,36 -36,36 -19.88,0 -36,-16.12 -36,-36 0,-19.88 16.12,-36 36,-36 z m 133.563,0 c 19.878,0 36,16.12 36,36 0,19.88 -16.122,36 -36,36 -19.88,0 -36,-16.12 -36,-36 0,-19.88 16.12,-36 36,-36 z m -66.72,52.344 29.938,48.188 h -59.874 l 29.938,-48.188 z m -107.28,70.563 c -40.263,32.472 -78.546,58.41 -109.22,72.437 -37.896,17.334 -5.57,64.146 30.688,30.656 -30.237,36.854 21.167,69.05 36.376,36.406 15.072,-32.352 40.727,-71.7 72.438,-112.5 -11.352,-7.506 -21.564,-16.603 -30.28,-27 z m 213.156,1.718 c -8.155,9.415 -17.542,17.72 -27.908,24.69 31.846,39.39 56.82,76.862 69.438,107.217 17.203,41.383 71.774,9.722 31.72,-31.718 47.363,34.376 79.94,-20.185 35.342,-35.345 -32.146,-10.926 -69.758,-34.3 -108.593,-64.844 z"
       fill="#000000"
       fill-opacity="1"
       id="path1"
       style="fill:#3f3f3f;fill-opacity:1" />
  </g>
</svg>
